1 0.022917 0.131713 0.045312 0.068056
0 0.016276 0.083333 0.032031 0.025000
1 0.106901 0.031481 0.048177 0.036111
1 0.078125 0.142361 0.027083 0.068981
1 0.095703 0.123843 0.020573 0.068056
1 0.112500 0.128241 0.024479 0.075000
0 0.128646 0.122454 0.023958 0.063426
1 0.149479 0.117824 0.023958 0.083796
1 0.168750 0.114120 0.018229 0.067130
0 0.181510 0.120602 0.018229 0.068981
1 0.198568 0.112500 0.020052 0.081481
1 0.220312 0.107870 0.020313 0.088889
1 0.236849 0.096991 0.023177 0.087500
1 0.217969 0.010417 0.048438 0.018981
1 0.257292 0.086574 0.021875 0.100926
1 0.278255 0.090509 0.023177 0.078241
1 0.290495 0.086806 0.016927 0.074537
0 0.304557 0.090278 0.021615 0.089815
1 0.320312 0.080093 0.019271 0.095370
1 0.412760 0.094213 0.021354 0.089352
1 0.442448 0.098843 0.020313 0.081944
1 0.479948 0.111806 0.015625 0.073611
1 0.496745 0.099074 0.015885 0.087963
1 0.513151 0.089815 0.021094 0.096296
1 0.533724 0.086574 0.015365 0.089815
1 0.544271 0.103241 0.014583 0.098148
0 0.554297 0.087500 0.017448 0.055556
1 0.611458 0.116435 0.028646 0.082870
1 0.633854 0.185880 0.024479 0.083796
1 0.591797 0.026389 0.017969 0.051852
1 0.061068 0.211111 0.024740 0.077778
1 0.081250 0.205787 0.020833 0.071759
1 0.098698 0.206250 0.022917 0.081944
0 0.118099 0.215972 0.022135 0.068981
1 0.138281 0.217361 0.023958 0.077315
1 0.155208 0.197685 0.035937 0.079630
0 0.179036 0.198611 0.020573 0.071296
0 0.229297 0.196991 0.026302 0.069907
0 0.255599 0.147685 0.044010 0.048148
1 0.245182 0.201389 0.027865 0.075926
1 0.260417 0.202315 0.022917 0.065741
1 0.278776 0.203009 0.025260 0.082870
1 0.293490 0.182407 0.027083 0.075000
0 0.312630 0.190046 0.019010 0.075463
1 0.330208 0.196759 0.023438 0.074074
1 0.358073 0.210648 0.025000 0.071296
1 0.373437 0.206713 0.026562 0.071759
1 0.393229 0.188657 0.022917 0.081019
1 0.414583 0.195833 0.019271 0.073148
1 0.432161 0.201389 0.018490 0.081481
1 0.449219 0.202315 0.023438 0.074074
1 0.469401 0.193519 0.022135 0.077778
1 0.488151 0.191667 0.018490 0.077778
1 0.509375 0.190741 0.018229 0.076852
1 0.525391 0.195833 0.020573 0.077778
0 0.546354 0.192593 0.021354 0.079630
0 0.574870 0.250231 0.037760 0.050463
1 0.555729 0.306250 0.043750 0.036574
1 0.976172 0.164583 0.032552 0.097685
1 0.732943 0.311574 0.050260 0.034259
1 0.780208 0.311806 0.043229 0.031944
1 0.826432 0.317130 0.053385 0.032407
1 0.885547 0.310648 0.054948 0.031481
1 0.882943 0.393287 0.051302 0.043981
1 0.791667 0.408102 0.044792 0.035648
1 0.741536 0.400694 0.045573 0.037500
0 0.970573 0.457407 0.038542 0.066667
0 0.894661 0.354398 0.048177 0.025463
1 0.925130 0.972685 0.053385 0.043519
1 0.861719 0.971296 0.047396 0.037037
1 0.799740 0.970139 0.043750 0.040278
1 0.752604 0.968519 0.048438 0.040741
1 0.325781 0.991204 0.018750 0.017593
0 0.345052 0.988194 0.015625 0.023611
0 0.374219 0.990278 0.018750 0.019444
1 0.357552 0.987731 0.015104 0.024537
1 0.387630 0.991667 0.007552 0.016667
1 0.396224 0.987500 0.011198 0.025000
1 0.408464 0.990046 0.013802 0.019907
1 0.432161 0.989815 0.010677 0.020370
1 0.448958 0.984954 0.015104 0.030093
1 0.466667 0.987963 0.015104 0.024074
1 0.482812 0.985880 0.016667 0.028241
1 0.497526 0.985880 0.016927 0.028241
1 0.515625 0.986343 0.014583 0.027315
1 0.567057 0.966204 0.024740 0.067593
0 0.577865 0.869907 0.023438 0.084259
1 0.546484 0.929167 0.034635 0.076852
1 0.518880 0.925463 0.040365 0.072222
1 0.483594 0.918750 0.028125 0.085648
1 0.467187 0.921296 0.028646 0.078704
1 0.445052 0.915046 0.022396 0.086574
1 0.429036 0.918056 0.025781 0.080556
0 0.404818 0.921065 0.019531 0.087500
1 0.380339 0.923148 0.026302 0.078704
1 0.365625 0.924306 0.025000 0.074537
1 0.346354 0.922222 0.021354 0.080556
1 0.330729 0.924769 0.021875 0.074537
1 0.300521 0.903241 0.024479 0.081481
1 0.289193 0.814815 0.022135 0.082407
1 0.306250 0.791435 0.019271 0.073611
1 0.340234 0.788657 0.030469 0.089352
1 0.353776 0.771759 0.022656 0.069444
1 0.367708 0.779398 0.018750 0.068981
1 0.380208 0.778704 0.031771 0.089815
1 0.407422 0.776389 0.026823 0.072222
1 0.424089 0.780093 0.021094 0.071296
0 0.438151 0.775000 0.020573 0.073148
0 0.472526 0.784722 0.026302 0.071296
1 0.453906 0.788426 0.027083 0.086111
1 0.493490 0.777546 0.021875 0.081944
1 0.512500 0.787500 0.023438 0.066667
1 0.525391 0.779167 0.030990 0.087963
1 0.576042 0.739352 0.019792 0.084259
1 0.542708 0.768519 0.035937 0.070370
1 0.543099 0.693056 0.019010 0.066667
1 0.523438 0.635648 0.022396 0.083333
1 0.510938 0.670139 0.021354 0.072685
1 0.494271 0.679167 0.023958 0.087963
1 0.469661 0.671759 0.021094 0.085185
1 0.454297 0.671759 0.020052 0.075926
1 0.438932 0.680787 0.020573 0.085648
1 0.423307 0.678472 0.014323 0.073611
1 0.411979 0.681019 0.017708 0.063889
0 0.399609 0.667130 0.015885 0.069444
0 0.391146 0.689120 0.016667 0.071759
0 0.379948 0.685648 0.015104 0.068519
0 0.369922 0.681944 0.014844 0.067593
0 0.358854 0.683333 0.012500 0.069444
0 0.350130 0.685648 0.013802 0.066667
0 0.337630 0.686111 0.016927 0.073148
1 0.325651 0.678472 0.019010 0.073611
1 0.310026 0.667130 0.020573 0.089815
1 0.294141 0.666667 0.022656 0.087037
0 0.280339 0.666667 0.016927 0.077778
1 0.267578 0.671296 0.019010 0.067593
1 0.248828 0.651157 0.025781 0.065278
1 0.208464 0.660880 0.023177 0.084722
0 0.238542 0.734722 0.021354 0.082407
1 0.222656 0.739815 0.028646 0.084259
1 0.188932 0.741435 0.021615 0.084722
1 0.176172 0.734491 0.022135 0.080093
1 0.147266 0.737269 0.022656 0.077315
1 0.116406 0.741898 0.022917 0.081019
1 0.078776 0.742593 0.026302 0.082407
1 0.055208 0.734491 0.033333 0.088426
1 0.038021 0.720602 0.027604 0.099537
1 0.021354 0.740046 0.027083 0.090278
1 0.005859 0.740972 0.011198 0.068056
1 0.020182 0.574074 0.039844 0.049074
1 0.039453 0.578472 0.047135 0.056019
1 0.046094 0.543056 0.050521 0.059259
1 0.083203 0.487963 0.031510 0.086111
1 0.105990 0.502778 0.029687 0.085185
1 0.144401 0.553472 0.058073 0.035648
1 0.132031 0.492824 0.030729 0.074537
1 0.159766 0.471991 0.028906 0.086574
1 0.212240 0.513194 0.035937 0.077315
1 0.227995 0.466898 0.022135 0.081944
1 0.250130 0.464120 0.023177 0.066204
1 0.272266 0.474537 0.025781 0.082407
1 0.288281 0.471296 0.023438 0.076852
1 0.305208 0.470602 0.020313 0.084722
1 0.322266 0.469907 0.021094 0.082407
1 0.340885 0.472917 0.017708 0.083796
1 0.357161 0.473843 0.021615 0.080093
1 0.373698 0.459491 0.020833 0.081019
1 0.401823 0.467824 0.027083 0.083796
1 0.422917 0.456713 0.023438 0.084722
1 0.442448 0.465741 0.020313 0.083333
1 0.463281 0.464583 0.024479 0.075463
1 0.478385 0.463657 0.023958 0.063426
0 0.498047 0.469213 0.018490 0.080093
0 0.580078 0.605556 0.014844 0.085185
1 0.518229 0.489120 0.032292 0.081019
1 0.552083 0.492824 0.030729 0.070833
1 0.562760 0.410648 0.020833 0.089815
1 0.524219 0.400231 0.017708 0.080093
1 0.508854 0.393519 0.016667 0.064815
1 0.492708 0.403704 0.019792 0.070370
0 0.472656 0.372222 0.013542 0.075926
1 0.440625 0.374306 0.018750 0.080093
1 0.424479 0.366435 0.017188 0.088426
1 0.374349 0.372222 0.019010 0.063889
1 0.354427 0.376157 0.019792 0.064352
0 0.338281 0.372454 0.019271 0.071759
1 0.319010 0.375463 0.022917 0.081481
1 0.309245 0.365741 0.020052 0.089815
1 0.293750 0.380787 0.021354 0.081019
1 0.273177 0.374306 0.019792 0.077315
1 0.256120 0.371759 0.020573 0.079630
1 0.241016 0.372454 0.023177 0.085648
1 0.219271 0.376852 0.021354 0.068519
1 0.195052 0.375463 0.022917 0.087037
1 0.179297 0.379861 0.020573 0.082870
1 0.164974 0.372454 0.024219 0.083796
1 0.139323 0.395370 0.026042 0.089815
1 0.114193 0.408565 0.027865 0.087500
1 0.103906 0.373611 0.035937 0.075926
1 0.079948 0.391898 0.024479 0.097685
1 0.063021 0.398380 0.026562 0.072685
1 0.051302 0.375694 0.033854 0.076389
1 0.407943 0.368981 0.017448 0.065741
1 0.278516 0.005556 0.019531 0.010185
1 0.097656 0.724537 0.016667 0.036111
