0 0.016406 0.088194 0.032292 0.023611
1 0.023568 0.134259 0.046615 0.068519
1 0.108073 0.029861 0.051042 0.046759
1 0.218490 0.007870 0.044271 0.014815
1 0.275781 0.004861 0.023438 0.008796
1 0.473307 0.009259 0.011198 0.017593
1 0.062760 0.209954 0.029167 0.078241
1 0.079557 0.205787 0.023177 0.068056
1 0.099870 0.207870 0.025260 0.077778
0 0.118490 0.216435 0.023958 0.071759
1 0.077474 0.144907 0.032031 0.063889
1 0.095833 0.126620 0.028646 0.068056
1 0.111589 0.127778 0.019010 0.072222
0 0.126302 0.130324 0.029167 0.069907
1 0.148307 0.121759 0.025260 0.083333
1 0.165365 0.114583 0.023958 0.070833
0 0.183464 0.121759 0.016927 0.063889
1 0.197786 0.113194 0.020052 0.083796
1 0.138021 0.215278 0.023438 0.082407
1 0.155208 0.196528 0.036458 0.077315
0 0.179557 0.200694 0.020573 0.070833
1 0.219792 0.109028 0.024479 0.085648
1 0.239193 0.097222 0.023698 0.085185
1 0.257552 0.090509 0.025000 0.096759
1 0.275651 0.092130 0.025260 0.083333
1 0.289974 0.089583 0.020052 0.068981
0 0.306641 0.092593 0.018490 0.080556
1 0.321484 0.078935 0.018490 0.094907
1 0.414193 0.096991 0.017969 0.088426
1 0.444010 0.100231 0.020313 0.075463
0 0.230078 0.197454 0.026302 0.069907
0 0.255729 0.147454 0.044792 0.049537
1 0.246745 0.202083 0.028385 0.075463
1 0.260937 0.201852 0.026042 0.065741
1 0.280729 0.203472 0.024479 0.082870
1 0.293750 0.183796 0.026562 0.076852
0 0.313672 0.188426 0.022135 0.080556
1 0.330990 0.195139 0.025000 0.078241
1 0.357682 0.207639 0.026823 0.073611
1 0.372526 0.205324 0.026823 0.072685
1 0.392969 0.188889 0.026562 0.079630
1 0.416146 0.195139 0.018750 0.070833
1 0.434245 0.201620 0.020052 0.079167
1 0.596224 0.040509 0.018490 0.080093
0 0.554557 0.084259 0.015885 0.059259
1 0.542969 0.105093 0.013542 0.097222
1 0.533854 0.087269 0.017188 0.089352
1 0.513411 0.092130 0.020573 0.095370
1 0.499219 0.100463 0.022396 0.091667
1 0.481771 0.112500 0.017188 0.069444
1 0.448958 0.202083 0.025000 0.074537
1 0.471615 0.195833 0.025000 0.077778
1 0.489323 0.193519 0.018750 0.079630
1 0.510026 0.192824 0.021615 0.075463
1 0.526432 0.198611 0.021094 0.074074
0 0.547526 0.193287 0.018490 0.078241
0 0.575911 0.243056 0.031510 0.061111
1 0.617578 0.137269 0.028385 0.075463
1 0.637891 0.221991 0.022135 0.082870
1 0.555729 0.306944 0.044792 0.036111
1 0.978906 0.204167 0.034375 0.098148
1 0.886198 0.309954 0.054167 0.034722
1 0.826823 0.317361 0.055208 0.039352
1 0.780599 0.314583 0.040365 0.031944
1 0.732682 0.308102 0.049219 0.043056
1 0.050391 0.378472 0.035156 0.074537
1 0.062891 0.397454 0.026823 0.072685
1 0.080990 0.394444 0.025521 0.091667
1 0.104427 0.375000 0.032813 0.075000
1 0.114193 0.409491 0.026823 0.083796
1 0.139323 0.396065 0.023958 0.093056
1 0.165495 0.372917 0.024740 0.079167
1 0.181380 0.382639 0.020052 0.085648
1 0.197786 0.375231 0.020573 0.087500
1 0.221354 0.379167 0.020313 0.069444
1 0.241146 0.373843 0.021875 0.084722
1 0.257552 0.373148 0.019271 0.081481
1 0.272396 0.373843 0.024479 0.076389
1 0.294922 0.383102 0.022135 0.076389
1 0.308594 0.366435 0.020313 0.087500
1 0.319531 0.376389 0.021354 0.080556
1 0.020443 0.574074 0.038802 0.051852
1 0.039583 0.578241 0.046875 0.056481
1 0.046484 0.544907 0.049740 0.062037
1 0.082812 0.486574 0.032292 0.084259
1 0.107031 0.503704 0.029687 0.085185
1 0.132552 0.494676 0.031250 0.074537
1 0.144792 0.552546 0.056250 0.034722
1 0.160417 0.472685 0.028125 0.085185
1 0.207552 0.488194 0.030729 0.083796
1 0.227865 0.466898 0.022917 0.083796
1 0.251693 0.465046 0.021094 0.064352
1 0.271354 0.476852 0.026562 0.084259
1 0.289323 0.472222 0.021354 0.079630
1 0.304818 0.472222 0.022135 0.082407
1 0.322526 0.471528 0.019010 0.084722
0 0.338281 0.373380 0.018750 0.071759
1 0.338932 0.473148 0.023698 0.082407
1 0.354687 0.376157 0.018750 0.066204
1 0.374740 0.373611 0.019792 0.064815
1 0.408594 0.369907 0.018229 0.068519
1 0.424349 0.367593 0.019531 0.088889
1 0.439714 0.374306 0.014844 0.079167
1 0.562370 0.408565 0.023177 0.093056
1 0.551823 0.494676 0.031771 0.073611
1 0.518750 0.490509 0.032292 0.079167
1 0.525000 0.400926 0.017708 0.079630
1 0.508724 0.393287 0.016406 0.069907
0 0.497786 0.469907 0.017969 0.081481
1 0.494401 0.406250 0.018490 0.069907
0 0.473438 0.373843 0.016146 0.074537
1 0.478776 0.464583 0.024219 0.062500
1 0.462370 0.465972 0.024740 0.073611
1 0.442578 0.467130 0.021094 0.085185
1 0.423177 0.456250 0.026042 0.084722
1 0.402083 0.466435 0.027604 0.083796
1 0.374609 0.461111 0.019010 0.081481
1 0.357682 0.474769 0.022656 0.080093
1 0.742969 0.399769 0.045312 0.041204
1 0.792188 0.408796 0.043750 0.033333
1 0.884245 0.396065 0.048698 0.045833
0 0.917318 0.375000 0.046615 0.041667
0 0.985417 0.491204 0.029167 0.061111
1 0.005990 0.742130 0.011458 0.071296
1 0.022005 0.742593 0.026302 0.088889
1 0.039453 0.719907 0.027865 0.096296
1 0.058984 0.733565 0.028385 0.083796
1 0.079557 0.742824 0.025260 0.074537
1 0.116406 0.742593 0.023958 0.083333
1 0.148438 0.736574 0.022917 0.078704
1 0.177604 0.737269 0.022917 0.076389
1 0.191016 0.742824 0.020052 0.081019
1 0.208333 0.660648 0.023958 0.086111
1 0.221484 0.737963 0.024740 0.087037
0 0.238802 0.736343 0.022396 0.078241
0 0.279036 0.668056 0.018490 0.075000
1 0.248698 0.651620 0.026042 0.064352
1 0.268099 0.672222 0.022135 0.064815
1 0.293880 0.668981 0.024740 0.087037
1 0.310286 0.668056 0.019010 0.087963
1 0.289323 0.812963 0.022396 0.084259
1 0.306120 0.792130 0.021615 0.070370
1 0.325911 0.682639 0.020052 0.070833
0 0.337891 0.686343 0.018490 0.074537
0 0.349089 0.685648 0.015365 0.073148
0 0.358203 0.686806 0.013281 0.071759
0 0.370052 0.685417 0.013542 0.069907
0 0.380208 0.684259 0.013021 0.071296
0 0.391536 0.692593 0.014844 0.073148
0 0.400521 0.668287 0.015625 0.069907
1 0.411979 0.681944 0.019792 0.066667
1 0.423307 0.679167 0.016927 0.070370
1 0.438411 0.684954 0.021615 0.082870
1 0.455208 0.673148 0.021354 0.078704
1 0.470964 0.672917 0.020052 0.083796
1 0.492839 0.679398 0.020052 0.088426
1 0.510677 0.670833 0.020313 0.074074
1 0.522917 0.631019 0.019792 0.087037
1 0.544141 0.693056 0.020573 0.067593
1 0.340495 0.789583 0.029427 0.084722
1 0.353906 0.769907 0.020833 0.068519
1 0.367969 0.779861 0.020833 0.067130
1 0.382422 0.779167 0.028906 0.088889
1 0.406771 0.778704 0.028125 0.071296
1 0.423307 0.781250 0.022135 0.068981
0 0.437500 0.775231 0.018750 0.072685
0 0.472917 0.786343 0.027083 0.074537
1 0.453776 0.788194 0.026823 0.086574
1 0.493750 0.781713 0.022917 0.083796
1 0.512891 0.789120 0.023698 0.064352
1 0.525000 0.779398 0.030729 0.086574
0 0.577344 0.646759 0.014063 0.086111
1 0.543880 0.770370 0.037240 0.069444
1 0.575781 0.788889 0.019271 0.085185
1 0.300260 0.904167 0.022917 0.079630
1 0.330208 0.925000 0.019792 0.072222
1 0.345833 0.924769 0.019792 0.077315
1 0.365104 0.928935 0.019271 0.073611
1 0.380339 0.925000 0.025781 0.077778
0 0.404818 0.923148 0.019010 0.083333
1 0.427995 0.918287 0.022656 0.079167
1 0.444010 0.916204 0.023438 0.087037
1 0.467057 0.923380 0.027865 0.077315
1 0.484375 0.921528 0.023438 0.081019
1 0.519010 0.923843 0.038021 0.071759
1 0.545703 0.928935 0.034115 0.073611
1 0.327604 0.991667 0.016667 0.016667
0 0.345313 0.989352 0.017188 0.021296
1 0.358464 0.987500 0.014844 0.025000
0 0.375130 0.990509 0.017448 0.018981
1 0.387891 0.993287 0.008073 0.013426
1 0.396615 0.988194 0.009375 0.023611
1 0.408333 0.991898 0.011458 0.016204
1 0.432422 0.991204 0.010677 0.017593
1 0.448698 0.985880 0.013542 0.028241
1 0.466667 0.989352 0.012500 0.021296
1 0.482943 0.985417 0.013802 0.029167
1 0.496875 0.986343 0.016667 0.027315
1 0.515365 0.986111 0.013542 0.027778
1 0.564453 0.965741 0.020573 0.068519
0 0.585156 0.917130 0.022917 0.084259
1 0.753385 0.967361 0.050000 0.040278
1 0.801172 0.971528 0.042969 0.039352
1 0.862891 0.973380 0.049740 0.036574
1 0.925781 0.975231 0.054688 0.039352
1 0.098177 0.724769 0.016146 0.034722
