0 0.016797 0.086806 0.033073 0.024537
1 0.023568 0.134259 0.046615 0.065741
1 0.062370 0.211111 0.027344 0.076852
1 0.076953 0.144676 0.030469 0.068056
1 0.079557 0.205787 0.026823 0.068056
1 0.099740 0.207639 0.026562 0.077315
1 0.108073 0.028704 0.049479 0.044444
1 0.096484 0.126157 0.022135 0.067130
1 0.113021 0.125694 0.018229 0.071759
0 0.127604 0.129861 0.028125 0.069907
1 0.149609 0.121296 0.022656 0.079630
1 0.166016 0.114815 0.022656 0.071296
0 0.183984 0.121528 0.015885 0.065278
1 0.197786 0.112963 0.023177 0.084259
1 0.219922 0.109722 0.025260 0.085185
1 0.240365 0.097685 0.025000 0.086111
1 0.257943 0.090509 0.026302 0.096759
1 0.277083 0.091667 0.022917 0.080556
1 0.291276 0.090046 0.016406 0.068056
0 0.307031 0.092593 0.018229 0.079630
1 0.321224 0.078472 0.020052 0.095833
0 0.118880 0.216898 0.021094 0.070833
1 0.138672 0.214815 0.023177 0.081481
1 0.155599 0.196296 0.036198 0.075926
0 0.180078 0.200000 0.021094 0.071296
0 0.230339 0.196528 0.026302 0.071759
0 0.255859 0.148843 0.044010 0.047685
1 0.246615 0.201620 0.026042 0.074537
1 0.261068 0.201852 0.025260 0.067593
1 0.280339 0.203241 0.024740 0.082407
1 0.294792 0.184028 0.025521 0.079167
0 0.313411 0.189352 0.021094 0.077778
1 0.218880 0.008565 0.045052 0.016204
1 0.276172 0.005324 0.024219 0.009722
1 0.331641 0.196296 0.022135 0.076852
1 0.358594 0.209722 0.026042 0.070370
1 0.373828 0.206250 0.027344 0.072685
1 0.392448 0.189120 0.025521 0.081944
1 0.415234 0.096528 0.019010 0.088426
1 0.416146 0.195602 0.019792 0.069907
1 0.444271 0.100463 0.018750 0.076852
1 0.433333 0.202083 0.020313 0.079167
1 0.449479 0.203009 0.024479 0.075463
1 0.470313 0.195139 0.021875 0.079167
1 0.474740 0.007407 0.012500 0.013889
1 0.481641 0.111574 0.015365 0.070370
1 0.488802 0.194676 0.018229 0.078241
1 0.509505 0.192824 0.022135 0.074537
1 0.526693 0.198611 0.022656 0.075926
1 0.499219 0.101389 0.020313 0.092593
1 0.516146 0.092593 0.020833 0.093519
1 0.533984 0.087731 0.017448 0.087500
1 0.544271 0.105093 0.015625 0.094444
0 0.554818 0.087500 0.014323 0.056481
0 0.547266 0.193056 0.021615 0.076852
0 0.578516 0.232176 0.025260 0.072685
1 0.598568 0.072685 0.017969 0.082407
1 0.625651 0.153241 0.031510 0.069444
1 0.635417 0.248843 0.022396 0.083796
1 0.556510 0.305556 0.044271 0.038889
1 0.980990 0.240509 0.035417 0.098611
1 0.885677 0.309491 0.053646 0.033796
1 0.827474 0.318056 0.054427 0.036111
1 0.780599 0.312731 0.039844 0.029167
1 0.733333 0.307176 0.047917 0.041204
1 0.051823 0.378704 0.034375 0.078704
1 0.063672 0.396991 0.026302 0.071759
1 0.080859 0.393981 0.027344 0.092593
1 0.105599 0.374769 0.033594 0.075463
1 0.116016 0.409491 0.027344 0.082870
1 0.139844 0.394676 0.024479 0.091204
1 0.165365 0.373380 0.025521 0.081944
1 0.181771 0.380556 0.019271 0.085185
1 0.196745 0.375694 0.020052 0.089352
1 0.221094 0.377778 0.021875 0.066667
1 0.083203 0.486111 0.031510 0.083333
1 0.106901 0.502083 0.027344 0.083796
1 0.132812 0.493287 0.029687 0.072685
1 0.160286 0.472685 0.027344 0.084259
1 0.146224 0.553009 0.059115 0.031944
1 0.207682 0.462731 0.023177 0.086574
1 0.228385 0.467130 0.020833 0.084259
1 0.242708 0.372917 0.021875 0.083796
1 0.256901 0.372917 0.021615 0.081019
1 0.271875 0.373611 0.023438 0.077778
1 0.294010 0.381944 0.020833 0.079630
1 0.309115 0.365278 0.019792 0.088889
1 0.319661 0.375926 0.021094 0.079630
1 0.252083 0.463889 0.020833 0.068519
1 0.271875 0.476157 0.023958 0.082870
1 0.290104 0.471296 0.020833 0.074074
1 0.305729 0.471296 0.019792 0.085185
1 0.322656 0.470602 0.019792 0.081019
1 0.340104 0.473611 0.020313 0.083333
0 0.338672 0.373148 0.017969 0.071296
1 0.354557 0.376852 0.019010 0.065741
1 0.374479 0.372454 0.019271 0.063426
1 0.408464 0.371065 0.016927 0.065278
1 0.424349 0.367593 0.017448 0.087963
1 0.440104 0.374306 0.016667 0.078241
1 0.357552 0.473843 0.022917 0.078241
1 0.371484 0.459259 0.024219 0.083333
1 0.402474 0.467593 0.027344 0.080556
1 0.423307 0.457870 0.026302 0.084259
1 0.443620 0.466667 0.021094 0.082407
1 0.462891 0.465972 0.023698 0.072685
0 0.473047 0.372917 0.015885 0.073611
1 0.494531 0.406944 0.017188 0.062963
1 0.478646 0.465278 0.023438 0.062037
0 0.497786 0.469213 0.017448 0.078241
1 0.520182 0.488194 0.032552 0.084722
1 0.551823 0.495602 0.031771 0.074537
1 0.562500 0.409954 0.022917 0.091204
1 0.525130 0.400694 0.015885 0.080093
1 0.509635 0.391435 0.016667 0.067130
1 0.742839 0.399074 0.045573 0.039815
1 0.791927 0.408565 0.043229 0.032870
1 0.883464 0.394907 0.050260 0.044444
0 0.937500 0.400463 0.045312 0.061111
1 0.020703 0.574306 0.040365 0.051389
1 0.040104 0.577315 0.045833 0.059259
1 0.047396 0.543981 0.049479 0.057407
1 0.006380 0.742361 0.012240 0.070833
1 0.022266 0.740509 0.025260 0.085648
1 0.036719 0.720139 0.031771 0.092130
1 0.055990 0.733796 0.029687 0.082407
1 0.078646 0.743519 0.028125 0.078704
1 0.117057 0.742824 0.020052 0.081019
1 0.147917 0.737269 0.023958 0.079167
1 0.176823 0.736111 0.021354 0.075000
1 0.190495 0.743056 0.021615 0.080556
1 0.208333 0.659491 0.023438 0.086574
1 0.221094 0.738657 0.025000 0.087500
0 0.238802 0.734722 0.021875 0.078704
1 0.249740 0.652315 0.024479 0.065741
1 0.267578 0.671528 0.021615 0.068056
0 0.279818 0.667593 0.016927 0.075000
1 0.295573 0.666898 0.023958 0.088426
1 0.310286 0.665972 0.020052 0.087500
1 0.326302 0.680787 0.020313 0.072685
0 0.337760 0.685417 0.017188 0.071759
0 0.349740 0.686111 0.014583 0.070370
0 0.359115 0.686111 0.012500 0.070370
0 0.370703 0.683565 0.016406 0.069907
0 0.380990 0.685880 0.013542 0.068056
0 0.391406 0.688657 0.013542 0.073611
0 0.399870 0.666204 0.015365 0.066667
1 0.413411 0.681713 0.018490 0.066204
1 0.423177 0.679630 0.017188 0.072222
1 0.438672 0.683565 0.019531 0.083796
1 0.455599 0.672454 0.017969 0.079167
1 0.471224 0.673380 0.019010 0.082870
1 0.493099 0.679630 0.021615 0.086111
1 0.510807 0.674306 0.019531 0.068056
1 0.522526 0.627083 0.019010 0.087500
1 0.544010 0.694444 0.018750 0.066667
0 0.578906 0.687269 0.016667 0.088426
1 0.290365 0.814583 0.022917 0.082870
1 0.305599 0.790741 0.023698 0.068519
1 0.340885 0.789120 0.029167 0.083796
1 0.354167 0.769676 0.021875 0.069907
1 0.368620 0.780324 0.019531 0.066204
1 0.381641 0.776389 0.032031 0.089815
1 0.407292 0.778472 0.027604 0.071759
1 0.424349 0.780093 0.021094 0.069444
0 0.438281 0.774074 0.019271 0.074074
1 0.454688 0.788657 0.025521 0.085648
0 0.472526 0.785648 0.026823 0.075926
1 0.493229 0.780324 0.025521 0.080093
1 0.513151 0.788889 0.024219 0.062963
1 0.524870 0.778472 0.031510 0.087500
1 0.543750 0.770370 0.035937 0.068519
1 0.300391 0.904167 0.023698 0.080556
1 0.330990 0.925463 0.020313 0.074074
1 0.346745 0.925463 0.020573 0.079630
1 0.365365 0.928009 0.022396 0.074537
1 0.380078 0.924074 0.025781 0.077778
0 0.405339 0.921759 0.019010 0.084259
1 0.428776 0.918519 0.021094 0.076852
1 0.444141 0.916898 0.023177 0.085648
1 0.467969 0.924306 0.027083 0.080093
1 0.485547 0.920833 0.022135 0.081481
1 0.519141 0.924074 0.038802 0.072222
1 0.546224 0.929167 0.034115 0.075000
1 0.328516 0.990741 0.013802 0.018519
0 0.346094 0.988889 0.017188 0.022222
1 0.358724 0.987963 0.013281 0.024074
0 0.375130 0.990509 0.016406 0.018981
1 0.387370 0.994213 0.008594 0.011574
1 0.396484 0.988426 0.010156 0.023148
1 0.408203 0.992130 0.013281 0.015741
1 0.432292 0.990509 0.011979 0.018981
1 0.448568 0.985417 0.012760 0.029167
1 0.467448 0.988889 0.011458 0.022222
1 0.483464 0.985880 0.013802 0.028241
1 0.496745 0.986111 0.017969 0.027778
1 0.515625 0.986111 0.013542 0.027778
1 0.581901 0.831019 0.021615 0.085185
1 0.565365 0.965741 0.020313 0.068519
0 0.594141 0.962037 0.024740 0.075926
1 0.753516 0.968519 0.049219 0.036111
1 0.800391 0.970833 0.044531 0.038889
1 0.862370 0.973611 0.048177 0.033333
1 0.925391 0.973843 0.055469 0.038426
1 0.098568 0.725000 0.015365 0.038889
