0 0.016797 0.087731 0.033073 0.022685
1 0.024609 0.134722 0.047656 0.064815
1 0.108073 0.029630 0.050521 0.043519
1 0.078516 0.143981 0.032031 0.063889
1 0.063281 0.211574 0.029167 0.075926
1 0.080078 0.205787 0.029427 0.069907
1 0.099870 0.206481 0.027344 0.080556
0 0.118750 0.216898 0.024479 0.072685
1 0.139323 0.216204 0.024479 0.083333
1 0.156380 0.198611 0.040365 0.077778
0 0.181380 0.200463 0.021615 0.068519
0 0.230859 0.196991 0.026302 0.069907
0 0.257292 0.148611 0.042708 0.049074
1 0.097005 0.127778 0.021094 0.066667
1 0.113021 0.127083 0.017188 0.072685
0 0.128255 0.130556 0.027344 0.066667
1 0.148828 0.123380 0.025260 0.078241
1 0.165885 0.113657 0.022917 0.069907
0 0.183724 0.122454 0.015885 0.063426
1 0.219922 0.009259 0.046615 0.017593
1 0.199479 0.112963 0.022396 0.086111
1 0.220312 0.109954 0.022917 0.084722
1 0.240755 0.097222 0.021615 0.083333
1 0.258854 0.090972 0.021875 0.097685
1 0.277474 0.093056 0.024219 0.079630
1 0.291406 0.091667 0.018750 0.070370
0 0.307812 0.093519 0.017708 0.081481
1 0.321615 0.078935 0.019792 0.096759
1 0.276042 0.005093 0.024479 0.009259
1 0.247266 0.203241 0.025781 0.076852
1 0.261849 0.202315 0.024219 0.070370
1 0.280599 0.203935 0.026302 0.085648
1 0.295964 0.184491 0.025781 0.075463
0 0.313672 0.189583 0.023177 0.080093
1 0.331510 0.196296 0.023958 0.075000
1 0.359115 0.210648 0.027604 0.073148
1 0.374089 0.206713 0.028385 0.074537
1 0.474740 0.009028 0.011458 0.017130
1 0.414714 0.097222 0.019010 0.087963
1 0.443620 0.100000 0.021615 0.077778
1 0.481901 0.112963 0.016406 0.072222
1 0.499479 0.102546 0.016667 0.091204
1 0.515234 0.092824 0.021094 0.092130
1 0.534115 0.088889 0.015625 0.087037
1 0.543750 0.104630 0.011458 0.095370
0 0.555208 0.087037 0.013021 0.055556
0 0.546745 0.192824 0.019531 0.076389
0 0.579818 0.218750 0.021094 0.073611
1 0.393359 0.190509 0.026302 0.082870
1 0.416276 0.195602 0.019531 0.069907
1 0.434245 0.203704 0.019010 0.075926
1 0.450260 0.201852 0.022917 0.077778
1 0.470443 0.197222 0.021094 0.075926
1 0.489974 0.194907 0.019531 0.077778
1 0.510026 0.192824 0.020052 0.073611
1 0.526953 0.200231 0.018490 0.070833
1 0.600911 0.107407 0.017969 0.083333
1 0.636979 0.179861 0.030208 0.075463
1 0.562109 0.301852 0.042448 0.042593
1 0.630859 0.286343 0.020573 0.077315
1 0.733724 0.308333 0.048177 0.041667
1 0.780339 0.313657 0.040365 0.033796
1 0.827214 0.316898 0.054948 0.032870
1 0.886719 0.310185 0.054167 0.033333
1 0.983203 0.275463 0.030990 0.096296
1 0.053516 0.378009 0.033594 0.076389
1 0.064714 0.398843 0.027344 0.068056
1 0.083464 0.393287 0.023177 0.088426
1 0.103385 0.375926 0.037500 0.073148
1 0.116536 0.411343 0.025260 0.083796
1 0.140234 0.397685 0.023177 0.088889
1 0.166016 0.372917 0.025260 0.082870
1 0.180599 0.382407 0.022135 0.083333
1 0.196484 0.375694 0.021094 0.085648
1 0.221094 0.379398 0.021354 0.067130
1 0.242839 0.373843 0.022656 0.086574
1 0.255859 0.373611 0.023698 0.081481
1 0.272526 0.374769 0.024740 0.076389
1 0.295312 0.382407 0.020833 0.078704
1 0.309245 0.366667 0.020052 0.087963
1 0.319922 0.377083 0.021094 0.077315
0 0.340104 0.375000 0.017188 0.075000
1 0.020703 0.574306 0.040885 0.053241
1 0.041536 0.578472 0.044010 0.056944
1 0.047396 0.543750 0.048438 0.058796
1 0.082943 0.487500 0.030990 0.086111
1 0.108073 0.504398 0.029167 0.083796
1 0.133203 0.493750 0.029427 0.072685
1 0.160547 0.473611 0.028906 0.084259
1 0.208594 0.445370 0.020833 0.084259
1 0.229687 0.467593 0.021354 0.080556
1 0.252083 0.464583 0.020313 0.067130
1 0.145573 0.555787 0.057292 0.035648
1 0.272135 0.476620 0.026562 0.083796
1 0.290625 0.472454 0.020313 0.077315
1 0.305078 0.473380 0.022135 0.083796
1 0.324479 0.471528 0.020833 0.081944
1 0.341536 0.474537 0.019531 0.083333
1 0.355469 0.378241 0.018750 0.064815
1 0.375391 0.373148 0.019531 0.065741
1 0.408724 0.371296 0.018490 0.068519
1 0.425260 0.367361 0.018750 0.086574
1 0.440495 0.375231 0.016927 0.082870
0 0.474609 0.374074 0.014844 0.075926
1 0.494661 0.407639 0.016927 0.066204
1 0.511198 0.395370 0.016146 0.064815
1 0.526563 0.402315 0.016146 0.081481
1 0.562500 0.410417 0.021354 0.090278
1 0.358984 0.474769 0.021094 0.079167
1 0.375260 0.461806 0.019271 0.084722
1 0.402865 0.469444 0.027083 0.082407
1 0.424740 0.456250 0.023958 0.082870
1 0.444271 0.467824 0.018229 0.081944
1 0.463802 0.464815 0.023958 0.075926
1 0.478646 0.464583 0.021875 0.064352
0 0.499479 0.469676 0.017188 0.081944
1 0.519792 0.489120 0.031250 0.082870
1 0.552995 0.495602 0.031510 0.071759
1 0.743620 0.402315 0.044531 0.037037
1 0.792448 0.410185 0.045312 0.032407
1 0.884375 0.395602 0.050000 0.044907
0 0.953906 0.427315 0.042188 0.057407
1 0.006641 0.745139 0.012760 0.069907
1 0.021615 0.739815 0.023958 0.085185
1 0.040104 0.722222 0.027083 0.098148
1 0.058464 0.734259 0.028385 0.087963
1 0.078385 0.743750 0.023438 0.076389
1 0.118490 0.742824 0.020313 0.083796
1 0.149349 0.737037 0.022135 0.076852
1 0.176953 0.737269 0.020052 0.077315
1 0.190104 0.742361 0.022917 0.083796
1 0.209115 0.660880 0.023958 0.086574
1 0.222526 0.740046 0.023698 0.085648
0 0.239974 0.736343 0.021094 0.077315
1 0.250000 0.651157 0.025000 0.067130
1 0.268229 0.673380 0.020313 0.067130
0 0.281510 0.669213 0.016667 0.076389
1 0.296484 0.668287 0.023698 0.087500
1 0.310677 0.667824 0.019792 0.086574
1 0.326693 0.681944 0.019010 0.070370
0 0.338411 0.685880 0.017448 0.075463
0 0.351042 0.687731 0.013542 0.073611
0 0.359115 0.686111 0.012500 0.074074
0 0.372135 0.684028 0.013021 0.071759
0 0.381510 0.687500 0.013542 0.071296
0 0.391146 0.688889 0.014583 0.075000
0 0.400391 0.667130 0.016406 0.070370
1 0.413672 0.683102 0.019531 0.065278
1 0.424740 0.678241 0.014583 0.073148
1 0.439323 0.685185 0.017708 0.082407
1 0.456250 0.673380 0.019271 0.077315
1 0.471745 0.673148 0.017969 0.086111
1 0.493359 0.680787 0.021615 0.085648
1 0.512240 0.674306 0.020313 0.070833
1 0.290365 0.815972 0.022917 0.083796
1 0.307031 0.791898 0.020833 0.069907
1 0.342318 0.789583 0.028906 0.083796
1 0.355339 0.771991 0.020052 0.069907
1 0.368880 0.781481 0.019531 0.067593
1 0.381901 0.778472 0.030990 0.090278
1 0.408333 0.778935 0.027083 0.070833
1 0.424089 0.781481 0.021094 0.067593
0 0.437500 0.776157 0.018750 0.074537
0 0.473307 0.785648 0.025260 0.073148
1 0.454818 0.789815 0.026302 0.089815
1 0.494401 0.782176 0.022135 0.082870
1 0.512630 0.790509 0.022135 0.062500
1 0.526302 0.780324 0.030729 0.087500
1 0.544271 0.770370 0.036458 0.071296
1 0.544922 0.694213 0.017969 0.068981
1 0.524349 0.621991 0.020573 0.085648
0 0.580599 0.729398 0.016927 0.089352
1 0.301823 0.904167 0.023438 0.080556
1 0.331901 0.926389 0.019010 0.073148
1 0.347005 0.925463 0.020052 0.078704
1 0.366927 0.928472 0.022396 0.074537
1 0.381771 0.925463 0.026042 0.079630
0 0.405729 0.924074 0.019792 0.083333
1 0.428255 0.918287 0.022656 0.079167
1 0.444141 0.917361 0.024219 0.085648
1 0.468229 0.922222 0.027604 0.078704
1 0.486458 0.921991 0.023958 0.081019
1 0.519661 0.924306 0.038281 0.069907
1 0.547526 0.934954 0.035677 0.084722
1 0.327865 0.991667 0.017188 0.016667
0 0.346484 0.988889 0.016406 0.022222
0 0.375911 0.990278 0.016927 0.019444
1 0.359115 0.988426 0.013021 0.023148
1 0.387630 0.993519 0.009115 0.012963
1 0.398307 0.989120 0.011198 0.021759
1 0.409245 0.992130 0.012760 0.015741
1 0.432943 0.991435 0.012240 0.017130
1 0.449089 0.985648 0.013802 0.028704
1 0.467969 0.989352 0.013542 0.021296
1 0.484245 0.985880 0.015885 0.028241
1 0.498698 0.986574 0.017708 0.026852
1 0.516276 0.986343 0.013802 0.027315
1 0.589714 0.877546 0.023698 0.082870
1 0.565104 0.965741 0.020313 0.068519
1 0.754948 0.968981 0.049479 0.040741
1 0.800651 0.971759 0.045052 0.039815
1 0.862630 0.973380 0.049740 0.035648
1 0.926562 0.973380 0.054167 0.039352
1 0.097656 0.725694 0.016667 0.038426
