0 0.016667 0.089583 0.032813 0.025463
1 0.023698 0.136343 0.046875 0.066204
1 0.108984 0.032870 0.049740 0.048148
1 0.078255 0.146065 0.032552 0.064352
1 0.095573 0.128704 0.029167 0.066667
1 0.112891 0.128935 0.019010 0.072685
0 0.127865 0.132639 0.031771 0.068056
1 0.149219 0.124769 0.026042 0.076389
1 0.165755 0.115972 0.024740 0.068056
0 0.184766 0.123148 0.016927 0.063889
1 0.197917 0.114352 0.022396 0.086111
1 0.063021 0.213194 0.025521 0.074537
1 0.080078 0.207176 0.026302 0.069907
1 0.099870 0.209722 0.024740 0.077778
0 0.118620 0.219213 0.024740 0.070833
1 0.137500 0.217130 0.022396 0.082407
1 0.155859 0.199769 0.037240 0.077315
0 0.180339 0.203472 0.019531 0.068981
1 0.219531 0.009491 0.045833 0.018056
1 0.275000 0.005787 0.026042 0.010648
1 0.220443 0.109722 0.023177 0.084259
1 0.241016 0.098843 0.024740 0.084722
1 0.258203 0.092130 0.021615 0.096296
1 0.276562 0.093056 0.024479 0.083333
1 0.291276 0.092361 0.017969 0.067130
0 0.307682 0.094444 0.017448 0.081481
1 0.321615 0.080324 0.019271 0.094907
0 0.231120 0.199537 0.026302 0.071296
0 0.256771 0.150231 0.043750 0.045833
1 0.246484 0.204167 0.025260 0.073148
1 0.260807 0.204630 0.026302 0.067593
1 0.280729 0.206019 0.025000 0.082407
1 0.295443 0.186111 0.025781 0.076852
0 0.314063 0.190741 0.021354 0.077778
1 0.332031 0.198148 0.023438 0.075926
1 0.359245 0.212963 0.025260 0.069444
1 0.374479 0.208102 0.027083 0.072685
1 0.392578 0.190972 0.024740 0.081019
1 0.416146 0.196759 0.017708 0.069444
1 0.415625 0.098148 0.017188 0.085185
1 0.444792 0.101620 0.019271 0.077315
1 0.434505 0.203472 0.018490 0.077315
1 0.450000 0.204398 0.023438 0.074537
1 0.475391 0.007639 0.009635 0.014352
1 0.470573 0.198611 0.022396 0.081481
1 0.482812 0.114120 0.015625 0.068056
1 0.499479 0.102546 0.019271 0.090278
1 0.515885 0.093287 0.021354 0.093981
1 0.534115 0.088426 0.017188 0.087963
1 0.545182 0.106250 0.013281 0.094907
0 0.554297 0.086111 0.014323 0.054630
1 0.602214 0.148611 0.016927 0.080556
1 0.648828 0.218287 0.030990 0.076389
0 0.577995 0.206250 0.017448 0.074537
0 0.548438 0.194213 0.020313 0.074537
1 0.527083 0.199537 0.019271 0.076852
1 0.510547 0.195139 0.020052 0.075463
1 0.489323 0.195602 0.017708 0.078241
1 0.051172 0.380787 0.035156 0.074537
1 0.064453 0.400000 0.025781 0.069444
1 0.084635 0.395139 0.023438 0.089352
1 0.104688 0.377315 0.034896 0.074074
1 0.116276 0.412269 0.025260 0.083796
1 0.139714 0.397917 0.023698 0.090278
1 0.166276 0.374769 0.024740 0.083796
1 0.083984 0.489352 0.030990 0.084259
1 0.107552 0.505093 0.029167 0.082407
1 0.133594 0.495602 0.029167 0.070833
1 0.160807 0.474769 0.028385 0.082870
1 0.180990 0.382639 0.021354 0.084722
1 0.194922 0.377315 0.025260 0.086111
1 0.209115 0.441204 0.021875 0.085185
1 0.220703 0.380787 0.021615 0.067130
1 0.230339 0.468287 0.019531 0.081944
1 0.242839 0.375000 0.021094 0.084259
1 0.255859 0.374537 0.023698 0.080556
1 0.272396 0.375231 0.022917 0.075463
1 0.294792 0.384028 0.021875 0.078241
1 0.251432 0.467130 0.022656 0.066667
1 0.271875 0.479167 0.028125 0.083333
1 0.290625 0.473611 0.020313 0.075926
1 0.308724 0.368750 0.019531 0.089352
1 0.319922 0.378472 0.019531 0.079167
0 0.339453 0.375231 0.016927 0.071759
1 0.355469 0.378935 0.018229 0.063426
1 0.375130 0.375231 0.019010 0.063426
1 0.409245 0.372917 0.016927 0.066204
1 0.304688 0.474306 0.023438 0.084722
1 0.323698 0.472685 0.021875 0.081481
1 0.341146 0.475231 0.022396 0.082870
1 0.357422 0.476389 0.024219 0.078704
1 0.372396 0.462963 0.024479 0.083333
1 0.402344 0.470139 0.027083 0.081019
1 0.424479 0.369444 0.015104 0.087037
1 0.440495 0.375694 0.015365 0.081019
1 0.424740 0.459954 0.023438 0.084722
1 0.444531 0.468750 0.016667 0.081019
1 0.463932 0.468519 0.022656 0.074074
1 0.479036 0.467130 0.022656 0.062037
0 0.473438 0.375231 0.011979 0.072685
1 0.495312 0.407407 0.017188 0.065741
1 0.510677 0.396296 0.013542 0.062963
1 0.526432 0.403472 0.016406 0.077315
1 0.563021 0.411806 0.020313 0.089352
1 0.554036 0.493750 0.030469 0.070833
1 0.520312 0.489815 0.030729 0.080556
0 0.498307 0.471296 0.016927 0.078704
1 0.570052 0.296759 0.040104 0.041667
1 0.622135 0.327315 0.022917 0.075926
1 0.733203 0.309491 0.048177 0.043981
1 0.780599 0.315741 0.039844 0.029630
1 0.827344 0.319444 0.054167 0.035185
1 0.886719 0.311343 0.053125 0.034722
1 0.883464 0.396296 0.049219 0.042593
1 0.743229 0.401157 0.044271 0.039352
1 0.792578 0.409491 0.044010 0.034722
1 0.985286 0.309722 0.029427 0.094444
0 0.976562 0.458565 0.042708 0.054167
1 0.020573 0.576852 0.040625 0.050926
1 0.041146 0.578935 0.043750 0.057870
1 0.047266 0.546296 0.049219 0.057407
1 0.146224 0.556944 0.057031 0.035185
1 0.006380 0.743287 0.012240 0.068056
1 0.020833 0.740278 0.022396 0.081481
1 0.039583 0.722917 0.026042 0.093981
1 0.056380 0.736343 0.032552 0.081944
1 0.079036 0.747685 0.026302 0.086111
1 0.118750 0.743519 0.019271 0.081481
1 0.098958 0.729861 0.015625 0.040278
1 0.148568 0.739120 0.022656 0.079167
1 0.177344 0.738426 0.020833 0.076852
1 0.190104 0.745602 0.021354 0.082870
1 0.208594 0.661806 0.024479 0.085648
1 0.221875 0.741898 0.023958 0.086574
0 0.240365 0.737037 0.020833 0.078704
1 0.249870 0.653241 0.024740 0.064815
1 0.267839 0.673148 0.019531 0.067593
0 0.280990 0.670370 0.014583 0.074074
1 0.297266 0.669444 0.025260 0.086111
1 0.311068 0.669213 0.017969 0.087500
1 0.290755 0.817593 0.022656 0.083333
1 0.306510 0.793981 0.020313 0.070370
1 0.326823 0.684722 0.020313 0.071296
0 0.338151 0.687500 0.014323 0.073148
0 0.350651 0.688657 0.012760 0.071759
0 0.360286 0.687963 0.011719 0.070370
0 0.371354 0.686343 0.011979 0.070833
0 0.381250 0.688657 0.013021 0.070833
0 0.391797 0.691204 0.013802 0.071296
0 0.401042 0.669213 0.014583 0.068056
1 0.413802 0.684259 0.019271 0.065741
1 0.341797 0.791898 0.029427 0.084722
1 0.355469 0.771296 0.020833 0.069444
1 0.368750 0.782407 0.019271 0.067593
1 0.382161 0.779630 0.031510 0.088889
1 0.408073 0.780093 0.028125 0.071296
1 0.424870 0.781713 0.020573 0.068981
0 0.438411 0.776852 0.017448 0.074074
1 0.454688 0.791667 0.026042 0.085185
1 0.424609 0.680787 0.014323 0.070833
1 0.439714 0.685417 0.018490 0.081944
1 0.455990 0.674769 0.018750 0.075463
1 0.471484 0.674769 0.019531 0.083796
0 0.473307 0.789120 0.025781 0.074537
1 0.494531 0.782870 0.021875 0.080556
1 0.513411 0.790972 0.022656 0.061574
1 0.526432 0.781019 0.029948 0.087037
1 0.544401 0.771759 0.035677 0.068519
1 0.493880 0.681944 0.022135 0.087037
1 0.511849 0.673843 0.020573 0.071759
1 0.525000 0.615741 0.021354 0.087037
1 0.544922 0.696065 0.019010 0.068056
0 0.585677 0.771759 0.019271 0.087963
1 0.302083 0.906481 0.022396 0.082407
1 0.328516 0.992593 0.016927 0.014815
1 0.331901 0.926852 0.018490 0.073148
1 0.347266 0.925463 0.020573 0.076852
1 0.365885 0.930556 0.022917 0.075926
1 0.380469 0.926157 0.026042 0.080093
0 0.406510 0.925231 0.021875 0.085648
0 0.346094 0.990046 0.016146 0.019907
0 0.375911 0.991435 0.016927 0.017130
1 0.359766 0.988194 0.013281 0.023611
1 0.388672 0.995139 0.007031 0.009722
1 0.397526 0.988889 0.009635 0.022222
1 0.408984 0.993287 0.013281 0.013426
1 0.428906 0.919676 0.022917 0.081019
1 0.444922 0.918287 0.023698 0.088426
1 0.433464 0.992130 0.009635 0.015741
1 0.449479 0.986806 0.013021 0.026389
1 0.468490 0.925926 0.027083 0.079630
1 0.487370 0.924074 0.022656 0.082407
1 0.468359 0.990278 0.012760 0.019444
1 0.484245 0.986574 0.012760 0.026852
1 0.498047 0.987269 0.015885 0.025463
1 0.520182 0.925926 0.039323 0.071296
1 0.515755 0.986806 0.012240 0.026389
1 0.547396 0.935880 0.034375 0.084722
1 0.566276 0.966898 0.020573 0.066204
1 0.595833 0.929167 0.021354 0.082407
1 0.754036 0.968750 0.048698 0.043056
1 0.801562 0.973148 0.043750 0.040741
1 0.863411 0.973380 0.049740 0.036574
1 0.925781 0.975926 0.054167 0.037963
