0 0.016927 0.090509 0.033333 0.023611
1 0.024089 0.137269 0.047656 0.065278
1 0.108724 0.033796 0.049740 0.047222
1 0.220052 0.011343 0.044792 0.021759
1 0.077734 0.147454 0.033073 0.063426
1 0.063411 0.216204 0.025781 0.075926
1 0.078646 0.208796 0.028125 0.071296
1 0.100521 0.211806 0.025000 0.075463
0 0.119141 0.220370 0.026302 0.070370
1 0.096745 0.129398 0.024219 0.068981
1 0.111458 0.131713 0.018750 0.072685
0 0.127344 0.134259 0.029687 0.070370
1 0.148958 0.125694 0.025000 0.081019
1 0.166667 0.118056 0.027083 0.066667
0 0.184635 0.124306 0.018750 0.064352
1 0.198177 0.116435 0.019792 0.089352
1 0.139193 0.218750 0.025260 0.080093
1 0.154948 0.200000 0.038542 0.076852
0 0.180339 0.205093 0.022656 0.070370
1 0.220833 0.113426 0.025521 0.087037
1 0.240885 0.101852 0.022917 0.085185
0 0.230990 0.200463 0.026042 0.070370
0 0.256250 0.152083 0.044792 0.046759
0 0.307682 0.096296 0.016927 0.080556
0 0.313542 0.192824 0.023438 0.078241
1 0.247005 0.205787 0.025260 0.075463
1 0.260677 0.204398 0.025521 0.066204
1 0.281250 0.206944 0.025000 0.084259
1 0.293750 0.187500 0.027604 0.077778
1 0.330859 0.200463 0.024219 0.075000
1 0.358724 0.213889 0.027865 0.069444
1 0.373958 0.209491 0.027604 0.070833
1 0.393099 0.191667 0.025260 0.082407
1 0.321354 0.081713 0.019792 0.094907
1 0.291797 0.093519 0.018490 0.065741
1 0.277995 0.096296 0.024740 0.082407
1 0.258333 0.093287 0.023958 0.095833
1 0.269531 0.006944 0.035937 0.012963
1 0.476042 0.009954 0.014063 0.018981
1 0.414323 0.099306 0.017708 0.088426
1 0.415625 0.198611 0.018750 0.071296
1 0.434635 0.205324 0.019271 0.078241
1 0.449740 0.206250 0.025521 0.075463
1 0.470573 0.197685 0.021354 0.078704
1 0.489453 0.196759 0.017448 0.081481
1 0.510156 0.195139 0.020313 0.078241
1 0.526823 0.201389 0.020833 0.075926
0 0.548047 0.195139 0.017969 0.077315
0 0.576953 0.193287 0.013802 0.077315
1 0.604818 0.190972 0.017969 0.079167
1 0.575651 0.284954 0.036198 0.054167
0 0.555208 0.086111 0.015104 0.059259
1 0.543750 0.107639 0.015104 0.096759
1 0.533594 0.089815 0.018229 0.089815
1 0.515365 0.094676 0.022396 0.095833
1 0.499089 0.103935 0.020573 0.091204
1 0.482292 0.115046 0.018229 0.071759
1 0.444531 0.101620 0.018750 0.080093
1 0.660417 0.258102 0.031250 0.077315
1 0.987891 0.347685 0.024219 0.093519
1 0.886589 0.311343 0.053385 0.032870
1 0.884375 0.396991 0.050521 0.044907
1 0.827083 0.320602 0.054167 0.035648
1 0.780469 0.316667 0.041146 0.032407
1 0.733984 0.309491 0.048698 0.042130
1 0.743750 0.402315 0.044271 0.041667
1 0.792708 0.410185 0.043750 0.036111
1 0.020703 0.576852 0.040885 0.046296
1 0.041016 0.581481 0.044531 0.057407
1 0.048047 0.547454 0.048698 0.057870
1 0.052083 0.382639 0.033333 0.076389
1 0.064193 0.402083 0.026302 0.071759
1 0.083333 0.398148 0.022396 0.092593
1 0.102995 0.380324 0.037240 0.075463
1 0.114583 0.412963 0.028125 0.084259
1 0.083333 0.490741 0.030729 0.084259
1 0.106641 0.506250 0.027865 0.082870
1 0.133203 0.496296 0.029948 0.073148
1 0.146224 0.558796 0.058073 0.037963
1 0.160807 0.475926 0.027865 0.084259
1 0.140495 0.398843 0.024219 0.088426
1 0.165885 0.375463 0.025000 0.081481
1 0.180078 0.385185 0.024219 0.084259
1 0.196615 0.378472 0.021875 0.087500
1 0.221354 0.381944 0.020313 0.066667
1 0.210286 0.448843 0.020052 0.083796
1 0.230208 0.470370 0.020833 0.081481
1 0.252474 0.467593 0.020573 0.064815
1 0.274089 0.480093 0.021094 0.083333
1 0.290495 0.475000 0.020573 0.075926
1 0.305990 0.475000 0.021354 0.083333
1 0.324089 0.474306 0.021094 0.084722
1 0.338151 0.476852 0.026302 0.082407
1 0.358854 0.475926 0.021354 0.079630
1 0.372135 0.463426 0.025521 0.083333
1 0.402734 0.470602 0.025781 0.081019
1 0.425781 0.460880 0.022917 0.085648
1 0.444922 0.469444 0.016927 0.082407
1 0.242318 0.377083 0.022135 0.082870
1 0.255469 0.375463 0.025000 0.080556
1 0.272266 0.377315 0.024219 0.076852
1 0.295312 0.385880 0.021875 0.077315
1 0.309505 0.369444 0.022135 0.088889
1 0.320703 0.379630 0.019531 0.078704
0 0.339453 0.376852 0.017969 0.073148
1 0.355599 0.380556 0.018490 0.062963
1 0.375781 0.375694 0.018750 0.064352
1 0.409245 0.373843 0.017969 0.067130
1 0.425391 0.369444 0.020052 0.087037
1 0.440104 0.377083 0.017708 0.081944
0 0.473438 0.375926 0.013021 0.075926
1 0.495703 0.410417 0.015885 0.062500
1 0.510547 0.397685 0.014844 0.063889
1 0.526432 0.405093 0.014844 0.077778
1 0.563542 0.412037 0.021354 0.089815
1 0.464453 0.468519 0.024219 0.074074
1 0.479687 0.465972 0.023438 0.059722
0 0.498958 0.472685 0.018229 0.081481
1 0.520703 0.492593 0.032031 0.080556
1 0.556250 0.490046 0.031771 0.071759
1 0.615104 0.369213 0.023438 0.081019
0 0.988281 0.480324 0.023438 0.036574
1 0.006510 0.746065 0.012500 0.068981
1 0.021094 0.743981 0.027083 0.081481
1 0.037760 0.724306 0.031250 0.093056
1 0.056641 0.737731 0.032031 0.088426
1 0.079948 0.749306 0.025521 0.081019
1 0.097917 0.732870 0.015625 0.041667
1 0.118359 0.746759 0.021094 0.080556
1 0.148698 0.741204 0.022917 0.076852
1 0.177083 0.740741 0.021875 0.076852
1 0.191276 0.746296 0.020573 0.082407
1 0.209375 0.663657 0.023438 0.084722
1 0.250000 0.655324 0.025000 0.066204
1 0.221354 0.743981 0.025000 0.086111
0 0.239714 0.739352 0.022656 0.078704
1 0.267318 0.674074 0.023698 0.067593
0 0.282161 0.670833 0.015365 0.075926
1 0.297396 0.670833 0.023958 0.087037
1 0.310547 0.670370 0.019010 0.087963
1 0.327214 0.685185 0.019010 0.072222
0 0.339844 0.689120 0.016146 0.073611
0 0.350391 0.689815 0.013802 0.070370
0 0.359896 0.689583 0.012500 0.068981
0 0.371484 0.686806 0.013281 0.070833
0 0.381641 0.687731 0.012240 0.070833
0 0.391927 0.691898 0.014063 0.074537
0 0.400260 0.669444 0.014583 0.068519
1 0.414062 0.684722 0.018750 0.067593
1 0.423828 0.681250 0.016406 0.071759
1 0.439323 0.686806 0.021354 0.086574
1 0.455859 0.675463 0.019531 0.077778
1 0.471875 0.676620 0.019792 0.085648
1 0.493620 0.683333 0.022135 0.087963
1 0.511458 0.674537 0.019792 0.073148
1 0.526432 0.611574 0.022135 0.085185
1 0.545052 0.696065 0.018750 0.068056
1 0.290495 0.818287 0.022135 0.083796
1 0.308594 0.793981 0.021875 0.070370
1 0.301823 0.907407 0.023958 0.081481
1 0.341797 0.792361 0.029948 0.084722
1 0.355078 0.773148 0.021094 0.069444
1 0.368229 0.783796 0.021875 0.069444
1 0.381771 0.781250 0.031250 0.088426
1 0.407943 0.782407 0.027344 0.072222
1 0.423307 0.783333 0.023698 0.069444
0 0.438021 0.780324 0.016667 0.071759
0 0.473698 0.789352 0.024479 0.072222
1 0.455729 0.791898 0.024479 0.085648
1 0.331901 0.928704 0.019010 0.073148
1 0.346745 0.927778 0.019531 0.079630
1 0.329557 0.992593 0.015365 0.014815
1 0.366667 0.931481 0.022917 0.074074
1 0.380990 0.928935 0.026562 0.081944
0 0.346745 0.990278 0.016927 0.019444
0 0.406250 0.926389 0.019792 0.084259
0 0.376432 0.991667 0.016406 0.016667
1 0.358854 0.989120 0.011979 0.021759
1 0.389193 0.995833 0.005469 0.008333
1 0.397786 0.990509 0.008594 0.018981
1 0.409245 0.994444 0.011198 0.011111
1 0.429036 0.922454 0.021615 0.080093
1 0.445182 0.920370 0.024740 0.087963
1 0.468229 0.927083 0.026562 0.078241
1 0.486979 0.922454 0.023438 0.081944
1 0.433724 0.992593 0.011198 0.014815
1 0.449609 0.986806 0.013281 0.026389
1 0.468099 0.991204 0.012240 0.017593
1 0.484896 0.987269 0.012500 0.025463
1 0.497526 0.987731 0.016406 0.024537
1 0.516536 0.987500 0.011719 0.025000
1 0.495052 0.782870 0.023438 0.080556
1 0.513411 0.791898 0.023177 0.061574
1 0.526693 0.781944 0.030990 0.087963
1 0.544792 0.773380 0.036979 0.071759
0 0.588672 0.813657 0.020052 0.088426
1 0.597526 0.957870 0.016927 0.034259
1 0.565885 0.966667 0.020313 0.066667
1 0.547135 0.937269 0.033854 0.084722
1 0.520052 0.926852 0.038542 0.072222
1 0.754687 0.971296 0.049479 0.041667
1 0.802214 0.972454 0.043490 0.039352
1 0.863672 0.975000 0.049740 0.035185
1 0.926693 0.976157 0.056510 0.041204
