0 0.016406 0.091435 0.032292 0.022685
1 0.023698 0.137269 0.046875 0.067130
1 0.108984 0.033333 0.049219 0.044444
1 0.077734 0.148843 0.028906 0.070833
1 0.093880 0.130093 0.027865 0.064815
1 0.111589 0.129398 0.021094 0.074537
1 0.063021 0.214583 0.026042 0.078241
1 0.078255 0.209491 0.030469 0.070833
1 0.099870 0.212037 0.025781 0.078704
0 0.117448 0.218056 0.027604 0.075926
0 0.127865 0.133333 0.031250 0.065741
1 0.138802 0.218750 0.023958 0.082870
1 0.154557 0.201157 0.037760 0.077315
1 0.148177 0.125926 0.025000 0.077778
1 0.166406 0.117824 0.025000 0.068056
0 0.183594 0.125000 0.017188 0.062963
0 0.179948 0.204630 0.020833 0.068519
1 0.219922 0.010417 0.045573 0.019907
1 0.269792 0.006250 0.034896 0.011574
1 0.198698 0.116435 0.020833 0.085648
1 0.220052 0.112037 0.022917 0.083333
1 0.240755 0.100694 0.023177 0.084722
1 0.256771 0.093981 0.025000 0.097222
1 0.275911 0.096065 0.025260 0.081019
1 0.291016 0.094213 0.017969 0.067130
0 0.307292 0.096065 0.017708 0.082870
1 0.321354 0.081481 0.020313 0.094444
0 0.230599 0.200926 0.025781 0.069444
0 0.256380 0.151852 0.045573 0.049074
1 0.246354 0.205787 0.025000 0.074537
1 0.260807 0.205324 0.025781 0.068056
1 0.280990 0.205324 0.023958 0.083796
1 0.294922 0.188194 0.026823 0.076389
0 0.313802 0.192593 0.021354 0.078704
1 0.331771 0.197917 0.022396 0.077315
1 0.475391 0.008796 0.011198 0.016667
1 0.357552 0.211806 0.028646 0.075463
1 0.373958 0.208565 0.027083 0.071759
1 0.393229 0.193056 0.023958 0.081481
1 0.414714 0.098380 0.017969 0.086574
1 0.443359 0.103241 0.020573 0.074074
1 0.482161 0.115046 0.015885 0.070833
1 0.499740 0.103935 0.019271 0.091204
1 0.515495 0.096528 0.022135 0.094907
1 0.533594 0.090741 0.016667 0.087963
1 0.543620 0.108102 0.015885 0.093056
0 0.554427 0.088426 0.014063 0.055556
0 0.579297 0.182870 0.016406 0.075926
0 0.547786 0.194907 0.019531 0.075926
1 0.415885 0.199074 0.018750 0.068519
1 0.433464 0.205787 0.020573 0.077315
1 0.450000 0.206019 0.023438 0.073148
1 0.470703 0.197685 0.022656 0.078704
1 0.489063 0.196065 0.020833 0.079167
1 0.510286 0.195833 0.020052 0.074074
1 0.526953 0.202546 0.019531 0.073611
1 0.578906 0.270139 0.030729 0.065278
1 0.607943 0.228704 0.017448 0.078704
0 0.976693 0.079167 0.021615 0.050000
1 0.992057 0.375694 0.015885 0.081019
1 0.886328 0.311343 0.054427 0.035648
1 0.884245 0.395833 0.049219 0.045370
1 0.826432 0.319444 0.055990 0.035185
1 0.792448 0.410417 0.044271 0.030093
1 0.780859 0.314815 0.039844 0.031481
1 0.733724 0.309722 0.048698 0.043519
1 0.742839 0.402083 0.044531 0.038426
1 0.671224 0.292824 0.028906 0.075463
1 0.051432 0.383333 0.034635 0.079630
1 0.063672 0.402083 0.026302 0.068056
1 0.084115 0.396759 0.025000 0.088889
1 0.105859 0.379167 0.032552 0.075926
1 0.115365 0.411574 0.026562 0.086111
1 0.140495 0.399537 0.024219 0.092593
1 0.165495 0.375231 0.024740 0.083796
1 0.181250 0.384954 0.019792 0.082870
1 0.197656 0.378472 0.019271 0.086574
1 0.220443 0.381019 0.021094 0.064815
1 0.242578 0.377315 0.022656 0.084259
1 0.254557 0.377315 0.025781 0.082407
1 0.020964 0.578009 0.041406 0.051389
1 0.039453 0.582176 0.048698 0.056944
1 0.047135 0.548148 0.050000 0.060185
1 0.082812 0.491898 0.031771 0.083796
1 0.106771 0.506713 0.028125 0.082870
1 0.133464 0.497222 0.029427 0.072222
1 0.145182 0.557870 0.057031 0.034259
1 0.160156 0.477315 0.027604 0.085185
1 0.211198 0.458796 0.021354 0.085185
1 0.228776 0.469907 0.021094 0.081481
1 0.251432 0.468519 0.021094 0.066667
1 0.273177 0.479861 0.025521 0.083796
1 0.290885 0.474074 0.020313 0.076852
1 0.304297 0.475000 0.024740 0.085185
1 0.323437 0.473843 0.022917 0.082870
1 0.339844 0.476389 0.023958 0.082407
1 0.356120 0.477315 0.026302 0.077778
1 0.372396 0.463657 0.025000 0.082870
1 0.402474 0.470833 0.027344 0.082407
1 0.426172 0.459954 0.023698 0.083796
1 0.444401 0.469444 0.016927 0.081481
1 0.272135 0.376852 0.023958 0.075926
1 0.294661 0.384722 0.022135 0.076852
1 0.309375 0.369444 0.020313 0.087037
1 0.318750 0.379167 0.019271 0.081481
0 0.339714 0.376620 0.016927 0.069907
1 0.355729 0.380324 0.020313 0.065278
1 0.375130 0.375231 0.019010 0.061574
1 0.408854 0.373843 0.017708 0.066204
1 0.424089 0.369907 0.016927 0.088889
1 0.439714 0.375926 0.015365 0.082407
1 0.463151 0.468981 0.023177 0.073148
1 0.479036 0.466667 0.023177 0.062963
0 0.473047 0.377083 0.014323 0.073611
1 0.493750 0.409259 0.018229 0.067593
0 0.497786 0.472917 0.018490 0.079167
1 0.519922 0.491898 0.030990 0.081944
1 0.509766 0.397454 0.014844 0.065278
1 0.526042 0.404630 0.016146 0.077778
1 0.563411 0.410880 0.020052 0.093981
1 0.558854 0.482870 0.032813 0.071296
1 0.610026 0.413657 0.022656 0.082870
1 0.006641 0.746528 0.012760 0.070833
1 0.023047 0.748380 0.026302 0.089352
1 0.037760 0.724074 0.029687 0.095370
1 0.056641 0.738194 0.032031 0.085648
1 0.078776 0.751620 0.026823 0.084722
1 0.097786 0.731944 0.014844 0.043519
1 0.119141 0.744907 0.020573 0.081481
1 0.148568 0.740509 0.024219 0.077315
1 0.177604 0.741435 0.020313 0.073611
1 0.191146 0.745370 0.019792 0.079630
1 0.208464 0.662037 0.021615 0.086111
1 0.220703 0.743287 0.023698 0.086574
0 0.239974 0.739815 0.021094 0.077778
1 0.249870 0.655093 0.025260 0.065741
1 0.267969 0.674074 0.021354 0.063889
0 0.281641 0.671065 0.016927 0.074537
1 0.296875 0.670602 0.026042 0.087500
1 0.310937 0.668287 0.019792 0.088426
1 0.326562 0.684954 0.019271 0.070833
0 0.339062 0.689583 0.018229 0.072685
0 0.350260 0.689583 0.013021 0.069907
0 0.359635 0.689815 0.013021 0.071296
0 0.370703 0.689120 0.011198 0.071759
0 0.381771 0.690278 0.011458 0.068519
0 0.392188 0.692824 0.010937 0.072685
0 0.401042 0.672917 0.011979 0.071759
1 0.413411 0.684491 0.018490 0.065278
1 0.424219 0.680787 0.015625 0.070833
1 0.306510 0.794444 0.022396 0.072222
1 0.341276 0.792593 0.029948 0.085185
1 0.355208 0.774537 0.019792 0.068519
1 0.368099 0.783796 0.021094 0.070370
1 0.382031 0.780324 0.031250 0.090278
1 0.407813 0.781250 0.027083 0.070833
1 0.423568 0.783333 0.023698 0.068519
0 0.438672 0.779167 0.019010 0.074074
0 0.473438 0.787269 0.024479 0.073611
1 0.455208 0.791667 0.027083 0.086111
1 0.439193 0.686111 0.020052 0.083333
1 0.455990 0.675231 0.020833 0.079167
1 0.471484 0.675926 0.019010 0.087037
1 0.493099 0.681944 0.021094 0.088889
1 0.511328 0.673611 0.021094 0.073148
1 0.545052 0.694907 0.018229 0.067593
1 0.526042 0.606481 0.022917 0.085185
1 0.494531 0.782870 0.022917 0.079630
1 0.513802 0.792361 0.021354 0.062500
1 0.526172 0.782176 0.029948 0.085648
1 0.544792 0.772222 0.035937 0.069444
1 0.290885 0.818750 0.022917 0.082870
1 0.301432 0.906481 0.023177 0.078704
1 0.332552 0.928009 0.018750 0.070833
1 0.347135 0.926852 0.019792 0.077778
1 0.366016 0.930556 0.022656 0.073148
1 0.380729 0.927315 0.025521 0.078704
0 0.405990 0.925231 0.019792 0.083796
1 0.428906 0.921759 0.023438 0.079630
1 0.445182 0.920370 0.022656 0.087037
1 0.468359 0.925463 0.027344 0.078704
1 0.487760 0.917130 0.022396 0.081481
1 0.520052 0.925926 0.038021 0.072222
1 0.331250 0.992593 0.011458 0.014815
0 0.346745 0.990509 0.015885 0.018981
1 0.358594 0.989352 0.010937 0.021296
0 0.376172 0.991204 0.016927 0.017593
1 0.389714 0.994444 0.006510 0.011111
1 0.397917 0.988657 0.008854 0.022685
1 0.409505 0.993750 0.011198 0.012500
1 0.433724 0.991667 0.011719 0.016667
1 0.449089 0.986574 0.013802 0.026852
1 0.467969 0.990509 0.012500 0.018981
1 0.484245 0.986343 0.013281 0.027315
1 0.497917 0.987731 0.015104 0.024537
1 0.516146 0.987731 0.012500 0.024537
1 0.547396 0.931481 0.034375 0.076852
1 0.566016 0.966204 0.017969 0.067593
0 0.591927 0.851852 0.020313 0.090741
1 0.754167 0.970370 0.048438 0.037037
1 0.802214 0.971296 0.044010 0.039815
1 0.864193 0.973148 0.049740 0.037963
1 0.926562 0.975926 0.055208 0.038889
