0 0.016276 0.092130 0.032031 0.023148
1 0.023307 0.137731 0.046094 0.064352
1 0.108203 0.032639 0.049219 0.045833
1 0.077995 0.148148 0.032031 0.066667
1 0.062370 0.214583 0.025260 0.079167
1 0.077214 0.208796 0.028385 0.069444
1 0.099740 0.211343 0.023438 0.075463
0 0.117578 0.220139 0.024219 0.070833
1 0.138281 0.219213 0.021875 0.083796
1 0.154427 0.200926 0.039583 0.077778
0 0.179297 0.203704 0.021094 0.071296
0 0.230078 0.201157 0.026823 0.070833
1 0.245703 0.204398 0.026302 0.075463
1 0.095052 0.129630 0.024479 0.067593
1 0.110937 0.129398 0.017188 0.074537
0 0.128516 0.133796 0.033594 0.066667
1 0.147396 0.125000 0.022396 0.077778
1 0.165495 0.116898 0.026302 0.070833
0 0.183984 0.123380 0.014323 0.063426
1 0.198177 0.116435 0.018750 0.084722
1 0.218750 0.110417 0.024479 0.085648
1 0.240104 0.099306 0.025000 0.084722
1 0.219922 0.009954 0.045573 0.018981
1 0.270313 0.006250 0.033854 0.011574
1 0.256250 0.092824 0.025521 0.098611
1 0.276823 0.094907 0.025000 0.080556
1 0.291016 0.093750 0.017969 0.068056
0 0.306771 0.095833 0.018229 0.079630
1 0.321484 0.081481 0.020052 0.094444
0 0.255599 0.150694 0.043490 0.047685
1 0.259505 0.205093 0.026302 0.068519
1 0.279948 0.206250 0.027604 0.085648
1 0.294531 0.186574 0.026042 0.077778
0 0.313542 0.191667 0.023438 0.078704
1 0.330729 0.198148 0.024479 0.079630
1 0.357552 0.212963 0.026562 0.072222
1 0.373177 0.209028 0.026042 0.072685
1 0.392057 0.192361 0.025781 0.081944
1 0.415625 0.197222 0.019271 0.071296
1 0.433073 0.203472 0.021354 0.080093
1 0.448828 0.203704 0.024740 0.077778
1 0.469792 0.198843 0.020313 0.078241
1 0.488672 0.195833 0.016927 0.077778
1 0.509375 0.195370 0.019271 0.072222
1 0.526432 0.199769 0.019531 0.078241
0 0.547266 0.194213 0.018490 0.076389
0 0.579297 0.168981 0.017448 0.077778
1 0.474870 0.008796 0.011719 0.016667
1 0.500000 0.003241 0.008854 0.005556
1 0.414844 0.098380 0.019271 0.086574
1 0.443359 0.102083 0.019010 0.075463
1 0.481641 0.114815 0.015365 0.067593
1 0.498958 0.103241 0.018229 0.090741
1 0.515104 0.093981 0.019271 0.094444
1 0.533203 0.088889 0.014844 0.087037
1 0.543490 0.106019 0.014063 0.095370
0 0.554688 0.086806 0.017188 0.053241
1 0.583203 0.249769 0.027865 0.072685
1 0.606771 0.273611 0.019271 0.077778
1 0.687891 0.316204 0.038281 0.061111
1 0.731641 0.309028 0.052344 0.043056
1 0.742708 0.400926 0.045312 0.040741
1 0.792708 0.409259 0.043750 0.034259
1 0.778516 0.314352 0.041927 0.033333
1 0.826302 0.318056 0.054167 0.034259
1 0.885547 0.310417 0.052865 0.032870
1 0.884115 0.395139 0.049479 0.043056
1 0.020182 0.578009 0.039844 0.047685
1 0.040365 0.581250 0.045312 0.056944
1 0.046224 0.547685 0.050781 0.056481
1 0.051693 0.384028 0.035156 0.077315
1 0.063802 0.402083 0.027083 0.069907
1 0.082422 0.396296 0.027344 0.090741
1 0.102734 0.378935 0.037760 0.074537
1 0.115885 0.409722 0.025000 0.087037
1 0.139063 0.399306 0.025000 0.091204
1 0.083724 0.490509 0.030469 0.084722
1 0.106250 0.506250 0.028646 0.083796
1 0.133073 0.496296 0.030208 0.073148
1 0.145833 0.556250 0.055729 0.032870
1 0.166276 0.375000 0.023698 0.082407
1 0.180859 0.384491 0.020573 0.084722
1 0.197656 0.379167 0.017708 0.087963
1 0.159375 0.475000 0.028125 0.084259
1 0.220703 0.380324 0.022656 0.068056
1 0.213151 0.470602 0.020573 0.082870
1 0.228906 0.469444 0.021875 0.081481
1 0.241276 0.375694 0.021615 0.086574
1 0.254818 0.375694 0.024219 0.080093
1 0.272005 0.376620 0.024740 0.075463
1 0.293880 0.385417 0.021094 0.077315
1 0.308464 0.369676 0.022656 0.088426
1 0.320052 0.379167 0.022396 0.077778
1 0.251172 0.466898 0.022656 0.064352
1 0.270833 0.478472 0.026562 0.081019
1 0.289323 0.474306 0.023438 0.076389
1 0.303906 0.474306 0.023438 0.081944
1 0.323177 0.472454 0.022396 0.081944
0 0.338542 0.375000 0.017708 0.072222
1 0.339193 0.475463 0.023698 0.082407
1 0.356120 0.476389 0.025260 0.076852
1 0.371875 0.463194 0.023958 0.081944
1 0.355078 0.379398 0.019531 0.063426
1 0.375130 0.375463 0.019531 0.062037
1 0.408594 0.372917 0.017188 0.067130
1 0.401953 0.469907 0.027344 0.081481
1 0.426172 0.459491 0.021615 0.082870
1 0.424740 0.369676 0.017188 0.088426
1 0.439974 0.377546 0.017448 0.077315
1 0.444141 0.468750 0.016406 0.080093
1 0.463281 0.467593 0.022917 0.071296
0 0.472917 0.375694 0.014063 0.071759
1 0.478125 0.465741 0.022396 0.062037
1 0.494141 0.409954 0.017969 0.064352
0 0.497396 0.471991 0.017188 0.078241
1 0.508854 0.396759 0.015104 0.064815
1 0.525781 0.402315 0.017188 0.080556
1 0.563281 0.410417 0.019271 0.089352
1 0.561068 0.474769 0.032552 0.070833
1 0.603385 0.457870 0.022917 0.080556
1 0.519141 0.491667 0.031510 0.080556
1 0.006120 0.746528 0.011719 0.068981
1 0.021094 0.742361 0.023958 0.078241
1 0.037630 0.725000 0.028906 0.093519
1 0.055990 0.737500 0.031250 0.083333
1 0.077865 0.749074 0.026042 0.080556
1 0.098828 0.727546 0.016406 0.036574
1 0.117188 0.745602 0.021354 0.084722
1 0.148047 0.739815 0.021094 0.075000
1 0.177474 0.740509 0.020573 0.075463
1 0.189323 0.745602 0.021875 0.081019
1 0.208464 0.663194 0.021615 0.083796
1 0.220052 0.741898 0.021354 0.089352
0 0.239453 0.738194 0.019531 0.075463
1 0.249870 0.653704 0.024219 0.067593
1 0.267318 0.673380 0.021615 0.064352
0 0.281510 0.670370 0.014583 0.075000
1 0.295703 0.671296 0.025260 0.087963
1 0.311068 0.669213 0.017448 0.088426
1 0.326042 0.684028 0.020313 0.068981
0 0.338672 0.689352 0.017969 0.072222
0 0.349740 0.688889 0.013542 0.073148
0 0.359896 0.688889 0.011979 0.069444
0 0.370833 0.687731 0.011458 0.070833
0 0.380599 0.689815 0.009635 0.072222
0 0.391146 0.691667 0.011979 0.073148
0 0.400391 0.670602 0.011198 0.069907
1 0.413672 0.684259 0.019531 0.064815
1 0.424089 0.680093 0.014844 0.069444
1 0.439583 0.685185 0.020313 0.080556
1 0.455729 0.676157 0.019792 0.077315
1 0.471615 0.675000 0.018229 0.086111
1 0.492969 0.681713 0.020833 0.087500
1 0.511328 0.672917 0.020052 0.072685
1 0.524609 0.597222 0.022656 0.085185
1 0.544401 0.695139 0.018490 0.068056
1 0.289714 0.817130 0.020573 0.082407
1 0.307292 0.794444 0.019792 0.070370
1 0.301172 0.906481 0.022656 0.082407
1 0.341536 0.791667 0.027865 0.084259
1 0.355208 0.771528 0.020313 0.067130
1 0.368099 0.783796 0.019010 0.068519
1 0.381641 0.780556 0.030990 0.087963
1 0.407552 0.780787 0.028125 0.072685
1 0.423958 0.783333 0.020833 0.069444
0 0.438151 0.777546 0.017969 0.072685
1 0.454688 0.790509 0.025521 0.084722
0 0.473698 0.788426 0.026042 0.073148
1 0.494141 0.782407 0.022135 0.081481
1 0.513542 0.790278 0.022396 0.062037
1 0.331510 0.927546 0.019271 0.072685
1 0.346224 0.926389 0.021094 0.077778
1 0.365625 0.932176 0.020833 0.073611
1 0.380729 0.927778 0.026042 0.080556
0 0.404948 0.925463 0.018750 0.085185
1 0.428516 0.920370 0.022135 0.079630
1 0.445052 0.919907 0.022917 0.087037
1 0.467708 0.926620 0.025521 0.078241
1 0.488021 0.914120 0.023438 0.079167
1 0.520052 0.926852 0.038021 0.072222
1 0.328385 0.992824 0.014063 0.014352
0 0.346484 0.990509 0.016406 0.018981
1 0.358984 0.989352 0.011719 0.021296
0 0.376172 0.991898 0.015365 0.016204
1 0.389193 0.995602 0.006510 0.008796
1 0.397396 0.989583 0.010417 0.020833
1 0.408984 0.993519 0.012760 0.012963
1 0.433073 0.992361 0.010417 0.015278
1 0.448698 0.987037 0.013542 0.025926
1 0.467839 0.990509 0.012760 0.018981
1 0.484245 0.986806 0.012240 0.026389
1 0.497786 0.987500 0.016406 0.025000
1 0.515365 0.987269 0.013021 0.025463
1 0.526302 0.780556 0.032292 0.087037
1 0.543880 0.771759 0.036719 0.069444
0 0.594401 0.894907 0.019531 0.091667
1 0.565885 0.965046 0.020833 0.069907
1 0.546875 0.934722 0.033333 0.086111
1 0.753906 0.969213 0.048438 0.036574
1 0.801432 0.971528 0.042448 0.039352
1 0.862630 0.972917 0.048698 0.035648
1 0.926042 0.973843 0.054167 0.039352
0 0.976042 0.130556 0.023958 0.085185
