1 0.309115 0.019213 0.021354 0.027315
1 0.311719 0.013194 0.020833 0.024537
1 0.315104 0.008565 0.015625 0.016204
1 0.336198 0.016435 0.007812 0.027315
1 0.351562 0.017130 0.007812 0.031481
1 0.360026 0.016435 0.007031 0.031944
1 0.318099 0.007176 0.015885 0.013426
1 0.366536 0.014583 0.007031 0.026389
1 0.373568 0.015972 0.008594 0.031019
1 0.380859 0.014815 0.008073 0.028704
1 0.388932 0.015278 0.010677 0.025000
1 0.395443 0.017130 0.008594 0.025926
1 0.403646 0.016435 0.007292 0.025463
0 0.409375 0.013194 0.007812 0.025463
0 0.412370 0.015972 0.007031 0.027315
0 0.417578 0.013426 0.007031 0.025926
1 0.304818 0.041898 0.020052 0.021759
1 0.336458 0.048843 0.008333 0.037500
1 0.344531 0.046296 0.010417 0.036111
1 0.351823 0.047454 0.007812 0.030093
1 0.359115 0.045602 0.009896 0.031019
1 0.369922 0.048611 0.009635 0.028704
1 0.378255 0.045139 0.008594 0.036574
1 0.389062 0.045139 0.009896 0.032870
0 0.397005 0.046528 0.008073 0.026389
0 0.401432 0.045602 0.005990 0.030093
1 0.408203 0.045602 0.008073 0.029167
1 0.417318 0.044444 0.009115 0.029630
0 0.422656 0.044676 0.007812 0.027315
1 0.427734 0.044213 0.009635 0.036574
1 0.424740 0.013426 0.012500 0.025926
1 0.431771 0.014583 0.014063 0.028241
1 0.442057 0.013194 0.008073 0.025463
1 0.447396 0.014352 0.008333 0.027778
0 0.434635 0.046296 0.006250 0.029630
0 0.439714 0.045370 0.007031 0.028704
1 0.446745 0.045139 0.008073 0.028241
1 0.302995 0.051157 0.016406 0.016204
0 0.453516 0.014120 0.008073 0.027315
0 0.459635 0.012731 0.007292 0.024537
1 0.465885 0.014583 0.011458 0.028241
0 0.474740 0.012269 0.007292 0.023611
1 0.480729 0.013889 0.008333 0.026852
1 0.488021 0.013426 0.008333 0.025926
1 0.495312 0.013426 0.009896 0.025926
1 0.503776 0.014815 0.010677 0.028704
0 0.510938 0.014352 0.006771 0.026852
1 0.517188 0.014583 0.008854 0.028241
1 0.534635 0.008102 0.008333 0.015278
1 0.531641 0.030787 0.010156 0.031944
1 0.544531 0.031481 0.010937 0.034259
1 0.539974 0.070602 0.011719 0.031944
0 0.458073 0.040972 0.007292 0.022685
1 0.465365 0.042593 0.008333 0.026852
1 0.473438 0.039583 0.011458 0.031019
1 0.480599 0.041667 0.009115 0.029630
1 0.490365 0.039815 0.011979 0.030556
1 0.497786 0.040509 0.010677 0.030093
1 0.508594 0.043981 0.013021 0.027778
0 0.517448 0.041898 0.009375 0.030093
0 0.564063 0.019907 0.008333 0.026852
1 0.572526 0.009491 0.007031 0.018056
1 0.559375 0.086343 0.011979 0.034722
1 0.577995 0.076389 0.011198 0.037963
1 0.612370 0.059259 0.026302 0.036111
1 0.635417 0.060417 0.021354 0.034722
1 0.598177 0.080324 0.020313 0.027315
1 0.618099 0.075000 0.021094 0.019444
1 0.644531 0.071759 0.022917 0.021296
1 0.670703 0.072917 0.021094 0.018981
1 0.662760 0.063657 0.017708 0.025463
1 0.289193 0.088889 0.023177 0.025926
1 0.291667 0.098380 0.022917 0.026389
1 0.285286 0.106019 0.025260 0.028704
1 0.286458 0.123380 0.018750 0.021759
1 0.318490 0.095602 0.015104 0.039352
1 0.342839 0.084491 0.012760 0.035648
1 0.368750 0.085648 0.009896 0.032407
1 0.379167 0.086574 0.009896 0.036111
1 0.386328 0.084028 0.009635 0.026389
1 0.396484 0.082870 0.010677 0.039815
1 0.407682 0.085185 0.011198 0.037037
1 0.435026 0.083796 0.010156 0.036111
1 0.444531 0.082870 0.008854 0.039815
1 0.451042 0.083565 0.011458 0.034722
1 0.459766 0.084722 0.008594 0.031481
0 0.466797 0.084491 0.009635 0.032870
0 0.474089 0.082176 0.011198 0.031019
1 0.480599 0.081019 0.009115 0.036111
0 0.498047 0.086343 0.008594 0.034722
1 0.506120 0.086574 0.012240 0.033333
1 0.523828 0.084954 0.011198 0.034722
0 0.514323 0.084954 0.007812 0.037500
1 0.545964 0.120370 0.011719 0.039815
1 0.559505 0.138194 0.011198 0.032870
1 0.346615 0.103704 0.021354 0.028704
1 0.342057 0.109954 0.025781 0.035648
1 0.365755 0.106481 0.020052 0.026852
1 0.386589 0.103009 0.020573 0.027315
1 0.387240 0.112269 0.023438 0.030093
1 0.406510 0.115278 0.023958 0.026852
0 0.412109 0.109259 0.022135 0.024074
1 0.437109 0.109028 0.022656 0.033796
1 0.469661 0.107407 0.023177 0.027778
1 0.464323 0.115046 0.023438 0.029167
1 0.485807 0.115972 0.020052 0.035648
1 0.487500 0.125926 0.017188 0.033333
0 0.500391 0.119676 0.009635 0.033796
1 0.514062 0.119676 0.016146 0.037500
0 0.526563 0.151852 0.010937 0.036111
0 0.286198 0.164583 0.013542 0.023611
1 0.285677 0.189583 0.009375 0.038426
1 0.297917 0.156250 0.010937 0.034722
1 0.297526 0.180556 0.013281 0.040741
1 0.307682 0.162731 0.012760 0.031019
0 0.316276 0.164815 0.008594 0.029630
0 0.312630 0.183565 0.008073 0.035648
1 0.342839 0.129861 0.024219 0.025463
1 0.367188 0.125463 0.023438 0.031481
1 0.325651 0.158796 0.011719 0.041667
1 0.339714 0.155787 0.011719 0.035648
0 0.333984 0.181481 0.014323 0.034259
0 0.341536 0.185185 0.009115 0.034259
1 0.348958 0.181713 0.010937 0.040278
1 0.356901 0.181944 0.011198 0.037963
1 0.350130 0.152778 0.009115 0.030556
1 0.360417 0.149769 0.012500 0.035648
1 0.371484 0.150231 0.013802 0.034722
1 0.377995 0.155324 0.010156 0.028241
0 0.386719 0.153241 0.009375 0.029630
1 0.396875 0.148380 0.009375 0.038426
1 0.432812 0.140972 0.008854 0.031019
0 0.356120 0.168981 0.024740 0.031481
0 0.388281 0.179630 0.009896 0.038889
1 0.378516 0.179167 0.010156 0.038889
1 0.397917 0.175926 0.010417 0.031481
1 0.417318 0.179398 0.023177 0.034722
1 0.405990 0.209954 0.021875 0.036574
1 0.420833 0.201389 0.025000 0.028704
1 0.433594 0.175694 0.013021 0.045833
1 0.447917 0.154861 0.009375 0.042130
1 0.456120 0.152315 0.011719 0.035185
1 0.464453 0.154398 0.010677 0.031019
1 0.484766 0.156481 0.008594 0.024074
1 0.495312 0.152546 0.011458 0.031944
1 0.503385 0.152083 0.008854 0.036574
1 0.513542 0.154167 0.009896 0.040741
1 0.520833 0.159028 0.008333 0.040278
1 0.547135 0.184028 0.012500 0.041204
1 0.575000 0.185417 0.015625 0.043056
1 0.559766 0.201157 0.012760 0.040278
1 0.007031 0.292824 0.013542 0.042130
1 0.015234 0.288889 0.015885 0.027778
1 0.068620 0.281944 0.032031 0.042593
1 0.092448 0.284259 0.022917 0.050926
1 0.106771 0.293519 0.020313 0.049074
1 0.129297 0.299306 0.010677 0.029167
1 0.146875 0.283102 0.025000 0.049537
1 0.126693 0.262500 0.007031 0.016667
1 0.105078 0.269676 0.008073 0.028241
1 0.007292 0.258796 0.014063 0.036111
1 0.085417 0.257639 0.022396 0.026389
1 0.164714 0.288426 0.020052 0.046296
1 0.180339 0.297454 0.020573 0.035648
1 0.271615 0.244444 0.011458 0.042593
1 0.310807 0.226852 0.013802 0.035185
1 0.325521 0.233565 0.011979 0.027315
1 0.309375 0.293287 0.032292 0.037500
1 0.297526 0.272454 0.013802 0.040278
1 0.321615 0.260185 0.013021 0.042593
1 0.275391 0.295370 0.019531 0.031481
1 0.339974 0.262269 0.012760 0.039352
1 0.346354 0.231019 0.013542 0.035185
1 0.357682 0.234028 0.013281 0.040278
1 0.363802 0.262037 0.009896 0.046296
1 0.369922 0.232639 0.013281 0.040278
1 0.379818 0.228472 0.013802 0.043056
1 0.385547 0.235880 0.013281 0.036574
1 0.371224 0.263426 0.014844 0.048148
1 0.383594 0.261343 0.009375 0.047685
0 0.396354 0.234722 0.009896 0.037037
1 0.394010 0.263657 0.010937 0.045833
1 0.405599 0.235648 0.011719 0.032407
1 0.418880 0.232870 0.011198 0.028704
1 0.404427 0.262963 0.014583 0.049074
1 0.413542 0.260880 0.014583 0.044907
1 0.433073 0.262037 0.014583 0.048148
1 0.438672 0.234259 0.010156 0.036111
1 0.448698 0.211343 0.026562 0.032870
0 0.447135 0.178009 0.010937 0.029167
1 0.457031 0.200694 0.023958 0.026389
1 0.455990 0.178241 0.010937 0.029630
1 0.465625 0.182176 0.013021 0.039352
1 0.477995 0.181944 0.013281 0.037037
1 0.488932 0.179630 0.010677 0.042593
1 0.500651 0.178472 0.012240 0.042130
1 0.511849 0.180324 0.012760 0.039352
0 0.521745 0.181944 0.010677 0.037037
1 0.447526 0.231019 0.010677 0.035185
1 0.446615 0.260880 0.014063 0.045833
1 0.458724 0.236111 0.011719 0.043519
1 0.469661 0.218750 0.008594 0.018056
1 0.459635 0.260185 0.011458 0.045370
1 0.470443 0.261111 0.016406 0.045370
0 0.477995 0.235648 0.007552 0.034259
1 0.485026 0.230093 0.009635 0.030556
1 0.492057 0.242593 0.010156 0.041667
1 0.481771 0.259954 0.013542 0.043981
0 0.494531 0.263657 0.010937 0.044907
1 0.501693 0.241898 0.011719 0.034722
1 0.507161 0.267361 0.019010 0.045833
1 0.510286 0.240278 0.014323 0.045370
1 0.517708 0.215046 0.026562 0.033796
1 0.533594 0.245370 0.012500 0.048148
1 0.541276 0.264815 0.013802 0.042593
1 0.555729 0.236574 0.012500 0.036111
1 0.558984 0.279861 0.014323 0.043056
1 0.566406 0.259722 0.013542 0.040741
1 0.574479 0.241667 0.012500 0.037037
1 0.614193 0.228009 0.017969 0.040278
1 0.600391 0.265046 0.011719 0.031944
1 0.633203 0.207639 0.028906 0.037500
1 0.661198 0.209491 0.023438 0.026389
1 0.690234 0.204861 0.023177 0.032870
1 0.642188 0.229861 0.027083 0.017130
1 0.673438 0.229167 0.024479 0.014815
1 0.726823 0.219213 0.027083 0.026389
1 0.722005 0.203935 0.028906 0.028241
1 0.838542 0.264815 0.029687 0.033333
0 0.923568 0.199306 0.014323 0.042130
1 0.929167 0.199306 0.013021 0.040278
0 0.944531 0.202315 0.015104 0.045370
0 0.954427 0.202315 0.014063 0.041667
0 0.959505 0.198611 0.012760 0.042593
1 0.966927 0.199306 0.014063 0.043056
1 0.976953 0.198843 0.012760 0.046759
1 0.987109 0.198611 0.013281 0.047222
1 0.995833 0.203704 0.008333 0.042593
1 0.899740 0.270602 0.029167 0.034722
0 0.913281 0.268750 0.024479 0.038426
0 0.925781 0.266435 0.025000 0.038426
0 0.933594 0.263889 0.023438 0.034259
1 0.944531 0.260417 0.020313 0.035648
1 0.953776 0.254630 0.019531 0.039815
1 0.969010 0.254630 0.019792 0.040741
1 0.980729 0.253704 0.018229 0.050926
1 0.993880 0.253704 0.012240 0.042593
1 0.011198 0.362269 0.021875 0.045833
1 0.014063 0.374074 0.025000 0.044444
1 0.030078 0.357870 0.013802 0.028704
1 0.035286 0.359259 0.012760 0.025926
1 0.073307 0.345833 0.013281 0.025000
1 0.079427 0.355324 0.020833 0.052315
0 0.090365 0.364815 0.016667 0.041667
1 0.108333 0.363657 0.019271 0.048611
1 0.122266 0.363194 0.016927 0.041204
1 0.134245 0.363889 0.016406 0.040741
1 0.148568 0.361111 0.020052 0.042593
1 0.163932 0.356250 0.014323 0.045833
1 0.180339 0.332176 0.028906 0.037500
1 0.191146 0.353009 0.019792 0.046759
1 0.211849 0.359722 0.021094 0.043519
1 0.228125 0.362500 0.017708 0.043519
1 0.304948 0.350694 0.013542 0.051389
0 0.312760 0.356713 0.009896 0.043981
1 0.325781 0.322222 0.014063 0.022222
1 0.338932 0.336574 0.012760 0.039815
0 0.346094 0.335185 0.011458 0.038889
1 0.357682 0.330787 0.014844 0.056944
1 0.367969 0.332176 0.014583 0.051389
1 0.378125 0.339120 0.011458 0.037500
1 0.582161 0.293750 0.026302 0.040278
1 0.567708 0.317361 0.031250 0.031944
1 0.538021 0.303935 0.029167 0.036574
1 0.569792 0.379861 0.019271 0.054167
0 0.384375 0.343519 0.011979 0.039815
0 0.392839 0.343750 0.010156 0.039352
0 0.399479 0.344444 0.009896 0.039815
0 0.407031 0.343519 0.009896 0.039815
0 0.414193 0.343981 0.010677 0.039815
0 0.421615 0.342130 0.009375 0.037037
0 0.428255 0.338426 0.010156 0.040741
1 0.432943 0.308333 0.030469 0.040741
1 0.436198 0.340741 0.009896 0.035185
1 0.442448 0.341667 0.009896 0.041667
1 0.452474 0.335880 0.014323 0.048611
1 0.464714 0.333102 0.012240 0.054167
1 0.474479 0.333102 0.013542 0.053241
1 0.489844 0.333565 0.013542 0.051389
1 0.500911 0.338657 0.013802 0.042130
1 0.510807 0.336574 0.014844 0.048148
1 0.522786 0.346296 0.013802 0.037963
1 0.525651 0.374074 0.023177 0.040741
1 0.511458 0.374074 0.020833 0.046296
1 0.503125 0.381713 0.017188 0.042130
1 0.490625 0.375231 0.016146 0.052315
0 0.475781 0.378241 0.016146 0.048148
1 0.461458 0.377315 0.019271 0.052778
0 0.450260 0.374074 0.011979 0.051852
1 0.441016 0.377315 0.014844 0.046296
1 0.430208 0.374769 0.016667 0.048611
1 0.413151 0.373380 0.016406 0.048611
1 0.402344 0.375694 0.011979 0.048611
1 0.394010 0.374537 0.009896 0.039815
1 0.382943 0.374769 0.017969 0.049537
1 0.358594 0.378704 0.014583 0.048148
1 0.347526 0.388194 0.012760 0.043981
1 0.348307 0.431944 0.013802 0.050000
1 0.369922 0.439120 0.015885 0.042130
1 0.382031 0.431250 0.016146 0.051389
1 0.392969 0.440278 0.014063 0.034259
1 0.406771 0.429861 0.020833 0.053241
0 0.424870 0.435417 0.013281 0.042130
1 0.441276 0.433102 0.015885 0.048611
1 0.453255 0.434954 0.016927 0.046759
1 0.470182 0.437269 0.021615 0.042130
1 0.484766 0.431019 0.016927 0.054630
1 0.507292 0.436111 0.028125 0.054630
1 0.527214 0.439815 0.023177 0.055556
1 0.680078 0.439583 0.036198 0.053241
1 0.714323 0.436111 0.027083 0.051852
1 0.695573 0.488426 0.030729 0.032407
0 0.729036 0.493056 0.017969 0.021296
1 0.758333 0.434954 0.036458 0.032870
1 0.364193 0.479630 0.015885 0.056481
0 0.375911 0.478472 0.013281 0.058796
1 0.386589 0.482407 0.014323 0.060185
0 0.398047 0.481944 0.011198 0.053704
1 0.405990 0.489352 0.010417 0.055556
1 0.414974 0.482407 0.013281 0.056481
1 0.429427 0.480787 0.017188 0.058796
1 0.442839 0.481944 0.019531 0.049074
1 0.455469 0.477778 0.010937 0.050926
1 0.467578 0.479861 0.013281 0.056019
1 0.479948 0.478009 0.012500 0.060648
1 0.492578 0.477778 0.014844 0.058333
1 0.505990 0.477778 0.015625 0.051852
1 0.514844 0.496296 0.020833 0.040741
1 0.527083 0.495370 0.022917 0.061111
1 0.367839 0.525463 0.033594 0.052778
1 0.412891 0.527546 0.039844 0.047685
1 0.386849 0.554398 0.022135 0.067130
1 0.352604 0.597685 0.018229 0.062963
1 0.396354 0.599537 0.022917 0.072222
0 0.408073 0.600463 0.013542 0.060185
1 0.416406 0.609028 0.017708 0.043981
1 0.431380 0.597685 0.016406 0.066667
0 0.447786 0.602083 0.014323 0.058796
1 0.463542 0.592593 0.026042 0.072222
1 0.474089 0.598611 0.019531 0.067593
1 0.487630 0.602546 0.018490 0.060648
1 0.506250 0.609491 0.017188 0.047685
1 0.534896 0.599769 0.017708 0.069907
1 0.555078 0.603935 0.015885 0.069907
1 0.577734 0.649074 0.024740 0.061111
1 0.317839 0.663194 0.021094 0.069907
1 0.333464 0.656944 0.019531 0.080556
1 0.347917 0.661806 0.018229 0.066204
1 0.362240 0.653704 0.015104 0.065741
0 0.380729 0.662500 0.014063 0.070370
1 0.392057 0.661111 0.014844 0.071296
1 0.404687 0.664352 0.013021 0.062037
0 0.426172 0.661574 0.012760 0.071296
1 0.437760 0.668287 0.016667 0.068056
1 0.453125 0.664815 0.015625 0.069444
1 0.467057 0.667130 0.017448 0.066667
0 0.486458 0.665741 0.015104 0.070370
1 0.500391 0.664583 0.015885 0.070833
0 0.522526 0.664120 0.015365 0.072685
1 0.630208 0.723611 0.026042 0.087037
1 0.680339 0.838657 0.039323 0.093056
1 0.285286 0.817361 0.023698 0.081944
1 0.298047 0.820833 0.023177 0.088889
1 0.311719 0.824537 0.023438 0.080556
1 0.329688 0.821991 0.016667 0.078241
0 0.341667 0.821991 0.018229 0.080093
0 0.354427 0.827083 0.015625 0.068056
1 0.368490 0.826389 0.018229 0.070370
1 0.383203 0.827083 0.020052 0.068981
1 0.400000 0.817130 0.023438 0.088889
1 0.416667 0.817824 0.025521 0.088426
1 0.447135 0.814815 0.017188 0.075926
0 0.466927 0.821296 0.016146 0.070370
1 0.476693 0.817593 0.013281 0.066667
1 0.489844 0.813194 0.017188 0.068056
1 0.509766 0.808565 0.017969 0.095833
0 0.521094 0.820139 0.014063 0.074537
1 0.536589 0.808565 0.020573 0.086574
1 0.552083 0.816435 0.021875 0.089352
1 0.746615 0.842824 0.036979 0.056944
1 0.764193 0.882407 0.050260 0.050926
1 0.773568 0.921759 0.055469 0.070370
1 0.799609 0.837037 0.044531 0.059259
1 0.855469 0.844907 0.061979 0.055556
1 0.911068 0.848380 0.039323 0.061574
1 0.833594 0.926852 0.052604 0.056481
1 0.880729 0.935648 0.026562 0.044444
1 0.276172 0.910648 0.019010 0.084259
1 0.288932 0.907176 0.021094 0.088426
1 0.306380 0.901157 0.021094 0.066204
1 0.316406 0.906944 0.023438 0.086111
1 0.340755 0.904630 0.020052 0.093519
1 0.371224 0.907176 0.025781 0.081944
1 0.402995 0.909491 0.023698 0.089352
1 0.425000 0.900926 0.020833 0.095370
1 0.447786 0.912269 0.020573 0.081944
1 0.464583 0.910185 0.019792 0.084259
1 0.488281 0.904861 0.016146 0.074537
1 0.500651 0.909491 0.017448 0.083796
1 0.529297 0.907639 0.024219 0.096759
1 0.545182 0.902546 0.021615 0.080093
