1 0.312109 0.008796 0.022656 0.016667
1 0.307422 0.015741 0.020052 0.027778
1 0.304167 0.019676 0.019792 0.023611
1 0.305078 0.027778 0.020052 0.021296
1 0.304036 0.033333 0.019531 0.023148
1 0.301042 0.041898 0.020313 0.024537
1 0.297917 0.048380 0.017708 0.019907
1 0.295833 0.053935 0.021875 0.024537
1 0.293099 0.062963 0.021615 0.025926
1 0.294401 0.073843 0.019531 0.027315
0 0.342578 0.053009 0.014323 0.029167
1 0.286719 0.080324 0.017708 0.022685
1 0.286979 0.088657 0.021354 0.023611
1 0.326432 0.063889 0.014844 0.031481
1 0.320964 0.077546 0.019010 0.030093
1 0.325521 0.087037 0.014583 0.027778
0 0.318490 0.101852 0.012500 0.032407
1 0.316927 0.115278 0.014583 0.040741
1 0.284115 0.094907 0.017708 0.023148
1 0.284766 0.103704 0.023177 0.025000
1 0.283073 0.116667 0.021875 0.029630
1 0.278776 0.124306 0.021094 0.024537
0 0.277214 0.130787 0.022656 0.027315
1 0.279557 0.137963 0.020573 0.023148
0 0.310677 0.137963 0.015104 0.037037
1 0.316667 0.153009 0.013021 0.040278
1 0.277344 0.147454 0.021354 0.026389
1 0.267057 0.158796 0.024219 0.039815
1 0.535026 0.013657 0.008073 0.026389
1 0.532031 0.042130 0.010937 0.033333
1 0.566406 0.073611 0.009375 0.032407
1 0.536589 0.085185 0.009635 0.032407
1 0.529687 0.105556 0.011458 0.036111
1 0.522396 0.143519 0.009375 0.035185
0 0.537370 0.184028 0.024740 0.031944
0 0.587500 0.162731 0.008333 0.031019
0 0.501432 0.180556 0.010156 0.034259
0 0.525391 0.175000 0.011719 0.025000
1 0.229948 0.283333 0.029167 0.034259
1 0.253125 0.208796 0.026562 0.021296
1 0.251172 0.220139 0.026823 0.025463
1 0.253516 0.230324 0.029427 0.027315
1 0.246615 0.241898 0.025521 0.027315
1 0.242057 0.250694 0.027344 0.024537
1 0.239193 0.257639 0.023698 0.026389
1 0.235807 0.262269 0.023698 0.024537
1 0.234115 0.273843 0.027604 0.027315
1 0.268229 0.278704 0.011458 0.036111
1 0.290885 0.205787 0.010417 0.038426
1 0.294271 0.214120 0.014583 0.038426
1 0.305078 0.200000 0.014844 0.046296
1 0.319792 0.204861 0.013021 0.039352
1 0.331250 0.203241 0.011979 0.050000
0 0.340755 0.206713 0.011719 0.043056
0 0.284115 0.273148 0.008854 0.042593
1 0.290885 0.276157 0.011458 0.051389
1 0.302083 0.273843 0.010937 0.050463
0 0.311589 0.272917 0.010156 0.041204
1 0.320703 0.275926 0.014323 0.050926
1 0.332161 0.275000 0.013281 0.038889
1 0.343880 0.276157 0.015365 0.035648
1 0.350911 0.279167 0.012240 0.038889
1 0.364193 0.275926 0.011719 0.037037
1 0.348828 0.202083 0.010677 0.040278
1 0.358203 0.203935 0.011198 0.044907
1 0.368359 0.205787 0.013281 0.044907
1 0.379297 0.209259 0.013281 0.036111
1 0.386979 0.205556 0.011979 0.037963
1 0.395052 0.208333 0.015104 0.040741
1 0.404818 0.207176 0.012760 0.039352
1 0.411328 0.205556 0.016406 0.039815
1 0.424870 0.204167 0.012240 0.043519
1 0.440625 0.207176 0.010937 0.041204
0 0.372396 0.268981 0.009896 0.042593
0 0.376693 0.275231 0.010156 0.037500
0 0.383333 0.270833 0.008854 0.039815
1 0.394271 0.267593 0.018229 0.042593
1 0.404948 0.274306 0.018750 0.052315
1 0.417578 0.266898 0.012240 0.043056
1 0.425781 0.271991 0.010417 0.040278
0 0.434766 0.269444 0.011198 0.040741
0 0.443620 0.269213 0.011198 0.037500
1 0.451823 0.209259 0.009896 0.039815
0 0.459115 0.213889 0.010417 0.036111
1 0.466667 0.210648 0.011979 0.039815
0 0.475911 0.207870 0.008073 0.037037
0 0.486979 0.208565 0.008854 0.043056
0 0.493750 0.210880 0.009375 0.043981
0 0.515104 0.219907 0.009896 0.035185
1 0.451823 0.270602 0.014583 0.048611
0 0.464193 0.267361 0.007552 0.039352
1 0.471484 0.270833 0.011198 0.046296
1 0.481510 0.269213 0.012500 0.043056
1 0.493490 0.272685 0.011458 0.037037
1 0.505078 0.275231 0.014323 0.040278
0 0.514844 0.274074 0.008854 0.037963
1 0.523438 0.274074 0.011979 0.036111
1 0.524609 0.206944 0.011719 0.036111
1 0.542839 0.280093 0.012760 0.037037
1 0.599740 0.257870 0.014583 0.048148
0 0.587630 0.130787 0.009635 0.024537
1 0.618359 0.169907 0.029948 0.037037
1 0.628906 0.186806 0.026042 0.024537
1 0.657161 0.171065 0.024740 0.032870
0 0.653255 0.191204 0.025781 0.015741
1 0.686458 0.173611 0.027604 0.025926
1 0.681380 0.188426 0.027344 0.020370
1 0.714453 0.171528 0.015885 0.033796
1 0.715885 0.186111 0.021354 0.019444
1 0.797266 0.006944 0.011719 0.012963
0 0.786979 0.006481 0.007812 0.012037
1 0.784115 0.017130 0.014583 0.022222
1 0.799870 0.024306 0.011198 0.023611
1 0.782552 0.037500 0.008333 0.033333
1 0.789714 0.039352 0.008594 0.031481
1 0.802734 0.037731 0.009635 0.033796
1 0.813021 0.036343 0.010937 0.040278
1 0.789453 0.078241 0.011719 0.033333
1 0.799740 0.072222 0.017708 0.036111
1 0.813672 0.073148 0.014323 0.030556
1 0.826953 0.072454 0.017969 0.028241
1 0.840234 0.090278 0.012240 0.039815
1 0.828776 0.090972 0.012240 0.038426
0 0.818880 0.093056 0.009635 0.037037
0 0.813802 0.093981 0.010417 0.040741
0 0.807161 0.092824 0.009115 0.037500
1 0.801302 0.097222 0.010417 0.039815
1 0.859505 0.128935 0.025260 0.033796
0 0.847005 0.143056 0.017448 0.031481
1 0.836458 0.145139 0.018229 0.038426
1 0.823307 0.148380 0.023177 0.039352
1 0.219010 0.326157 0.027604 0.031944
1 0.213281 0.345139 0.028646 0.030093
1 0.208073 0.362963 0.034375 0.031481
1 0.205859 0.373380 0.032031 0.027315
1 0.201563 0.384954 0.030208 0.027315
1 0.196875 0.394444 0.029687 0.030556
1 0.264974 0.342824 0.014323 0.056019
1 0.275260 0.337037 0.013542 0.055556
1 0.287240 0.341204 0.010937 0.040741
1 0.298307 0.336111 0.014844 0.036111
1 0.311979 0.343750 0.012500 0.040278
1 0.324479 0.334491 0.013021 0.057870
1 0.340365 0.338194 0.013021 0.045833
1 0.337760 0.370833 0.033854 0.037037
0 0.351562 0.336111 0.010417 0.040741
0 0.358464 0.336111 0.010156 0.040741
1 0.367839 0.336343 0.012240 0.039352
1 0.379948 0.330787 0.014063 0.040278
0 0.388802 0.334491 0.009896 0.043981
1 0.397526 0.334028 0.012760 0.055093
0 0.406380 0.337269 0.010156 0.037500
0 0.414323 0.335417 0.010417 0.041204
1 0.423438 0.335880 0.012500 0.040278
0 0.439844 0.333565 0.009896 0.042130
1 0.448437 0.329167 0.010937 0.041667
1 0.461458 0.326389 0.017188 0.048148
1 0.471224 0.328935 0.015365 0.051389
1 0.485677 0.325231 0.017188 0.047685
1 0.495573 0.327315 0.017188 0.043519
1 0.508594 0.331481 0.011979 0.037037
1 0.514714 0.334259 0.012760 0.042593
0 0.524609 0.327083 0.011719 0.043981
1 0.548177 0.372454 0.017188 0.048611
1 0.662109 0.373611 0.038281 0.039815
1 0.697005 0.374306 0.029427 0.046759
1 0.643750 0.409722 0.032292 0.038889
1 0.673568 0.406481 0.034115 0.034259
1 0.711849 0.405324 0.029948 0.037500
1 0.741797 0.411574 0.013281 0.023148
1 0.187500 0.421991 0.030729 0.041204
1 0.190495 0.441204 0.034115 0.043519
1 0.178255 0.451620 0.032031 0.040278
1 0.174479 0.474074 0.035417 0.035185
1 0.170833 0.485648 0.032813 0.032407
1 0.169401 0.500231 0.036719 0.044907
1 0.265885 0.421991 0.019792 0.063426
1 0.305729 0.422222 0.016667 0.048148
1 0.320443 0.424537 0.013281 0.052778
1 0.331901 0.428704 0.015885 0.049074
1 0.347786 0.419213 0.016927 0.058796
1 0.362891 0.421991 0.015365 0.061574
1 0.267839 0.465046 0.036198 0.039352
1 0.262500 0.477778 0.036979 0.043519
1 0.298568 0.466667 0.028906 0.037963
1 0.331901 0.463194 0.034635 0.035648
1 0.330078 0.475231 0.036719 0.040278
0 0.367708 0.474769 0.032813 0.034722
1 0.359505 0.488657 0.035156 0.035648
1 0.405990 0.470833 0.033854 0.049074
1 0.404297 0.415046 0.015365 0.061574
1 0.417839 0.415972 0.015885 0.062500
1 0.428776 0.419213 0.019010 0.051389
1 0.440104 0.424537 0.012500 0.056481
0 0.451172 0.426157 0.013281 0.053241
0 0.461979 0.421528 0.016146 0.051389
1 0.470703 0.413194 0.012240 0.051389
0 0.496615 0.420602 0.011458 0.054167
1 0.508073 0.417824 0.017708 0.056944
0 0.520182 0.418750 0.010677 0.056019
1 0.454427 0.467824 0.034375 0.035648
1 0.447005 0.480324 0.036719 0.045833
1 0.477995 0.487963 0.029948 0.055556
0 0.500130 0.492593 0.013281 0.050926
1 0.520443 0.493519 0.024219 0.061111
1 0.479818 0.507407 0.025260 0.054630
1 0.421615 0.523843 0.032292 0.050463
1 0.533203 0.422222 0.016406 0.060185
1 0.550651 0.438426 0.015885 0.048148
1 0.572786 0.422685 0.015365 0.062963
1 0.567187 0.517824 0.019271 0.049537
0 0.064453 0.575463 0.041406 0.039815
1 0.069271 0.603241 0.042188 0.054630
1 0.018359 0.571991 0.036198 0.047685
1 0.161198 0.536111 0.040625 0.046296
1 0.115234 0.612500 0.025781 0.050000
1 0.136458 0.603009 0.021354 0.054167
1 0.149089 0.601852 0.019010 0.059259
0 0.163672 0.604861 0.030469 0.056019
1 0.183984 0.593750 0.019531 0.070833
1 0.198828 0.595833 0.023177 0.062037
0 0.212760 0.596528 0.017708 0.054167
1 0.227474 0.592593 0.016927 0.075000
1 0.248568 0.591667 0.024219 0.075000
1 0.259375 0.518287 0.036979 0.039352
1 0.297266 0.514352 0.037240 0.041667
1 0.265885 0.575926 0.017188 0.064815
1 0.283073 0.571991 0.020833 0.071759
1 0.299609 0.574769 0.021615 0.065278
1 0.310417 0.578472 0.016667 0.054167
0 0.323047 0.576389 0.016406 0.061111
1 0.338932 0.567130 0.016406 0.074074
1 0.418099 0.576620 0.013281 0.067130
1 0.430339 0.575463 0.015885 0.064815
1 0.443490 0.579167 0.016146 0.054630
1 0.475781 0.588194 0.014063 0.055093
1 0.490625 0.578241 0.016667 0.071296
1 0.504297 0.574537 0.019010 0.068519
1 0.520052 0.572454 0.014583 0.068056
1 0.529167 0.584259 0.011458 0.072222
0 0.539453 0.571991 0.014323 0.049537
1 0.577995 0.576620 0.018490 0.075463
1 0.617318 0.622917 0.021615 0.063426
1 0.086719 0.652546 0.025000 0.080093
1 0.105859 0.650463 0.023698 0.067593
1 0.124219 0.651620 0.022917 0.072685
0 0.140495 0.656019 0.022656 0.069444
1 0.156510 0.661111 0.021875 0.071296
1 0.177865 0.644907 0.026562 0.072222
0 0.200130 0.645139 0.015885 0.069907
0 0.228125 0.646991 0.019792 0.069907
0 0.245312 0.642593 0.016667 0.066667
0 0.272917 0.611806 0.036979 0.048611
1 0.258073 0.645370 0.018229 0.067593
1 0.272266 0.646991 0.020052 0.062500
1 0.289453 0.665509 0.024219 0.064352
1 0.306250 0.633796 0.018750 0.073148
0 0.322266 0.635185 0.016927 0.070370
1 0.337370 0.638657 0.016927 0.070833
1 0.361979 0.647222 0.019271 0.070370
1 0.375521 0.646296 0.021875 0.062963
1 0.395573 0.631713 0.018229 0.069907
1 0.347396 0.690509 0.042188 0.043056
1 0.415234 0.638889 0.014323 0.067593
1 0.430599 0.642130 0.016927 0.071296
1 0.445703 0.641435 0.019010 0.069907
1 0.463672 0.633796 0.019531 0.074074
1 0.481641 0.634028 0.016927 0.078241
1 0.500000 0.635417 0.018750 0.069907
1 0.514974 0.637731 0.018490 0.073611
0 0.533594 0.640046 0.017188 0.067130
1 0.475000 0.702778 0.043750 0.042593
1 0.572656 0.635185 0.031771 0.062963
1 0.578906 0.692361 0.018750 0.059722
1 0.565104 0.729630 0.044271 0.044444
1 0.620052 0.718750 0.023438 0.051389
1 0.664062 0.736574 0.044271 0.065741
1 0.716406 0.717130 0.048438 0.053704
1 0.761068 0.722685 0.040365 0.044444
1 0.749479 0.755093 0.047396 0.052778
1 0.698177 0.777315 0.030729 0.075000
1 0.736589 0.792361 0.047135 0.038426
1 0.788672 0.795833 0.042448 0.035185
1 0.813151 0.766204 0.039323 0.046296
1 0.806641 0.721528 0.050260 0.044907
1 0.863021 0.717130 0.051562 0.040741
1 0.879687 0.784722 0.051042 0.048148
1 0.044401 0.786111 0.035156 0.087963
1 0.047005 0.802083 0.027344 0.073611
1 0.064974 0.794444 0.028906 0.102778
1 0.092839 0.784259 0.042969 0.075000
1 0.095443 0.804630 0.034635 0.089815
1 0.122656 0.799074 0.024479 0.097222
1 0.153385 0.782176 0.027083 0.084722
1 0.168620 0.785880 0.022135 0.088426
1 0.184635 0.779167 0.028125 0.092593
1 0.208854 0.788657 0.021875 0.077315
1 0.245312 0.778009 0.027083 0.079167
1 0.262109 0.778704 0.026823 0.079630
1 0.283464 0.779630 0.024219 0.075000
1 0.300911 0.769907 0.023698 0.091667
1 0.309635 0.776157 0.021875 0.079167
0 0.326172 0.781481 0.016406 0.069444
1 0.344010 0.781944 0.021875 0.065741
1 0.365234 0.778472 0.021615 0.066204
1 0.398828 0.775231 0.016406 0.067130
1 0.413281 0.755556 0.019792 0.062037
1 0.428385 0.777315 0.019792 0.083333
1 0.444531 0.770370 0.019792 0.066667
0 0.461719 0.781250 0.014063 0.067130
1 0.472786 0.776389 0.016927 0.047222
1 0.484896 0.797454 0.017708 0.084722
1 0.500130 0.793056 0.018490 0.070370
1 0.516276 0.792361 0.016927 0.088426
1 0.553516 0.804630 0.020573 0.099074
1 0.584245 0.788889 0.020573 0.091667
1 0.045964 0.884954 0.040365 0.088426
1 0.064062 0.898611 0.039062 0.088889
1 0.089063 0.886574 0.029167 0.098148
1 0.129688 0.863657 0.034896 0.084722
1 0.091667 0.937269 0.058333 0.069907
1 0.168490 0.909028 0.061979 0.080093
1 0.201563 0.848148 0.028125 0.093519
1 0.226042 0.855787 0.025000 0.078241
1 0.266927 0.860417 0.019271 0.086574
1 0.281120 0.867824 0.021615 0.086574
1 0.302344 0.859491 0.019792 0.084722
1 0.319792 0.865046 0.019792 0.090278
1 0.336458 0.866435 0.023958 0.081019
1 0.355339 0.854630 0.020052 0.080556
1 0.385547 0.858565 0.028385 0.084722
1 0.407552 0.852083 0.026562 0.085648
1 0.428646 0.854861 0.021354 0.084722
1 0.451562 0.863889 0.020313 0.063889
1 0.466276 0.852083 0.022135 0.081019
0 0.488411 0.861574 0.016406 0.085185
1 0.511458 0.873843 0.033333 0.087500
1 0.457031 0.912037 0.052604 0.056481
1 0.412630 0.950694 0.056510 0.058796
1 0.680859 0.862037 0.022135 0.079630
1 0.652083 0.877315 0.024479 0.087037
1 0.623958 0.874537 0.022396 0.065741
1 0.591667 0.887963 0.023958 0.068519
0 0.223307 0.979167 0.055990 0.041667
1 0.381250 0.985417 0.047396 0.029167
1 0.517708 0.975231 0.028646 0.049537
1 0.631771 0.964352 0.023958 0.071296
