1 0.372135 0.019676 0.006771 0.017130
1 0.397786 0.034259 0.014844 0.021296
1 0.391276 0.099074 0.022656 0.017593
0 0.390885 0.120833 0.016667 0.014815
1 0.433333 0.031250 0.008854 0.040278
0 0.449479 0.036111 0.007292 0.021296
0 0.468490 0.022222 0.008333 0.023148
0 0.483594 0.021296 0.010417 0.041667
0 0.475391 0.044907 0.005469 0.011111
0 0.460547 0.064583 0.008073 0.020833
0 0.426563 0.076852 0.007292 0.025000
1 0.435417 0.086111 0.007292 0.021296
1 0.448047 0.087500 0.007031 0.034259
1 0.427604 0.133102 0.008333 0.031019
0 0.440755 0.130556 0.006510 0.032407
1 0.456380 0.120139 0.008594 0.034722
1 0.466016 0.142824 0.008073 0.041204
1 0.457552 0.164120 0.008333 0.035648
1 0.446615 0.174306 0.008333 0.031944
1 0.433073 0.173380 0.008854 0.034722
0 0.389323 0.208796 0.018229 0.015741
0 0.422917 0.221065 0.006771 0.031019
1 0.379948 0.232639 0.009896 0.040278
1 0.441406 0.220833 0.008854 0.032407
1 0.453255 0.224306 0.009635 0.035648
1 0.461198 0.205787 0.008333 0.040278
1 0.429688 0.244676 0.008854 0.029167
1 0.436198 0.260880 0.009896 0.041204
1 0.463281 0.277315 0.008333 0.018519
1 0.426302 0.289120 0.009375 0.035648
1 0.441406 0.300926 0.009375 0.027778
1 0.454297 0.306944 0.008594 0.031481
1 0.370573 0.298380 0.011979 0.036574
0 0.388411 0.293056 0.016927 0.021296
1 0.420703 0.336574 0.008594 0.033333
1 0.448047 0.329630 0.009635 0.037037
0 0.427995 0.359028 0.007552 0.027315
1 0.419010 0.394907 0.008854 0.015741
1 0.444531 0.363657 0.009375 0.035648
1 0.454688 0.359722 0.006771 0.032407
0 0.431380 0.397917 0.009115 0.033796
1 0.420964 0.420139 0.008073 0.028241
0 0.440755 0.412963 0.008073 0.033333
1 0.454688 0.429861 0.009375 0.032870
1 0.467839 0.425463 0.007552 0.019444
1 0.469922 0.457639 0.007552 0.017130
1 0.475781 0.482870 0.007292 0.030556
0 0.459635 0.471528 0.008333 0.032870
1 0.449740 0.483333 0.008854 0.032407
1 0.443229 0.449306 0.008333 0.034722
1 0.425000 0.466435 0.007812 0.031019
1 0.434375 0.491204 0.008333 0.029630
1 0.443490 0.508565 0.007812 0.028241
1 0.459896 0.524306 0.008333 0.015278
1 0.387240 0.429398 0.008333 0.033796
1 0.373698 0.469676 0.008854 0.030093
1 0.353385 0.484491 0.013021 0.014352
1 0.351693 0.538194 0.013802 0.023611
1 0.380990 0.548843 0.015104 0.023611
1 0.366016 0.577546 0.007031 0.031944
1 0.438542 0.533565 0.006771 0.028241
1 0.420182 0.590509 0.010677 0.031944
1 0.427995 0.586574 0.008594 0.026852
1 0.451823 0.545370 0.008333 0.033333
1 0.451172 0.585417 0.009635 0.036574
1 0.445182 0.614815 0.014323 0.028704
1 0.424740 0.623611 0.007812 0.033333
1 0.379297 0.628935 0.008594 0.033796
1 0.542578 0.614815 0.014323 0.021296
0 0.525521 0.635185 0.013542 0.023148
0 0.497005 0.640278 0.007031 0.033333
1 0.490755 0.601389 0.008073 0.027778
1 0.486979 0.631713 0.013021 0.015278
1 0.470703 0.647222 0.009635 0.037037
1 0.454297 0.685185 0.014323 0.017593
1 0.514062 0.643056 0.007812 0.025926
1 0.504557 0.642361 0.007031 0.033796
0 0.564583 0.664352 0.012500 0.019444
1 0.319401 0.537731 0.007552 0.029167
1 0.300000 0.541667 0.008333 0.026852
1 0.275911 0.541204 0.008594 0.025926
1 0.182552 0.534722 0.009896 0.031481
1 0.196484 0.539120 0.009635 0.028241
1 0.217188 0.537269 0.015104 0.023611
1 0.228776 0.545139 0.009635 0.019907
1 0.113802 0.534722 0.010937 0.033333
1 0.097266 0.535417 0.013802 0.033796
1 0.501563 0.584722 0.008333 0.025000
0 0.620052 0.622454 0.011458 0.027315
0 0.652734 0.625231 0.013281 0.031019
1 0.637630 0.617824 0.010677 0.022685
1 0.704036 0.546528 0.008073 0.032870
1 0.724479 0.549537 0.009375 0.035185
1 0.732943 0.551157 0.009635 0.031019
1 0.744792 0.551620 0.010937 0.029167
1 0.751302 0.550231 0.009896 0.027315
1 0.777083 0.548148 0.010417 0.028704
1 0.789714 0.553472 0.009635 0.033796
1 0.749609 0.644213 0.010156 0.036574
0 0.807031 0.632407 0.010417 0.032407
1 0.825651 0.635417 0.011719 0.033796
1 0.831120 0.628009 0.010156 0.028241
1 0.842057 0.631481 0.007031 0.027778
1 0.856901 0.635880 0.012240 0.037500
1 0.871354 0.654398 0.009375 0.033796
1 0.910156 0.644676 0.013542 0.035648
1 0.918229 0.657870 0.011979 0.032407
0 0.930208 0.648148 0.010417 0.030556
0 0.947005 0.654167 0.012240 0.034259
1 0.995964 0.811574 0.008073 0.033333
1 0.982812 0.810880 0.010937 0.031944
1 0.975521 0.806250 0.013021 0.034722
1 0.966276 0.801157 0.012240 0.033796
1 0.945443 0.710880 0.011198 0.036574
1 0.900521 0.734722 0.024479 0.016667
1 0.908333 0.749306 0.017708 0.017130
1 0.930599 0.802546 0.010677 0.029167
1 0.911849 0.791204 0.014844 0.032407
1 0.845182 0.730787 0.019531 0.013426
0 0.860417 0.691667 0.010937 0.032407
0 0.870964 0.698148 0.009635 0.033333
1 0.820964 0.840046 0.006510 0.038426
0 0.828125 0.837963 0.006250 0.033333
0 0.846484 0.801620 0.008594 0.032870
1 0.854427 0.843750 0.007812 0.030093
1 0.868359 0.844676 0.009115 0.041204
1 0.899609 0.844907 0.010156 0.038889
1 0.906510 0.841898 0.009375 0.029167
1 0.987760 0.848380 0.013542 0.036574
1 0.983854 0.957870 0.011458 0.033333
1 0.949870 0.953009 0.010156 0.032870
1 0.936068 0.950000 0.010677 0.035185
1 0.918099 0.943981 0.010677 0.035185
1 0.844010 0.950231 0.013021 0.031019
0 0.829948 0.950694 0.014583 0.028241
1 0.776172 0.947917 0.010156 0.035648
1 0.804688 0.954630 0.010937 0.032407
1 0.786068 0.763889 0.016927 0.024074
1 0.750521 0.785880 0.008333 0.024537
1 0.740234 0.762500 0.010677 0.033333
1 0.715365 0.774306 0.010937 0.028241
1 0.712500 0.745139 0.011458 0.036574
1 0.723568 0.657639 0.009635 0.030093
0 0.758724 0.693056 0.009115 0.033333
0 0.766667 0.693519 0.009375 0.034259
0 0.695182 0.691204 0.010156 0.030556
0 0.646875 0.684259 0.005208 0.032407
0 0.642708 0.684259 0.005729 0.033333
0 0.639193 0.684491 0.004427 0.031944
0 0.636719 0.683796 0.004687 0.032407
0 0.633073 0.682639 0.005208 0.031944
0 0.627995 0.682176 0.008073 0.031019
0 0.624219 0.681019 0.005208 0.031481
0 0.621224 0.680556 0.005469 0.032407
0 0.617448 0.681250 0.005208 0.032870
0 0.614193 0.682870 0.004427 0.032407
0 0.610807 0.687731 0.005469 0.030093
0 0.608594 0.681944 0.005729 0.031481
0 0.603906 0.687037 0.005729 0.031481
0 0.598047 0.686806 0.006510 0.029167
0 0.671615 0.734954 0.013021 0.029167
0 0.658464 0.733102 0.008073 0.033796
0 0.649609 0.732176 0.007031 0.032870
0 0.575651 0.733102 0.017448 0.011574
0 0.573828 0.756481 0.017448 0.009259
0 0.581641 0.782176 0.017969 0.014352
0 0.585938 0.903472 0.017188 0.019907
1 0.575130 0.838426 0.016927 0.018519
0 0.587891 0.993981 0.007031 0.012037
1 0.498828 0.896296 0.007031 0.021296
1 0.486328 0.985880 0.009115 0.028241
1 0.469141 0.977778 0.012760 0.029630
0 0.450651 0.966667 0.007031 0.029630
1 0.434115 0.959722 0.011458 0.034259
0 0.404818 0.990741 0.007552 0.018519
1 0.420443 0.925463 0.010156 0.032407
1 0.357031 0.965046 0.012500 0.027315
1 0.356641 0.932639 0.011198 0.029167
1 0.374349 0.933102 0.011719 0.030093
1 0.386458 0.904861 0.010417 0.035648
1 0.371354 0.880093 0.009375 0.030556
1 0.364583 0.873380 0.009896 0.031019
1 0.392448 0.848843 0.009896 0.032870
1 0.376693 0.825694 0.009115 0.033796
1 0.363932 0.819907 0.010156 0.034259
1 0.450391 0.931481 0.008073 0.031481
1 0.440104 0.905556 0.008333 0.034259
1 0.430469 0.880556 0.008854 0.035185
1 0.425911 0.850463 0.009115 0.032407
1 0.440495 0.849306 0.008073 0.031944
1 0.447526 0.832870 0.008594 0.033333
1 0.457422 0.845139 0.007552 0.031019
1 0.475391 0.854398 0.008073 0.031019
1 0.454818 0.886574 0.007552 0.032407
1 0.470703 0.911343 0.009115 0.032870
1 0.483203 0.920370 0.008073 0.030556
1 0.369922 0.701852 0.010156 0.035185
1 0.367318 0.736343 0.009115 0.033796
1 0.386589 0.711806 0.008073 0.032870
1 0.382292 0.758102 0.009375 0.032870
1 0.393099 0.763426 0.008594 0.033333
1 0.375260 0.788194 0.007812 0.029167
1 0.395703 0.799769 0.008073 0.033796
1 0.431120 0.790509 0.008073 0.031019
1 0.440495 0.793981 0.005990 0.029630
1 0.450130 0.790278 0.007552 0.032407
1 0.463151 0.771759 0.007552 0.031481
1 0.475911 0.803472 0.008594 0.034722
1 0.436589 0.744676 0.008594 0.034722
