1 0.951172 0.008333 0.010677 0.015741
1 0.919792 0.009722 0.009375 0.018519
1 0.966406 0.117593 0.013542 0.042593
1 0.947135 0.092361 0.015625 0.051389
1 0.930208 0.090046 0.012500 0.035648
1 0.917578 0.086806 0.012240 0.033796
1 0.911458 0.094444 0.015625 0.047222
1 0.867708 0.007870 0.008333 0.014815
1 0.848437 0.005093 0.007292 0.009259
1 0.817057 0.007176 0.004948 0.013426
1 0.809245 0.007176 0.006510 0.013426
1 0.795443 0.006944 0.005990 0.012963
1 0.785026 0.008102 0.007031 0.015278
1 0.992188 0.214120 0.015625 0.016204
0 0.966146 0.171528 0.011979 0.039352
0 0.952474 0.163889 0.016406 0.039815
0 0.886719 0.092824 0.011458 0.040278
1 0.816797 0.110417 0.010677 0.044907
1 0.933854 0.210417 0.025000 0.014352
1 0.761849 0.005556 0.005990 0.010185
0 0.711719 0.007870 0.004687 0.014815
1 0.734766 0.040972 0.020573 0.021759
1 0.784766 0.092824 0.012240 0.043981
0 0.748958 0.168750 0.011979 0.040278
0 0.833854 0.168056 0.020313 0.040741
1 0.700911 0.084028 0.012240 0.036574
0 0.694271 0.090972 0.008333 0.039352
0 0.675000 0.085648 0.008854 0.039815
0 0.657813 0.088889 0.011979 0.037963
0 0.637760 0.085185 0.011979 0.039815
0 0.689714 0.162500 0.005990 0.039815
0 0.685417 0.164583 0.006250 0.041204
0 0.680990 0.165278 0.006250 0.039815
0 0.677083 0.163657 0.005729 0.040278
0 0.673047 0.161343 0.007031 0.041204
0 0.666927 0.160185 0.007812 0.038889
0 0.662370 0.160185 0.006510 0.041667
0 0.658073 0.159491 0.006250 0.040278
0 0.653516 0.160185 0.006510 0.042593
0 0.650000 0.162963 0.004687 0.041667
0 0.646224 0.168056 0.005990 0.042593
0 0.642448 0.161111 0.005208 0.041667
0 0.637760 0.167361 0.007292 0.042130
0 0.630469 0.169444 0.008854 0.040741
0 0.620182 0.156250 0.009115 0.039352
0 0.616927 0.129167 0.006771 0.041667
0 0.608073 0.105093 0.020313 0.018519
0 0.602995 0.129398 0.017969 0.021759
0 0.586458 0.089120 0.019271 0.026389
0 0.723437 0.226852 0.010937 0.037963
0 0.704427 0.223380 0.011458 0.043056
0 0.694141 0.220602 0.009115 0.040278
0 0.578516 0.170370 0.019531 0.020370
0 0.603906 0.221759 0.021875 0.017593
0 0.542448 0.012037 0.010937 0.023148
1 0.533724 0.085185 0.016927 0.044444
1 0.538281 0.111574 0.013542 0.031481
1 0.515755 0.132870 0.008073 0.037037
1 0.497005 0.145602 0.010677 0.035648
1 0.503125 0.089815 0.010937 0.050926
1 0.505339 0.031944 0.010156 0.043519
1 0.490365 0.006019 0.006250 0.011111
1 0.472005 0.010880 0.009115 0.020833
1 0.462109 0.034259 0.009115 0.037037
1 0.481901 0.072917 0.014323 0.032870
0 0.460026 0.078935 0.010156 0.031944
1 0.442188 0.005787 0.007812 0.010648
1 0.449349 0.023611 0.011198 0.045370
1 0.427344 0.027546 0.011458 0.041204
1 0.431771 0.083102 0.009896 0.040278
1 0.443880 0.093981 0.009635 0.037037
1 0.462240 0.123611 0.009896 0.032407
1 0.445833 0.152315 0.008854 0.036111
0 0.519141 0.174537 0.010677 0.037037
0 0.514583 0.215741 0.010937 0.031481
1 0.500260 0.207176 0.012500 0.042130
1 0.424219 0.204167 0.010937 0.046296
0 0.392708 0.047685 0.016667 0.029630
1 0.349349 0.091204 0.011719 0.041667
1 0.346354 0.147917 0.010417 0.043981
1 0.954167 0.246296 0.022917 0.020370
1 0.862500 0.253009 0.022396 0.030093
0 0.935547 0.298611 0.013802 0.040741
0 0.912500 0.342824 0.008333 0.040278
1 0.903385 0.343287 0.009896 0.043981
1 0.943880 0.350000 0.009115 0.037963
1 0.961198 0.348611 0.010937 0.046296
1 0.996094 0.348148 0.007812 0.045370
0 0.598568 0.251852 0.023177 0.015741
0 0.609635 0.284028 0.023438 0.015278
1 0.600521 0.351389 0.021354 0.023148
1 0.439193 0.262500 0.010677 0.039815
1 0.491536 0.258102 0.010156 0.037500
0 0.475130 0.324537 0.010156 0.039815
0 0.507812 0.367130 0.006771 0.034259
1 0.485547 0.324769 0.009115 0.043981
1 0.442318 0.318981 0.009635 0.035185
1 0.453906 0.366435 0.010417 0.043981
1 0.436719 0.415741 0.011979 0.041667
1 0.365365 0.249306 0.010417 0.037500
1 0.359245 0.333565 0.010156 0.045833
1 0.372526 0.396296 0.011198 0.040741
1 0.345443 0.330324 0.010156 0.040278
1 0.342187 0.373380 0.010417 0.043981
1 0.305599 0.493056 0.017969 0.032407
1 0.290755 0.553009 0.018490 0.023611
1 0.283203 0.576389 0.018490 0.033333
1 0.296745 0.587269 0.022135 0.026389
1 0.315625 0.526852 0.015625 0.031481
1 0.325260 0.482870 0.015104 0.030556
1 0.331120 0.435880 0.013281 0.040278
1 0.350651 0.444444 0.015365 0.037037
1 0.357682 0.481713 0.014844 0.036574
1 0.333073 0.503472 0.013542 0.039352
1 0.336979 0.537269 0.017708 0.033796
1 0.412109 0.470602 0.013802 0.042130
1 0.433594 0.482870 0.011458 0.038889
1 0.474870 0.471759 0.013802 0.043519
1 0.390885 0.539352 0.014583 0.032407
1 0.400781 0.555093 0.013021 0.029630
1 0.422526 0.557176 0.014844 0.035648
1 0.435937 0.575926 0.011979 0.031481
1 0.555339 0.544213 0.011719 0.029167
0 0.536458 0.585880 0.021354 0.018056
1 0.931510 0.478472 0.016667 0.040278
0 0.912891 0.480324 0.020052 0.033796
1 0.881380 0.487269 0.013802 0.035648
1 0.847135 0.479398 0.014063 0.042130
0 0.597917 0.562963 0.008854 0.037963
1 0.265495 0.604630 0.020573 0.024074
1 0.210547 0.735417 0.024219 0.019907
1 0.235026 0.741898 0.023698 0.019907
1 0.257031 0.715741 0.022917 0.017593
1 0.269141 0.740046 0.022135 0.018056
0 0.288672 0.744444 0.022656 0.016667
1 0.291276 0.697917 0.023698 0.025463
1 0.305469 0.709259 0.021354 0.023148
1 0.357031 0.613194 0.018229 0.029167
1 0.340365 0.658102 0.020833 0.026389
1 0.339453 0.702083 0.024219 0.018056
1 0.334635 0.746528 0.020313 0.026389
1 0.389323 0.600694 0.018229 0.032870
1 0.373177 0.647222 0.013021 0.032407
1 0.397656 0.635185 0.015625 0.032407
1 0.374349 0.700000 0.014323 0.038889
1 0.401432 0.695370 0.016406 0.030556
1 0.426172 0.633796 0.013802 0.030556
1 0.462370 0.592593 0.016406 0.039815
1 0.448828 0.649769 0.008594 0.033796
1 0.471484 0.670602 0.011198 0.041204
1 0.450130 0.720602 0.019010 0.017130
1 0.460026 0.741204 0.018490 0.024074
1 0.488021 0.608796 0.010417 0.036111
1 0.490104 0.683333 0.010937 0.039815
1 0.554688 0.744213 0.023958 0.018981
0 0.006771 0.845139 0.013021 0.020833
1 0.036458 0.817361 0.023438 0.021759
1 0.055208 0.852778 0.022917 0.018519
1 0.110286 0.839583 0.020052 0.015278
0 0.166927 0.818287 0.022396 0.019907
0 0.191276 0.764352 0.024219 0.017593
0 0.199479 0.809954 0.021354 0.018056
0 0.206120 0.874074 0.025781 0.011111
0 0.214193 0.828009 0.022656 0.019907
1 0.242318 0.872685 0.020052 0.013889
1 0.238281 0.826852 0.023438 0.019444
1 0.260547 0.839583 0.020052 0.016204
1 0.263021 0.806481 0.021875 0.018519
1 0.221354 0.772917 0.025000 0.019907
1 0.240885 0.785648 0.023438 0.023148
1 0.254557 0.762963 0.020573 0.018519
1 0.286719 0.771991 0.022917 0.023611
0 0.307552 0.783796 0.022917 0.016667
1 0.286068 0.808796 0.020052 0.016667
1 0.293490 0.830556 0.020833 0.015741
1 0.311849 0.858333 0.019531 0.015741
1 0.366016 0.884491 0.024740 0.019907
1 0.363672 0.821296 0.026302 0.016667
1 0.363672 0.797685 0.024219 0.012963
0 0.340755 0.768287 0.019531 0.027315
1 0.360938 0.764815 0.017188 0.020370
1 0.393880 0.760880 0.013281 0.037500
1 0.419271 0.755324 0.011979 0.038426
1 0.435937 0.886574 0.010937 0.041667
0 0.508073 0.835880 0.020313 0.023611
1 0.551302 0.784028 0.022917 0.021759
1 0.547266 0.825694 0.019531 0.021759
1 0.556250 0.885880 0.022917 0.022685
1 0.606771 0.825463 0.022396 0.018519
1 0.647917 0.890046 0.025521 0.023611
1 0.682813 0.858102 0.023958 0.020833
1 0.716276 0.808102 0.021094 0.018056
1 0.709766 0.875694 0.018490 0.021759
1 0.738281 0.862269 0.028125 0.023611
1 0.767969 0.830093 0.028646 0.028704
0 0.773047 0.849306 0.020573 0.017130
0 0.842839 0.839120 0.024740 0.020833
0 0.840755 0.872454 0.025781 0.018056
0 0.882943 0.871296 0.028385 0.021296
0 0.889714 0.807870 0.023177 0.020370
0 0.947786 0.834954 0.033594 0.024537
1 0.418880 0.941435 0.013281 0.036574
1 0.433203 0.987731 0.020573 0.024537
1 0.215104 0.980324 0.022396 0.019907
1 0.242578 0.992130 0.024219 0.015741
