1 0.840365 0.989120 0.018750 0.021759
1 0.825781 0.973611 0.042708 0.052778
1 0.816276 0.899074 0.050260 0.051852
1 0.811198 0.869676 0.042188 0.051389
1 0.804818 0.835648 0.045052 0.044444
1 0.784635 0.806713 0.045833 0.056944
1 0.796354 0.790278 0.045833 0.047222
1 0.788021 0.768287 0.043229 0.049537
0 0.782813 0.751620 0.039062 0.041204
1 0.763542 0.720370 0.043229 0.044444
1 0.765755 0.705093 0.042969 0.048148
1 0.759896 0.663889 0.042188 0.050926
1 0.756120 0.627546 0.039323 0.049537
1 0.753906 0.606713 0.033333 0.053241
1 0.743229 0.553472 0.035417 0.034722
1 0.738802 0.515972 0.035937 0.040278
1 0.735547 0.491898 0.037760 0.042130
1 0.738411 0.481713 0.033073 0.033796
1 0.737370 0.457639 0.023177 0.035648
1 0.727734 0.444907 0.022656 0.038889
1 0.722005 0.433102 0.032031 0.039352
1 0.720833 0.412500 0.031250 0.037037
0 0.719010 0.401389 0.023438 0.033333
1 0.718359 0.385185 0.028906 0.033333
1 0.709115 0.328704 0.030729 0.040741
1 0.682813 0.334954 0.011458 0.050463
1 0.663542 0.337269 0.015104 0.047685
1 0.650391 0.334491 0.014844 0.046759
1 0.661328 0.382176 0.010677 0.047685
1 0.664193 0.985417 0.046094 0.029167
0 0.607682 0.958102 0.045573 0.047685
1 0.605729 0.890509 0.050521 0.062500
1 0.599349 0.863657 0.047656 0.056944
1 0.595964 0.806713 0.046615 0.049537
1 0.593229 0.778009 0.032813 0.046759
1 0.594531 0.751620 0.042708 0.050463
1 0.579818 0.732407 0.034115 0.056481
1 0.641667 0.746528 0.037500 0.035648
1 0.648177 0.770139 0.045833 0.044907
1 0.650781 0.796991 0.048438 0.055093
1 0.654818 0.833565 0.047656 0.055093
1 0.658724 0.872454 0.052344 0.045833
1 0.652865 0.908333 0.038021 0.037963
1 0.665625 0.931481 0.039062 0.033333
1 0.666927 0.951389 0.053125 0.038889
1 0.592448 0.626852 0.031771 0.037037
1 0.589714 0.606713 0.037240 0.047685
1 0.582292 0.590046 0.033854 0.041204
1 0.584766 0.570833 0.037760 0.037963
1 0.588542 0.555556 0.028646 0.033333
1 0.587500 0.536574 0.034896 0.033333
1 0.588932 0.519907 0.025781 0.035185
1 0.586458 0.502546 0.035937 0.042130
1 0.585677 0.481481 0.028646 0.036111
1 0.583073 0.466898 0.030729 0.038426
1 0.580339 0.450463 0.025260 0.037037
1 0.579818 0.437269 0.025781 0.032870
1 0.580208 0.419676 0.030208 0.038426
1 0.573958 0.400231 0.028646 0.036574
0 0.576302 0.378241 0.030729 0.034259
1 0.576432 0.353935 0.029427 0.033796
1 0.567708 0.332870 0.021875 0.036111
1 0.552734 0.329861 0.012240 0.041204
1 0.525651 0.333796 0.010156 0.053704
1 0.634635 0.596065 0.041146 0.041204
1 0.626042 0.538657 0.035937 0.045833
1 0.626953 0.507639 0.039844 0.032870
1 0.624219 0.486806 0.028646 0.033796
1 0.620443 0.474074 0.027344 0.029630
1 0.623047 0.457639 0.035156 0.036574
1 0.619401 0.446759 0.025781 0.025000
1 0.621745 0.436806 0.026302 0.025463
1 0.625260 0.425463 0.038542 0.028704
1 0.618359 0.413889 0.034635 0.032407
1 0.612891 0.399769 0.025260 0.027315
1 0.617969 0.384259 0.035417 0.038889
1 0.611198 0.341667 0.030729 0.032407
1 0.612500 0.328704 0.029167 0.030556
1 0.446224 0.979861 0.048177 0.040278
0 0.457682 0.948843 0.041927 0.045833
0 0.454297 0.903704 0.040365 0.051852
0 0.463542 0.857639 0.042188 0.049537
1 0.507031 0.960880 0.014063 0.078241
1 0.506510 0.872917 0.019271 0.069907
1 0.513411 0.770139 0.014844 0.082870
1 0.363932 0.972917 0.038281 0.054167
1 0.372396 0.920139 0.052604 0.052315
1 0.388281 0.899074 0.037500 0.051852
1 0.406380 0.858565 0.044010 0.050463
1 0.406901 0.832870 0.049219 0.046296
1 0.408333 0.798611 0.048438 0.050926
1 0.406901 0.774306 0.036198 0.047685
1 0.401302 0.740509 0.045312 0.038426
1 0.420833 0.716898 0.035937 0.053241
1 0.459245 0.730093 0.038281 0.044444
1 0.460677 0.693287 0.038542 0.042130
1 0.514974 0.709028 0.014844 0.053241
1 0.515234 0.658333 0.015365 0.053704
1 0.459505 0.667130 0.040885 0.045370
0 0.412109 0.678241 0.033073 0.045370
1 0.417187 0.659028 0.036979 0.042130
1 0.483073 0.637963 0.037500 0.039815
0 0.421354 0.635648 0.033854 0.039815
0 0.479427 0.608102 0.036979 0.041204
1 0.479167 0.568287 0.037500 0.043056
1 0.476823 0.530556 0.036979 0.040741
1 0.421094 0.613426 0.040625 0.047222
1 0.414844 0.599306 0.035417 0.041204
1 0.417318 0.581481 0.028385 0.033333
1 0.417318 0.553241 0.034115 0.038889
1 0.419792 0.532176 0.027604 0.034722
1 0.440365 0.518056 0.030729 0.037963
1 0.425000 0.509259 0.023958 0.040741
1 0.438542 0.493056 0.027604 0.031481
1 0.437760 0.479861 0.024479 0.031019
0 0.437500 0.467361 0.031250 0.031944
1 0.436719 0.451852 0.033854 0.037037
1 0.441797 0.431713 0.030469 0.033796
0 0.426563 0.403241 0.027604 0.036111
0 0.432292 0.393519 0.027604 0.029630
0 0.432422 0.383102 0.026302 0.029167
1 0.435026 0.373611 0.023177 0.029630
1 0.434375 0.364352 0.021875 0.030556
0 0.434766 0.350926 0.026302 0.032407
0 0.433984 0.343519 0.026823 0.024074
0 0.436198 0.333102 0.025521 0.027315
1 0.438672 0.321991 0.024219 0.030093
0 0.485807 0.303704 0.025781 0.018519
1 0.443880 0.301157 0.028906 0.031944
0 0.446094 0.290046 0.026562 0.033796
1 0.441667 0.266898 0.020833 0.034722
1 0.448307 0.249537 0.023177 0.029630
1 0.453255 0.232407 0.024740 0.038889
1 0.456641 0.222917 0.024219 0.030093
1 0.458594 0.214583 0.024479 0.028241
1 0.458854 0.208565 0.022917 0.027315
1 0.459505 0.196991 0.025781 0.027315
1 0.464974 0.184259 0.022135 0.033333
1 0.469010 0.170370 0.022396 0.027778
1 0.466667 0.153704 0.024479 0.030556
1 0.466406 0.140278 0.023958 0.025926
1 0.465755 0.130787 0.023177 0.027315
1 0.456641 0.131944 0.022135 0.030556
1 0.481641 0.011806 0.016927 0.022685
1 0.475911 0.015741 0.021094 0.027778
1 0.475651 0.021991 0.015365 0.024537
1 0.473958 0.029630 0.018229 0.025000
1 0.469531 0.042361 0.019792 0.025463
1 0.482812 0.053241 0.015625 0.025000
1 0.469401 0.059954 0.018490 0.026389
1 0.467318 0.067361 0.019531 0.026389
1 0.466536 0.073611 0.022135 0.025000
1 0.470703 0.093287 0.023177 0.023611
1 0.467057 0.097917 0.023698 0.026389
1 0.463932 0.122454 0.022135 0.025463
1 0.464974 0.111574 0.016927 0.020370
1 0.430729 0.190509 0.010937 0.034722
0 0.563802 0.159259 0.013021 0.033333
1 0.537891 0.136343 0.024740 0.027315
1 0.535677 0.116204 0.023958 0.030556
1 0.538281 0.105787 0.020313 0.026389
1 0.536979 0.086111 0.020313 0.024074
1 0.537109 0.075926 0.022135 0.025000
1 0.537370 0.066204 0.022135 0.025000
1 0.241276 0.988657 0.029948 0.022685
1 0.250391 0.978472 0.038802 0.043056
1 0.261198 0.959722 0.041667 0.058333
1 0.265104 0.927546 0.040104 0.049537
1 0.264974 0.903241 0.045052 0.042593
1 0.266146 0.881481 0.034375 0.028704
1 0.287760 0.853935 0.014583 0.028241
1 0.326693 0.600694 0.030469 0.030093
1 0.326562 0.581250 0.038542 0.031944
1 0.328906 0.564583 0.034375 0.031944
1 0.345703 0.542130 0.014323 0.029630
1 0.349609 0.498148 0.019010 0.025926
1 0.382552 0.324537 0.014063 0.028704
0 0.383464 0.221759 0.014323 0.022222
1 0.407813 0.175231 0.007292 0.013426
1 0.409505 0.166435 0.008073 0.014352
1 0.407422 0.153472 0.010156 0.015278
1 0.307812 0.717130 0.031771 0.042593
