1 0.842708 0.990741 0.043750 0.018519
1 0.836589 0.967593 0.049740 0.050926
1 0.813411 0.932407 0.051823 0.062963
1 0.826172 0.911574 0.049219 0.054630
1 0.816927 0.886574 0.049479 0.055556
0 0.809635 0.869676 0.041146 0.042130
1 0.789453 0.829861 0.046094 0.048611
1 0.791016 0.814120 0.046615 0.056944
1 0.783464 0.770602 0.045052 0.046759
1 0.778385 0.728241 0.043229 0.043519
1 0.776042 0.698148 0.036458 0.052778
1 0.763542 0.638194 0.039583 0.039352
1 0.757552 0.595833 0.037500 0.038889
1 0.755859 0.564583 0.040885 0.044907
1 0.756641 0.549306 0.034115 0.040278
1 0.755208 0.526852 0.023438 0.037037
1 0.745443 0.512037 0.025260 0.043519
1 0.738151 0.497454 0.030990 0.040278
1 0.737240 0.475926 0.032292 0.043519
0 0.736328 0.462269 0.028385 0.037500
1 0.733724 0.444444 0.031510 0.037963
1 0.722656 0.384028 0.032292 0.042130
1 0.695443 0.386806 0.013802 0.056944
1 0.675130 0.392361 0.016406 0.050463
1 0.660807 0.388426 0.015885 0.052778
1 0.673568 0.443981 0.012760 0.050926
1 0.528255 0.387731 0.011198 0.056019
1 0.557031 0.382407 0.012500 0.044444
1 0.573047 0.386806 0.022656 0.036574
1 0.582682 0.411806 0.030990 0.035648
1 0.621224 0.378704 0.030990 0.039815
1 0.619141 0.394444 0.032552 0.036111
0 0.582682 0.436343 0.031510 0.035648
1 0.585938 0.448148 0.026042 0.032407
1 0.581771 0.463426 0.033333 0.035185
1 0.626693 0.442361 0.037760 0.043981
1 0.622786 0.459491 0.027865 0.031944
1 0.627344 0.478472 0.038021 0.030093
1 0.635807 0.490972 0.040885 0.034722
1 0.586849 0.484259 0.031510 0.040741
1 0.587630 0.504167 0.028385 0.034259
1 0.630990 0.503241 0.027604 0.028704
1 0.632552 0.515046 0.032292 0.029167
1 0.632943 0.530324 0.037240 0.033796
1 0.587760 0.517824 0.026562 0.036574
1 0.590365 0.539815 0.031250 0.037037
1 0.593750 0.554630 0.030208 0.038889
1 0.594401 0.580093 0.038281 0.037037
1 0.630859 0.542593 0.029427 0.035185
1 0.634896 0.558796 0.029687 0.039815
1 0.637760 0.583565 0.042188 0.036574
1 0.595443 0.597685 0.029948 0.036111
1 0.636849 0.619676 0.040365 0.051389
1 0.596615 0.617824 0.038021 0.034722
1 0.598047 0.636806 0.030469 0.035648
1 0.594141 0.657176 0.039323 0.038426
1 0.590365 0.681944 0.036979 0.039815
1 0.599349 0.700694 0.038281 0.043981
1 0.647656 0.684722 0.042708 0.048148
1 0.602865 0.725463 0.034375 0.036111
1 0.590104 0.846296 0.037500 0.058333
1 0.606380 0.870139 0.046094 0.046759
1 0.604818 0.898611 0.036719 0.048148
1 0.608594 0.937037 0.050000 0.050926
1 0.657031 0.862731 0.037500 0.043981
1 0.664844 0.887500 0.052604 0.050926
1 0.667578 0.928704 0.053385 0.049074
1 0.672656 0.970602 0.050521 0.054167
1 0.608854 0.986574 0.044271 0.026852
0 0.566927 0.193981 0.013021 0.035185
1 0.540885 0.170139 0.026042 0.027315
0 0.538672 0.148611 0.024219 0.030556
1 0.541406 0.136574 0.022396 0.027778
1 0.539453 0.115741 0.021094 0.024074
1 0.539844 0.104630 0.023438 0.026852
1 0.539453 0.093519 0.023177 0.025926
1 0.478646 0.009722 0.021354 0.018519
1 0.476432 0.015741 0.022656 0.024074
1 0.472917 0.023611 0.022917 0.024074
1 0.480208 0.034954 0.020833 0.025463
1 0.475781 0.041204 0.021875 0.026852
1 0.474349 0.047222 0.019531 0.023148
1 0.471484 0.053472 0.022656 0.027315
1 0.469401 0.068981 0.021094 0.028704
1 0.482292 0.081713 0.018750 0.024537
1 0.467578 0.086343 0.021615 0.029167
1 0.466536 0.095602 0.022656 0.027315
1 0.465234 0.105556 0.023698 0.028704
1 0.470703 0.121528 0.026302 0.028241
1 0.467187 0.128704 0.026562 0.027778
1 0.466667 0.139352 0.017708 0.024074
1 0.464453 0.159491 0.027865 0.029167
1 0.457031 0.166667 0.025000 0.029630
1 0.465495 0.169676 0.025781 0.027315
1 0.467578 0.181944 0.025781 0.025926
1 0.465885 0.193981 0.027604 0.028704
1 0.469531 0.206944 0.023438 0.027778
1 0.464583 0.223380 0.023958 0.034722
1 0.459635 0.236806 0.027604 0.031019
1 0.458594 0.249306 0.025521 0.029167
1 0.457682 0.256944 0.025781 0.029630
1 0.456641 0.265509 0.025260 0.030093
1 0.452344 0.275463 0.025521 0.039815
1 0.447656 0.294907 0.023958 0.028704
1 0.440234 0.313657 0.022656 0.036574
0 0.486068 0.354167 0.024740 0.021296
0 0.444922 0.339815 0.026823 0.032407
1 0.442969 0.351620 0.031250 0.034722
1 0.436719 0.374769 0.026562 0.030093
0 0.434375 0.388889 0.027083 0.028704
0 0.432552 0.397685 0.028646 0.032407
0 0.432682 0.406481 0.026823 0.031481
1 0.433203 0.421296 0.023698 0.028704
1 0.432812 0.431019 0.025000 0.027778
0 0.430078 0.442593 0.028385 0.033333
0 0.429167 0.453241 0.029687 0.033333
0 0.424219 0.465972 0.029167 0.034722
1 0.440755 0.498148 0.030469 0.036111
1 0.435026 0.521528 0.038281 0.036574
0 0.435286 0.538194 0.033594 0.033796
1 0.435156 0.552083 0.028646 0.033796
1 0.436328 0.566667 0.028906 0.031481
1 0.421484 0.585648 0.025260 0.043519
1 0.437500 0.592824 0.034375 0.044907
1 0.477995 0.611343 0.038802 0.043981
1 0.416797 0.612037 0.028906 0.037037
1 0.413281 0.636111 0.036979 0.041667
1 0.412630 0.667130 0.030990 0.036111
1 0.479948 0.654861 0.039583 0.044907
0 0.479818 0.698611 0.039323 0.047222
1 0.411068 0.687500 0.038281 0.044444
1 0.417578 0.708796 0.044531 0.044444
0 0.417839 0.732870 0.035677 0.044444
1 0.483854 0.735185 0.041667 0.043519
1 0.518490 0.758796 0.015625 0.060185
1 0.459245 0.769444 0.042969 0.043519
1 0.460417 0.796528 0.042188 0.044907
1 0.413151 0.759722 0.039323 0.046296
0 0.408073 0.781944 0.034375 0.050926
1 0.416406 0.824537 0.041146 0.064815
1 0.395052 0.852778 0.047917 0.049074
1 0.458984 0.843981 0.041927 0.050000
1 0.400781 0.893056 0.040625 0.049074
1 0.519010 0.819676 0.016667 0.063426
1 0.516797 0.889815 0.016927 0.094444
1 0.403385 0.927546 0.052604 0.055093
1 0.401302 0.965278 0.053125 0.048148
1 0.399219 0.986574 0.047396 0.026852
0 0.461719 0.985417 0.039583 0.029167
0 0.511328 0.986574 0.021094 0.026852
1 0.281641 0.887963 0.022656 0.041667
1 0.319922 0.723843 0.014844 0.028241
1 0.322526 0.707176 0.025260 0.024537
1 0.319661 0.690741 0.024740 0.036111
1 0.327604 0.667824 0.019792 0.028241
1 0.331901 0.644907 0.012240 0.022222
1 0.331641 0.627083 0.015365 0.025463
1 0.349089 0.565509 0.010677 0.018981
1 0.354818 0.531481 0.015365 0.023148
1 0.373698 0.408102 0.012500 0.021759
1 0.390234 0.289583 0.020052 0.025463
1 0.401432 0.227778 0.008594 0.013889
1 0.406771 0.215972 0.008854 0.015278
1 0.406510 0.197917 0.015625 0.018056
1 0.418750 0.116667 0.007812 0.013889
1 0.420703 0.097685 0.014844 0.017593
1 0.436979 0.014815 0.007812 0.014815
1 0.420052 0.075231 0.026562 0.025463
1 0.298307 0.873843 0.014844 0.028241
1 0.285156 0.845833 0.009375 0.028704
