1 0.823698 0.970370 0.052083 0.059259
1 0.825911 0.957870 0.052865 0.059259
1 0.816016 0.900000 0.050260 0.057407
1 0.810156 0.853935 0.047396 0.049537
1 0.805469 0.819676 0.041667 0.060648
1 0.790625 0.746065 0.043750 0.037500
1 0.783594 0.695139 0.040104 0.040278
1 0.778776 0.661574 0.041927 0.047222
1 0.781380 0.646759 0.036198 0.037037
1 0.778125 0.616898 0.026562 0.043056
1 0.767318 0.599537 0.026823 0.046296
1 0.759896 0.582176 0.034375 0.042130
1 0.758594 0.558565 0.033854 0.043056
0 0.756120 0.540046 0.030990 0.038426
1 0.753646 0.515972 0.033854 0.046759
1 0.740885 0.451389 0.033333 0.044444
1 0.711979 0.455093 0.013542 0.065741
1 0.689974 0.459954 0.018490 0.054167
1 0.674609 0.456713 0.015885 0.054167
1 0.688932 0.518981 0.011719 0.054630
1 0.632422 0.446528 0.033594 0.043981
1 0.630339 0.463194 0.035677 0.036574
1 0.639323 0.517593 0.039583 0.047222
1 0.635026 0.538194 0.030469 0.032870
1 0.641146 0.556250 0.040104 0.037500
1 0.649219 0.571065 0.044271 0.036574
1 0.645052 0.583333 0.030208 0.037037
1 0.645833 0.598843 0.034896 0.031944
1 0.647005 0.619444 0.041927 0.035185
1 0.645052 0.634259 0.031250 0.034259
1 0.649219 0.652546 0.033333 0.042130
1 0.654427 0.679167 0.045833 0.046296
1 0.653255 0.723611 0.042448 0.055556
1 0.665755 0.804861 0.049219 0.049537
1 0.609896 0.981250 0.028646 0.037500
1 0.617448 0.847685 0.038021 0.050000
1 0.612109 0.818287 0.045052 0.053241
1 0.602865 0.796296 0.039062 0.043519
1 0.606641 0.763889 0.042969 0.049074
1 0.610547 0.745833 0.032552 0.037963
1 0.609245 0.717361 0.042448 0.046759
1 0.608203 0.698148 0.030990 0.041667
1 0.605990 0.674769 0.042708 0.047685
1 0.605469 0.649537 0.032813 0.042593
1 0.600911 0.629398 0.036198 0.039352
1 0.598568 0.603935 0.028385 0.036574
1 0.598307 0.587731 0.028906 0.034722
1 0.597005 0.563889 0.033594 0.045370
1 0.590234 0.538889 0.034115 0.042593
1 0.594271 0.523380 0.028646 0.031944
0 0.591276 0.509491 0.034115 0.037500
1 0.590625 0.479630 0.033854 0.040741
1 0.581380 0.452778 0.025781 0.043519
1 0.564193 0.448843 0.012240 0.048611
1 0.533724 0.455324 0.014323 0.060648
0 0.572526 0.225694 0.008594 0.039352
1 0.545573 0.207870 0.027604 0.036111
1 0.542578 0.187500 0.027344 0.031481
1 0.544922 0.172917 0.022656 0.031019
1 0.543099 0.149537 0.021615 0.028704
1 0.543750 0.139352 0.023958 0.025926
1 0.543490 0.127083 0.023958 0.028241
1 0.495182 0.011806 0.020573 0.022685
1 0.479036 0.011343 0.020052 0.021759
1 0.478516 0.018519 0.020052 0.022222
1 0.479036 0.032870 0.020052 0.022222
1 0.480990 0.043750 0.016146 0.021759
1 0.471484 0.045139 0.020052 0.027315
1 0.476042 0.051620 0.018229 0.026389
0 0.466016 0.056944 0.015885 0.020370
1 0.484115 0.065509 0.016146 0.022685
1 0.476562 0.070602 0.020313 0.026389
1 0.475000 0.076157 0.020313 0.023611
1 0.472526 0.083102 0.021615 0.027315
1 0.471615 0.101157 0.019271 0.026389
1 0.482943 0.113889 0.018490 0.025000
1 0.469792 0.120370 0.019271 0.029630
1 0.467187 0.128704 0.022917 0.026852
1 0.467318 0.137269 0.021615 0.027315
1 0.470833 0.157176 0.026562 0.030093
1 0.466927 0.166898 0.027083 0.029167
1 0.466146 0.182407 0.020313 0.028704
1 0.465365 0.200694 0.027604 0.029167
1 0.456250 0.206944 0.026562 0.032407
1 0.467057 0.210648 0.027865 0.026852
1 0.467969 0.223148 0.027083 0.031481
1 0.467057 0.236111 0.027865 0.028704
1 0.470573 0.251157 0.025000 0.029167
1 0.464974 0.269444 0.024219 0.034259
1 0.459635 0.283333 0.028125 0.034259
1 0.459245 0.294676 0.024740 0.032870
1 0.458854 0.304861 0.025521 0.032870
1 0.456380 0.318056 0.026302 0.027778
1 0.452344 0.329167 0.028125 0.040741
1 0.447135 0.348843 0.023958 0.031019
1 0.439453 0.372222 0.023177 0.036111
0 0.444401 0.399306 0.028906 0.033796
1 0.442318 0.414352 0.032552 0.034259
0 0.488151 0.415741 0.025781 0.025000
1 0.435156 0.438657 0.029687 0.033796
0 0.432552 0.453472 0.029687 0.033796
0 0.430990 0.464352 0.030208 0.036111
0 0.430859 0.475463 0.029948 0.035185
1 0.431771 0.489583 0.026562 0.034722
1 0.430990 0.504398 0.027083 0.035648
0 0.428255 0.515972 0.030990 0.036574
0 0.427734 0.528241 0.032031 0.037037
0 0.421875 0.541667 0.031771 0.039815
1 0.439844 0.581481 0.033333 0.037963
1 0.433464 0.607639 0.040365 0.039352
0 0.433464 0.627083 0.036198 0.037500
1 0.433203 0.643519 0.031510 0.042593
1 0.434766 0.659028 0.031510 0.036574
1 0.419141 0.684491 0.028906 0.043981
1 0.435807 0.692361 0.037240 0.046759
1 0.413411 0.714120 0.032552 0.039352
1 0.409245 0.743519 0.039844 0.045370
1 0.479948 0.714352 0.042708 0.043519
1 0.482161 0.766667 0.044010 0.044444
0 0.482161 0.818056 0.043490 0.050926
1 0.409245 0.778241 0.034115 0.044444
1 0.407292 0.801389 0.042708 0.046296
1 0.413542 0.830324 0.048438 0.048611
0 0.413672 0.859722 0.039844 0.046296
1 0.486719 0.862731 0.045833 0.044907
1 0.409245 0.890972 0.045052 0.049537
0 0.402474 0.919907 0.040885 0.053704
1 0.459896 0.907176 0.047396 0.044907
1 0.460938 0.937500 0.047396 0.048148
1 0.411458 0.970370 0.044792 0.052778
1 0.399219 0.985417 0.022396 0.029167
1 0.459375 0.982407 0.041146 0.035185
1 0.242188 0.811574 0.026042 0.040741
1 0.293099 0.850694 0.046094 0.031944
1 0.308203 0.873843 0.022656 0.022685
1 0.301042 0.889815 0.015625 0.023148
1 0.312630 0.833102 0.019010 0.022685
1 0.313281 0.784491 0.028125 0.031944
1 0.326432 0.730324 0.019010 0.030093
1 0.314193 0.803472 0.016406 0.024537
1 0.378125 0.385648 0.016667 0.027778
1 0.372266 0.340278 0.024219 0.034259
1 0.403385 0.256250 0.012500 0.025463
1 0.415885 0.163889 0.010937 0.020370
1 0.411589 0.140278 0.024740 0.024074
1 0.457682 0.011343 0.011719 0.021759
1 0.270833 0.923611 0.021354 0.028704
1 0.281120 0.969676 0.028906 0.031019
1 0.334635 0.665278 0.019271 0.027778
0 0.360938 0.509259 0.011979 0.019444
1 0.372526 0.404167 0.018490 0.021296
1 0.370443 0.416898 0.015885 0.020833
1 0.396745 0.284259 0.013281 0.027778
