1 0.845182 0.971991 0.044010 0.056019
1 0.826042 0.881250 0.048958 0.054167
1 0.816016 0.823148 0.044010 0.051852
1 0.810677 0.785648 0.045833 0.050000
1 0.812370 0.761111 0.041927 0.047222
1 0.807943 0.729167 0.030469 0.050926
1 0.796484 0.708796 0.032031 0.050000
1 0.786589 0.687500 0.037240 0.047222
1 0.784635 0.660185 0.036979 0.041667
0 0.782552 0.639352 0.033333 0.042593
1 0.779036 0.612037 0.038802 0.050926
1 0.763411 0.534954 0.036719 0.046759
1 0.732422 0.540972 0.015885 0.068981
1 0.707943 0.544444 0.021094 0.057407
1 0.692708 0.540046 0.020313 0.057870
1 0.709245 0.612731 0.014844 0.056944
1 0.645964 0.526157 0.035156 0.043981
1 0.644010 0.546759 0.038542 0.041667
1 0.655339 0.613657 0.043490 0.051389
1 0.650651 0.634028 0.034115 0.037500
1 0.657552 0.656713 0.044271 0.046759
1 0.667318 0.677546 0.048177 0.043981
1 0.662370 0.689352 0.032552 0.040741
1 0.664323 0.708102 0.040104 0.041204
1 0.665495 0.728704 0.045052 0.046296
1 0.663542 0.751389 0.034896 0.040741
1 0.668490 0.774306 0.035937 0.043981
1 0.673177 0.806481 0.050521 0.047222
1 0.674219 0.861574 0.046875 0.060185
1 0.688542 0.956713 0.055208 0.050463
1 0.540234 0.538194 0.014844 0.063426
1 0.573307 0.530093 0.013281 0.054630
1 0.591016 0.536111 0.026823 0.045370
1 0.601953 0.567130 0.035156 0.041667
0 0.603516 0.601852 0.037240 0.042593
1 0.607031 0.619213 0.029687 0.037500
1 0.602474 0.636574 0.037240 0.046296
1 0.609245 0.666204 0.037240 0.050926
1 0.611068 0.694213 0.033594 0.041204
1 0.612240 0.715509 0.031250 0.043056
1 0.614714 0.744907 0.038802 0.048148
1 0.619401 0.766667 0.035677 0.046296
1 0.621745 0.800926 0.046094 0.046296
1 0.624479 0.826852 0.035937 0.042593
1 0.625260 0.856713 0.043229 0.043056
1 0.627995 0.884491 0.037760 0.045833
1 0.623698 0.908333 0.046875 0.052778
1 0.619141 0.950000 0.042448 0.042593
1 0.629948 0.974769 0.048958 0.050463
0 0.485156 0.973380 0.048438 0.053241
1 0.409505 0.975694 0.053906 0.048611
1 0.402083 0.956481 0.046875 0.055556
1 0.404297 0.924769 0.037240 0.054167
1 0.485547 0.911111 0.048177 0.049074
1 0.404818 0.881713 0.044531 0.048611
1 0.481901 0.849306 0.047135 0.049537
1 0.408854 0.843287 0.035417 0.048611
1 0.431901 0.822685 0.045573 0.061111
1 0.415885 0.806481 0.032292 0.053704
1 0.432422 0.777778 0.035156 0.047222
1 0.548438 0.165972 0.025000 0.028241
1 0.549089 0.181019 0.025260 0.027778
1 0.548568 0.192130 0.023177 0.027778
1 0.550260 0.218519 0.025000 0.031481
1 0.547786 0.236806 0.028385 0.028241
1 0.550651 0.260648 0.028906 0.029630
0 0.598698 0.244213 0.015625 0.036574
1 0.489844 0.008565 0.017708 0.016204
0 0.485026 0.011806 0.017969 0.019907
1 0.486198 0.017361 0.017188 0.023611
1 0.479557 0.023148 0.016406 0.020370
1 0.476562 0.031019 0.020833 0.023148
1 0.479557 0.037500 0.020573 0.022222
1 0.497526 0.039815 0.022135 0.026852
1 0.479948 0.047917 0.019271 0.023611
1 0.478646 0.052315 0.015625 0.020370
1 0.480859 0.063426 0.022135 0.021296
1 0.483333 0.074537 0.015104 0.021296
1 0.472266 0.075926 0.020052 0.027778
1 0.476693 0.082176 0.019531 0.028241
0 0.467057 0.088889 0.019010 0.026852
1 0.482812 0.096991 0.024479 0.027315
1 0.478646 0.104398 0.023958 0.026389
1 0.475260 0.111574 0.022917 0.024074
1 0.473698 0.119213 0.022917 0.028241
1 0.471745 0.138426 0.019010 0.027778
1 0.484245 0.152546 0.021094 0.026389
1 0.469922 0.159722 0.023177 0.029630
1 0.469271 0.168981 0.022917 0.027778
1 0.467708 0.178472 0.023438 0.025463
1 0.472396 0.200463 0.027083 0.028704
1 0.468359 0.210648 0.027865 0.028704
1 0.467057 0.229861 0.021615 0.026389
1 0.464323 0.238426 0.018750 0.025000
1 0.466406 0.247454 0.027604 0.027315
1 0.457943 0.255324 0.027344 0.031944
1 0.467578 0.259722 0.027344 0.026852
1 0.469010 0.275463 0.028125 0.026852
1 0.468099 0.290741 0.028385 0.032407
1 0.469922 0.298843 0.017448 0.023611
1 0.471224 0.306250 0.027865 0.029167
1 0.465885 0.325231 0.026042 0.037500
1 0.460026 0.341204 0.029948 0.036111
1 0.459375 0.357176 0.026562 0.030093
1 0.458984 0.367593 0.027344 0.029630
1 0.456771 0.378241 0.027604 0.035185
1 0.453385 0.394444 0.030208 0.043519
1 0.446875 0.414583 0.025521 0.034722
1 0.438932 0.442130 0.024740 0.038889
0 0.490755 0.489583 0.027344 0.027315
0 0.444010 0.474306 0.030208 0.035648
1 0.441797 0.489583 0.035156 0.037500
1 0.435286 0.518519 0.031510 0.037037
0 0.431250 0.537500 0.031250 0.033333
0 0.429948 0.548380 0.032813 0.038426
0 0.429427 0.562269 0.032292 0.034722
1 0.429948 0.575463 0.028125 0.033333
1 0.429297 0.591898 0.029948 0.033796
0 0.426172 0.609028 0.033594 0.037500
0 0.424740 0.623843 0.034896 0.036574
0 0.418620 0.640046 0.034635 0.042130
1 0.438411 0.686574 0.036719 0.044444
1 0.431771 0.714352 0.044271 0.047222
0 0.432031 0.741435 0.039583 0.040278
1 0.299609 0.958333 0.013281 0.023148
1 0.306380 0.931250 0.011198 0.021759
1 0.306250 0.901157 0.012500 0.030093
1 0.302344 0.882870 0.019271 0.023148
1 0.301172 0.850926 0.040885 0.057407
1 0.322526 0.787269 0.023698 0.030093
1 0.353906 0.561111 0.029167 0.028704
1 0.371094 0.517361 0.009896 0.019907
1 0.359245 0.469444 0.028906 0.037037
1 0.365495 0.449769 0.030469 0.041204
1 0.370052 0.407176 0.028125 0.032870
1 0.395703 0.335185 0.009115 0.012963
1 0.406380 0.204167 0.024740 0.027778
1 0.404036 0.211111 0.024740 0.027778
1 0.218750 0.967130 0.025521 0.040741
1 0.411198 0.168056 0.031250 0.029630
1 0.327344 0.668056 0.031250 0.035185
