1 0.545052 0.988194 0.046875 0.023611
1 0.556641 0.875694 0.063281 0.058796
1 0.560417 0.836574 0.062500 0.064815
1 0.561719 0.779398 0.068750 0.072685
1 0.555469 0.677778 0.066667 0.062037
1 0.559245 0.627546 0.061719 0.070833
1 0.560807 0.584028 0.058594 0.071759
1 0.567448 0.549769 0.059896 0.048611
1 0.565365 0.520139 0.047917 0.056944
1 0.569271 0.497917 0.057813 0.056019
1 0.564844 0.464815 0.056250 0.052778
1 0.573177 0.424074 0.055729 0.056481
1 0.574479 0.386111 0.047917 0.053704
1 0.583073 0.353935 0.041667 0.055093
1 0.579167 0.325463 0.053646 0.056481
1 0.577734 0.306481 0.053906 0.059259
1 0.581250 0.268519 0.047396 0.062963
1 0.586198 0.235417 0.043229 0.062500
1 0.582943 0.191204 0.038802 0.050926
1 0.583073 0.145602 0.049479 0.058796
1 0.593359 0.125231 0.048177 0.051389
0 0.588932 0.086806 0.045573 0.055093
1 0.591146 0.069213 0.047917 0.060648
1 0.601562 0.025231 0.044792 0.049537
1 0.591536 0.007639 0.039844 0.014352
1 0.366927 0.981019 0.065104 0.037963
1 0.391276 0.949537 0.031510 0.055556
1 0.398047 0.882870 0.023698 0.038889
1 0.401302 0.834259 0.014063 0.040741
1 0.320964 0.666204 0.076823 0.058333
1 0.405990 0.686343 0.060937 0.066204
1 0.398307 0.638657 0.064844 0.041204
1 0.323047 0.627083 0.071094 0.053241
1 0.418750 0.611574 0.038542 0.034259
1 0.422396 0.575694 0.041146 0.044907
1 0.427604 0.436111 0.051042 0.075926
0 0.467448 0.332870 0.027604 0.025926
1 0.459896 0.302315 0.015625 0.029630
1 0.459635 0.266435 0.016146 0.039352
1 0.375391 0.308796 0.027344 0.038889
1 0.384896 0.144907 0.042708 0.049074
1 0.464714 0.236343 0.012240 0.025463
1 0.466276 0.216435 0.012240 0.029167
1 0.458464 0.184722 0.030469 0.045370
0 0.455208 0.154861 0.044271 0.052315
1 0.460417 0.133796 0.046354 0.046296
1 0.482812 0.012269 0.045312 0.023611
1 0.246094 0.081944 0.027083 0.085185
1 0.210547 0.093981 0.015365 0.052778
0 0.217448 0.130324 0.050000 0.043056
0 0.216667 0.162731 0.039583 0.033796
1 0.212630 0.201852 0.016406 0.027778
1 0.206250 0.226620 0.018229 0.032870
1 0.196615 0.246991 0.022917 0.043981
1 0.193359 0.274074 0.023698 0.031481
0 0.184505 0.287037 0.035677 0.040741
1 0.180729 0.351852 0.021875 0.039815
0 0.130599 0.601852 0.028385 0.028704
0 0.093750 0.776620 0.043229 0.033796
1 0.087630 0.753241 0.018490 0.025926
1 0.068099 0.834491 0.029427 0.061574
1 0.027995 0.939120 0.055469 0.053241
1 0.060547 0.887963 0.035677 0.037037
0 0.020703 0.981019 0.040885 0.024074
1 0.124740 0.641667 0.029167 0.037963
