1 0.597917 0.941667 0.071875 0.070370
1 0.593620 0.904167 0.072135 0.063889
1 0.597917 0.847222 0.064062 0.073148
1 0.601562 0.795602 0.060417 0.073611
1 0.597917 0.715046 0.051042 0.055093
1 0.598828 0.633565 0.064844 0.076389
1 0.610026 0.602315 0.060677 0.057407
0 0.604688 0.544676 0.055729 0.059722
1 0.606250 0.517593 0.060417 0.063889
1 0.619661 0.438657 0.053906 0.064352
1 0.607422 0.384259 0.046094 0.063889
1 0.603516 0.366898 0.044010 0.058796
1 0.608333 0.343287 0.051562 0.061574
1 0.622656 0.320139 0.053646 0.058796
1 0.637500 0.307870 0.039583 0.055556
1 0.632292 0.264120 0.043229 0.056944
1 0.638542 0.224306 0.048438 0.056944
1 0.642448 0.202546 0.046875 0.056019
1 0.640625 0.177546 0.046875 0.057870
1 0.639714 0.153472 0.047656 0.052315
1 0.642188 0.136111 0.050000 0.054630
1 0.642708 0.108796 0.045833 0.050926
1 0.637891 0.086343 0.036719 0.058796
1 0.652604 0.078704 0.043229 0.053704
1 0.654427 0.052546 0.045312 0.047685
1 0.658724 0.031481 0.044531 0.054630
1 0.664323 0.014352 0.041146 0.027778
1 0.318099 0.918750 0.065885 0.084722
0 0.447266 0.952778 0.040885 0.037037
1 0.438542 0.909954 0.021354 0.034722
1 0.439974 0.841667 0.021615 0.041667
1 0.431641 0.812037 0.041927 0.054630
1 0.420312 0.768287 0.067187 0.056944
1 0.429557 0.716898 0.061719 0.079167
0 0.448307 0.653009 0.035677 0.036574
1 0.455208 0.615278 0.035417 0.037037
1 0.338932 0.769444 0.074740 0.064815
1 0.337760 0.717593 0.067187 0.072222
1 0.505469 0.361343 0.033854 0.078241
1 0.475521 0.400231 0.058333 0.057870
1 0.455208 0.231019 0.025521 0.055556
1 0.447656 0.285417 0.020833 0.048611
1 0.495833 0.243287 0.044271 0.066204
1 0.502214 0.214352 0.045573 0.064815
0 0.522005 0.192361 0.047656 0.057870
1 0.513411 0.174769 0.031510 0.056944
1 0.524219 0.163889 0.026042 0.049074
1 0.523177 0.141898 0.020833 0.043056
1 0.530599 0.104630 0.036719 0.038889
1 0.531250 0.043750 0.037500 0.061574
1 0.093880 0.839352 0.026823 0.033333
1 0.090365 0.797454 0.043750 0.051389
1 0.091146 0.739352 0.060417 0.076852
1 0.103125 0.701157 0.058854 0.058796
0 0.139453 0.664352 0.036198 0.033333
0 0.151302 0.620139 0.025521 0.023611
1 0.195182 0.372917 0.029427 0.039352
1 0.174349 0.344213 0.020573 0.029167
1 0.121615 0.228009 0.034896 0.081019
1 0.174479 0.231481 0.030208 0.078704
1 0.198698 0.239583 0.026042 0.078241
1 0.238281 0.246759 0.027083 0.088889
1 0.285547 0.181944 0.039323 0.064815
1 0.271484 0.156713 0.045573 0.052315
1 0.286198 0.124306 0.046875 0.041204
0 0.283594 0.111343 0.022396 0.023611
1 0.302344 0.089352 0.027604 0.025926
1 0.323177 0.061111 0.023958 0.032407
1 0.324479 0.040278 0.026562 0.038889
1 0.075000 0.200926 0.031771 0.080556
1 0.051823 0.199537 0.025000 0.068519
1 0.065625 0.981713 0.028646 0.036574
