1 0.565885 0.937731 0.056250 0.060648
1 0.575391 0.864815 0.065365 0.054630
1 0.580990 0.822685 0.063542 0.064815
1 0.579167 0.782639 0.064583 0.056944
1 0.579297 0.736574 0.065885 0.052778
1 0.583594 0.699769 0.065625 0.066204
1 0.585677 0.655787 0.062500 0.047685
1 0.581120 0.625463 0.048177 0.054630
1 0.598437 0.600926 0.059896 0.061111
1 0.602344 0.556019 0.058333 0.061111
1 0.608594 0.523843 0.056250 0.064352
1 0.614062 0.474537 0.059375 0.064815
1 0.616146 0.438889 0.048438 0.050000
1 0.617448 0.400231 0.056771 0.069907
1 0.622135 0.376157 0.050000 0.047685
1 0.628516 0.344444 0.054427 0.070370
1 0.633073 0.282176 0.044792 0.058796
1 0.637240 0.240509 0.048958 0.065278
1 0.643229 0.205556 0.049479 0.069444
1 0.652214 0.188426 0.042969 0.062037
0 0.655729 0.145833 0.044271 0.050000
1 0.652604 0.112963 0.047396 0.067593
1 0.655469 0.092361 0.046875 0.056944
1 0.663021 0.073611 0.041146 0.047222
1 0.661589 0.044444 0.043490 0.058333
1 0.664193 0.031713 0.046615 0.049537
1 0.669010 0.014583 0.044271 0.028241
0 0.257161 0.978009 0.065885 0.043981
1 0.286589 0.954398 0.079948 0.069907
1 0.379167 0.900463 0.066146 0.072222
1 0.401693 0.864583 0.035677 0.058796
0 0.425391 0.805324 0.055469 0.058796
1 0.407943 0.753704 0.046615 0.089815
1 0.421484 0.735880 0.044531 0.077315
1 0.418359 0.691898 0.044531 0.068056
1 0.427865 0.635185 0.061458 0.054630
1 0.441536 0.544907 0.054948 0.059259
1 0.469141 0.432176 0.054427 0.058796
1 0.465885 0.405556 0.038021 0.054630
1 0.488672 0.380556 0.055469 0.065741
1 0.482812 0.350000 0.050521 0.053704
1 0.492057 0.335185 0.052865 0.054630
0 0.504557 0.306481 0.045573 0.051852
0 0.506901 0.291204 0.041927 0.054630
1 0.514323 0.213194 0.040625 0.042130
1 0.514974 0.170602 0.043490 0.050463
1 0.519141 0.140278 0.047656 0.058333
1 0.530469 0.083565 0.038542 0.049537
1 0.540104 0.075000 0.037500 0.033333
1 0.547396 0.043981 0.029687 0.041667
1 0.549479 0.027315 0.034375 0.037037
1 0.559766 0.013657 0.039323 0.026389
1 0.366927 0.656713 0.024479 0.042130
1 0.348958 0.616667 0.051562 0.056481
1 0.364714 0.593056 0.063281 0.066667
0 0.325391 0.516667 0.029948 0.042593
1 0.374479 0.532870 0.051562 0.060185
0 0.397656 0.508796 0.036458 0.055556
0 0.421354 0.381250 0.035937 0.056944
0 0.392708 0.347917 0.044792 0.052315
0 0.425000 0.347685 0.044792 0.054630
1 0.427083 0.310880 0.040625 0.044907
1 0.481641 0.107407 0.028906 0.049074
0 0.490495 0.047222 0.041406 0.041667
1 0.493880 0.022685 0.035677 0.044444
1 0.028776 0.901157 0.054427 0.125463
1 0.102865 0.780324 0.054167 0.071759
1 0.100521 0.738426 0.038542 0.042593
1 0.126823 0.674074 0.031771 0.045370
1 0.138932 0.606481 0.044531 0.041667
1 0.162630 0.543287 0.048698 0.068981
1 0.171745 0.510880 0.044531 0.069907
1 0.212760 0.366667 0.022396 0.036111
1 0.214583 0.346991 0.025521 0.037500
1 0.229167 0.311343 0.046354 0.063426
1 0.223828 0.281481 0.040365 0.056481
1 0.241927 0.263194 0.029167 0.043056
1 0.347656 0.024537 0.033854 0.048148
1 0.314974 0.033333 0.028385 0.054630
0 0.307682 0.068056 0.044531 0.049074
0 0.283984 0.124074 0.026823 0.035185
1 0.282161 0.097917 0.031510 0.043056
