1 0.972749 0.768104 0.043670 0.061360
0 0.981212 0.810116 0.030806 0.022664
1 0.896242 0.866501 0.046378 0.032615
1 0.919262 0.765064 0.026066 0.060807
1 0.903351 0.783582 0.019973 0.060254
1 0.886933 0.781647 0.023697 0.066335
0 0.871530 0.788834 0.023358 0.056385
1 0.852065 0.795467 0.023020 0.074074
1 0.833785 0.800995 0.017603 0.059701
0 0.821259 0.796573 0.017603 0.060807
1 0.805010 0.805970 0.019634 0.071863
1 0.784529 0.812880 0.019973 0.079049
1 0.768957 0.823936 0.022681 0.077944
1 0.790454 0.898010 0.046716 0.017137
1 0.749661 0.835821 0.021327 0.089552
1 0.729689 0.834992 0.022681 0.069099
1 0.717840 0.839138 0.016588 0.066335
0 0.704469 0.838032 0.020988 0.079602
1 0.689743 0.848811 0.018619 0.084577
1 0.600542 0.847430 0.020988 0.079602
1 0.571767 0.846600 0.020311 0.072416
1 0.535206 0.839690 0.015572 0.065229
1 0.519804 0.853234 0.015234 0.077944
1 0.504401 0.862908 0.020988 0.085130
1 0.484766 0.868712 0.015572 0.080155
1 0.473934 0.854892 0.014218 0.086788
0 0.464794 0.870094 0.016926 0.049751
1 0.409106 0.851299 0.028097 0.072968
1 0.384902 0.792703 0.023697 0.074074
1 0.431280 0.928137 0.017603 0.046434
1 0.932803 0.702598 0.024035 0.069652
1 0.913846 0.709784 0.019973 0.063018
1 0.897089 0.711443 0.022343 0.071863
0 0.877962 0.705362 0.021327 0.060807
1 0.858666 0.706468 0.023358 0.068546
1 0.843433 0.725539 0.034868 0.071310
0 0.820413 0.727474 0.019973 0.063018
0 0.772004 0.734936 0.025389 0.062465
0 0.748984 0.781924 0.042316 0.042565
1 0.756940 0.733002 0.027082 0.067441
1 0.742045 0.734107 0.022343 0.058596
1 0.724441 0.736042 0.024374 0.073521
1 0.711070 0.755943 0.026066 0.066888
0 0.692620 0.751520 0.018280 0.066888
1 0.675525 0.747651 0.022681 0.065782
1 0.647935 0.738530 0.024374 0.063018
1 0.633717 0.743781 0.025728 0.063571
1 0.615267 0.762300 0.022681 0.071863
1 0.594617 0.758430 0.018619 0.065229
1 0.577691 0.755113 0.017942 0.071863
1 0.560934 0.756495 0.023020 0.065782
1 0.542146 0.766446 0.021327 0.069099
1 0.524035 0.770315 0.018280 0.069099
1 0.503724 0.773632 0.017603 0.067993
1 0.488152 0.771421 0.020311 0.069099
0 0.468348 0.776672 0.020650 0.070757
0 0.438389 0.729409 0.036561 0.044776
1 0.454807 0.677722 0.042316 0.032062
1 0.057041 0.852681 0.031483 0.086788
1 0.284360 0.694030 0.048747 0.030404
1 0.239336 0.699281 0.041977 0.028745
1 0.194651 0.700111 0.051456 0.029298
1 0.138118 0.713101 0.052810 0.027640
1 0.137102 0.639856 0.049425 0.039248
1 0.224103 0.615810 0.043331 0.032062
1 0.272850 0.616639 0.044008 0.033720
0 0.050609 0.593975 0.037576 0.059149
0 0.127793 0.675788 0.046378 0.022664
1 0.073121 0.134605 0.051456 0.039248
1 0.133886 0.128248 0.045701 0.033167
1 0.193466 0.121891 0.042316 0.035931
1 0.238829 0.117468 0.047055 0.035931
1 0.647258 0.046711 0.018280 0.016031
0 0.628978 0.052239 0.015572 0.021559
0 0.600542 0.053621 0.018280 0.017689
1 0.616960 0.054174 0.014557 0.022112
1 0.588016 0.053621 0.007448 0.015478
1 0.579722 0.058320 0.011171 0.022664
1 0.567705 0.058043 0.013541 0.017689
1 0.545193 0.060531 0.010494 0.018242
1 0.529452 0.067164 0.014895 0.027087
1 0.512018 0.066335 0.014557 0.022112
1 0.496953 0.070205 0.016249 0.025428
1 0.482735 0.071863 0.016249 0.025428
1 0.465301 0.073521 0.013879 0.024323
1 0.416892 0.097568 0.024035 0.060254
0 0.410291 0.184080 0.023020 0.075180
1 0.438219 0.127695 0.033514 0.068546
1 0.464794 0.127971 0.039269 0.063571
1 0.498646 0.129630 0.027082 0.075732
1 0.514557 0.125484 0.027759 0.069652
1 0.535884 0.128524 0.022343 0.076838
1 0.551117 0.123549 0.025051 0.071310
0 0.574137 0.118021 0.018957 0.077944
1 0.597495 0.113599 0.025728 0.070205
1 0.611713 0.110558 0.024374 0.066335
1 0.630332 0.110006 0.020988 0.071863
1 0.645396 0.105860 0.021327 0.065782
1 0.674848 0.121338 0.024035 0.072416
1 0.689235 0.197899 0.021666 0.072968
1 0.674001 0.220840 0.018957 0.065782
1 0.641672 0.227474 0.029452 0.079049
1 0.629316 0.243781 0.021666 0.061913
1 0.615775 0.238530 0.018280 0.061360
1 0.603758 0.240464 0.030806 0.079602
1 0.577522 0.245716 0.025728 0.064677
1 0.561442 0.244610 0.020650 0.063571
0 0.548409 0.250691 0.020311 0.064677
0 0.514895 0.246545 0.025051 0.063018
1 0.532668 0.240464 0.026066 0.076285
1 0.495091 0.255390 0.021327 0.072968
1 0.476303 0.248756 0.023020 0.059701
1 0.464286 0.257324 0.030129 0.077944
1 0.417231 0.298231 0.019296 0.074627
1 0.448375 0.268933 0.034868 0.062465
1 0.450914 0.335268 0.018280 0.059149
1 0.472072 0.383914 0.022004 0.073521
1 0.482566 0.351575 0.020650 0.064124
1 0.498138 0.341902 0.023358 0.077944
1 0.522512 0.345771 0.020650 0.075732
1 0.536899 0.343836 0.019634 0.067441
1 0.551456 0.333886 0.020311 0.075180
1 0.566520 0.334163 0.013879 0.065782
1 0.577353 0.330293 0.017265 0.056938
0 0.589709 0.341072 0.015572 0.061913
0 0.596818 0.320896 0.016249 0.063571
0 0.607651 0.322554 0.014895 0.061360
0 0.617299 0.324765 0.014557 0.060254
0 0.628131 0.322278 0.012525 0.061913
0 0.636425 0.318961 0.013541 0.059701
0 0.648443 0.317302 0.016588 0.065229
1 0.660122 0.322830 0.018280 0.065229
1 0.675355 0.330569 0.020311 0.079602
1 0.690758 0.328911 0.022004 0.077391
0 0.703961 0.327529 0.016588 0.069099
1 0.715978 0.322001 0.018280 0.060254
1 0.734766 0.337479 0.024712 0.058043
1 0.773020 0.323936 0.022681 0.075180
0 0.741198 0.262852 0.020650 0.073521
1 0.756432 0.255943 0.028097 0.075180
1 0.788761 0.250967 0.020988 0.075180
1 0.801117 0.255113 0.021327 0.071310
1 0.828538 0.249309 0.022004 0.068546
1 0.858158 0.241846 0.022343 0.072416
1 0.894211 0.236595 0.025389 0.072968
1 0.917231 0.240741 0.032160 0.077944
1 0.934157 0.250967 0.026743 0.088447
1 0.949391 0.232449 0.026066 0.080155
1 0.964286 0.229685 0.011171 0.060254
1 0.957346 0.378386 0.038592 0.043671
1 0.938727 0.376727 0.045362 0.050304
1 0.933649 0.408237 0.048747 0.052515
1 0.900305 0.461581 0.030129 0.076285
1 0.877793 0.450802 0.029113 0.075732
1 0.839032 0.411277 0.056534 0.032062
1 0.853419 0.463239 0.029790 0.066335
1 0.827522 0.484522 0.028097 0.076838
1 0.775389 0.454947 0.034868 0.068546
1 0.762356 0.497236 0.021666 0.072416
1 0.741368 0.502488 0.022343 0.058596
1 0.719364 0.495854 0.025051 0.072968
1 0.704469 0.500829 0.023020 0.068546
1 0.688389 0.503040 0.019973 0.075180
1 0.671801 0.505804 0.020650 0.072968
1 0.653859 0.504975 0.017265 0.074627
1 0.638456 0.506081 0.020988 0.071310
1 0.623053 0.520730 0.019973 0.071863
1 0.595633 0.516860 0.026066 0.074074
1 0.575660 0.529298 0.022681 0.074627
1 0.556703 0.523494 0.019973 0.074074
1 0.536899 0.527363 0.023697 0.067441
1 0.522512 0.530127 0.023358 0.056385
0 0.503385 0.527087 0.018280 0.071310
0 0.419093 0.416528 0.014895 0.075732
1 0.483243 0.512438 0.031483 0.071863
1 0.450575 0.512714 0.029790 0.062465
1 0.443805 0.586512 0.020311 0.079602
1 0.480873 0.591211 0.017265 0.071310
1 0.496107 0.595080 0.016588 0.058043
1 0.511341 0.584024 0.019296 0.062465
0 0.531821 0.609729 0.013541 0.067441
1 0.562119 0.603925 0.018619 0.071310
1 0.578030 0.609176 0.017265 0.078496
1 0.625931 0.598397 0.018280 0.056938
1 0.644888 0.592316 0.019634 0.056938
0 0.660630 0.593422 0.018619 0.063571
1 0.679079 0.588723 0.022343 0.071863
1 0.688558 0.595909 0.019634 0.079602
1 0.702945 0.580708 0.020650 0.072416
1 0.722749 0.583748 0.019634 0.068546
1 0.739167 0.584577 0.019973 0.070205
1 0.753724 0.581813 0.022681 0.075732
1 0.774374 0.575732 0.020650 0.061360
1 0.797732 0.573798 0.022681 0.077391
1 0.812627 0.568270 0.019973 0.072968
1 0.826676 0.572692 0.023697 0.074074
1 0.850372 0.550028 0.025728 0.079602
1 0.873731 0.534826 0.027082 0.077944
1 0.885240 0.564953 0.034529 0.067441
1 0.907244 0.545882 0.023697 0.086788
1 0.923324 0.537590 0.025389 0.064677
1 0.935680 0.556938 0.032498 0.067993
1 0.593771 0.605030 0.016926 0.058043
1 0.732735 0.909342 0.019296 0.009950
1 0.876947 0.254837 0.016588 0.032062
