1 0.976950 0.133538 0.045407 0.068923
0 0.983882 0.084923 0.032236 0.025846
1 0.893414 0.032923 0.048180 0.036308
1 0.922010 0.144000 0.027036 0.068923
1 0.904679 0.125538 0.020797 0.068923
1 0.887522 0.129846 0.024610 0.075077
0 0.871404 0.124308 0.024263 0.064000
1 0.850780 0.119385 0.023917 0.083692
1 0.831369 0.115077 0.018371 0.067692
0 0.818891 0.121846 0.018371 0.068923
1 0.801560 0.113846 0.020451 0.081231
1 0.780069 0.108923 0.020451 0.089846
1 0.763258 0.098462 0.023570 0.087385
1 0.782149 0.012308 0.048873 0.019692
1 0.742808 0.087692 0.022184 0.101538
1 0.722357 0.091692 0.023570 0.078769
1 0.709879 0.088000 0.017331 0.075077
0 0.695841 0.091692 0.021837 0.089846
1 0.680243 0.081538 0.019757 0.095385
1 0.587868 0.095077 0.021490 0.090462
1 0.558059 0.099692 0.020797 0.082462
1 0.520624 0.112615 0.015945 0.073846
1 0.503986 0.099692 0.015945 0.088615
1 0.487522 0.090769 0.021837 0.096615
1 0.466898 0.087077 0.015945 0.090462
1 0.456326 0.104000 0.014905 0.098462
0 0.446274 0.088000 0.017678 0.056615
1 0.389428 0.116923 0.028769 0.082462
1 0.366898 0.186154 0.024610 0.084308
1 0.408839 0.027385 0.018371 0.052308
1 0.938821 0.212308 0.025303 0.078769
1 0.918891 0.207077 0.020797 0.072000
1 0.901386 0.207692 0.023224 0.081846
0 0.882149 0.217231 0.022184 0.068923
1 0.862045 0.218462 0.024263 0.077538
1 0.845061 0.199077 0.036049 0.080615
0 0.821317 0.200000 0.021144 0.071385
0 0.770711 0.198154 0.026690 0.070154
0 0.744714 0.148615 0.044021 0.048615
1 0.755113 0.202462 0.028076 0.076308
1 0.739861 0.203385 0.023224 0.065846
1 0.721490 0.203692 0.025303 0.083692
1 0.706586 0.183077 0.027383 0.075692
0 0.687695 0.190769 0.019411 0.076308
1 0.670191 0.197231 0.023917 0.074462
1 0.642114 0.211385 0.025303 0.070769
1 0.627036 0.207385 0.027036 0.071385
1 0.607279 0.188923 0.023570 0.081231
1 0.585962 0.196308 0.019757 0.073846
1 0.568458 0.201846 0.018718 0.081231
1 0.551127 0.203077 0.023570 0.075077
1 0.531023 0.194154 0.022184 0.078154
1 0.512478 0.192308 0.019064 0.078154
1 0.491161 0.191385 0.018024 0.077538
1 0.475043 0.196000 0.021144 0.078154
0 0.454246 0.193231 0.021837 0.080000
0 0.425650 0.250154 0.038128 0.051077
1 0.444887 0.306154 0.044021 0.036308
1 0.024783 0.163692 0.032929 0.098462
1 0.267591 0.311385 0.050607 0.034462
1 0.220624 0.311692 0.043328 0.032615
1 0.174523 0.316923 0.053726 0.033231
1 0.115251 0.309846 0.055113 0.031385
1 0.117678 0.392308 0.051646 0.043692
1 0.209012 0.407692 0.045061 0.036308
1 0.259272 0.400000 0.045754 0.038154
0 0.030329 0.455692 0.039168 0.067077
0 0.106412 0.353231 0.048527 0.025846
1 0.075217 0.970462 0.053380 0.044308
1 0.138475 0.968923 0.047487 0.037538
1 0.200520 0.968308 0.044021 0.041231
1 0.247660 0.966769 0.048873 0.041846
1 0.674003 0.990462 0.019064 0.017846
0 0.654766 0.986769 0.015945 0.024000
0 0.625477 0.989231 0.019064 0.020308
1 0.642288 0.986154 0.015251 0.025231
1 0.612305 0.990769 0.007972 0.017231
1 0.603466 0.986462 0.011785 0.025846
1 0.591161 0.988615 0.014211 0.020308
1 0.567764 0.988923 0.011092 0.020923
1 0.551127 0.984000 0.015251 0.030769
1 0.533102 0.987077 0.015251 0.024615
1 0.517331 0.984923 0.016984 0.028923
1 0.502426 0.984615 0.016984 0.028308
1 0.484229 0.984923 0.014558 0.027692
1 0.433102 0.964923 0.025303 0.067692
0 0.422184 0.868308 0.023570 0.084923
1 0.453553 0.928000 0.035009 0.077538
1 0.481109 0.924000 0.040901 0.072000
1 0.516118 0.917231 0.028423 0.085538
1 0.532929 0.919692 0.028769 0.079385
1 0.554939 0.913538 0.022877 0.086769
1 0.571057 0.917231 0.025997 0.080615
0 0.594974 0.920308 0.019757 0.088000
1 0.619411 0.922154 0.026343 0.079385
1 0.634315 0.923692 0.025650 0.075077
1 0.653553 0.921231 0.021837 0.081231
1 0.669324 0.924308 0.022184 0.075077
1 0.699133 0.902462 0.024957 0.081846
1 0.710399 0.814154 0.022530 0.082462
1 0.693588 0.790769 0.020104 0.073846
1 0.659792 0.787692 0.030849 0.089846
1 0.646101 0.771077 0.022877 0.070154
1 0.632409 0.778462 0.019064 0.068923
1 0.619931 0.778154 0.032236 0.090462
1 0.592374 0.776000 0.027036 0.072615
1 0.575737 0.779385 0.021490 0.072000
0 0.562045 0.774154 0.021144 0.072615
0 0.527556 0.783692 0.026343 0.072000
1 0.546274 0.787692 0.027730 0.086154
1 0.506412 0.776615 0.022184 0.082462
1 0.487522 0.786462 0.023917 0.067692
1 0.474523 0.778462 0.031196 0.088615
1 0.423917 0.738462 0.020104 0.084923
1 0.457539 0.767692 0.036049 0.070769
1 0.457019 0.692615 0.019064 0.067077
1 0.476603 0.635077 0.022877 0.083692
1 0.489081 0.669846 0.021490 0.073231
1 0.505719 0.678769 0.024263 0.088615
1 0.530676 0.671077 0.021490 0.085538
1 0.545754 0.670769 0.020451 0.076308
1 0.561179 0.680308 0.020797 0.085538
1 0.576950 0.677538 0.014905 0.073846
1 0.588215 0.680615 0.018024 0.064000
0 0.600520 0.666769 0.016291 0.069538
0 0.608839 0.688308 0.016984 0.072000
0 0.619931 0.685231 0.015598 0.069538
0 0.629983 0.681231 0.014905 0.067692
0 0.641421 0.682769 0.012825 0.069538
0 0.650087 0.685231 0.014211 0.067077
0 0.662392 0.685538 0.017331 0.073846
1 0.674350 0.677846 0.019064 0.074462
1 0.689948 0.667077 0.021144 0.089846
1 0.705719 0.666462 0.022877 0.087385
0 0.719584 0.666769 0.017331 0.078154
1 0.732236 0.670769 0.019064 0.067692
1 0.751127 0.650769 0.025650 0.065846
1 0.791334 0.660923 0.023570 0.084923
0 0.761179 0.734154 0.021490 0.082462
1 0.777296 0.739692 0.028769 0.084923
1 0.810919 0.740923 0.021837 0.084923
1 0.823570 0.734462 0.022184 0.080615
1 0.852340 0.737231 0.022877 0.077538
1 0.883362 0.741846 0.023224 0.081846
1 0.920971 0.742769 0.026343 0.082462
1 0.944714 0.734769 0.033622 0.088615
1 0.961525 0.721231 0.027730 0.099692
1 0.978163 0.740000 0.027036 0.090462
1 0.993934 0.740923 0.011438 0.068923
1 0.979549 0.574462 0.040208 0.049846
1 0.960312 0.579077 0.047487 0.056615
1 0.953553 0.543692 0.050607 0.059692
1 0.916638 0.488615 0.031542 0.086154
1 0.893761 0.503692 0.030156 0.085538
1 0.855633 0.553538 0.058579 0.036308
1 0.867938 0.492923 0.031196 0.075077
1 0.840035 0.472923 0.029463 0.086769
1 0.787695 0.513231 0.036395 0.077538
1 0.771924 0.467385 0.022184 0.081846
1 0.750087 0.464308 0.023570 0.067077
1 0.727730 0.474769 0.025997 0.081846
1 0.711785 0.471385 0.023917 0.077538
1 0.694974 0.471077 0.020797 0.085538
1 0.677643 0.469846 0.021490 0.083077
1 0.659272 0.473231 0.018024 0.083692
1 0.643154 0.474154 0.021837 0.080615
1 0.626516 0.459692 0.021144 0.081231
1 0.598440 0.467692 0.027383 0.083692
1 0.577123 0.456615 0.023570 0.084923
1 0.557712 0.465846 0.020797 0.083692
1 0.537088 0.464308 0.024610 0.075692
1 0.522010 0.463385 0.024263 0.064000
0 0.502426 0.468923 0.019064 0.081231
0 0.420277 0.605231 0.015598 0.085538
1 0.481976 0.488615 0.032929 0.081231
1 0.448354 0.492615 0.030849 0.070769
1 0.437955 0.410154 0.021144 0.090462
1 0.475910 0.399692 0.018024 0.080615
1 0.491508 0.393846 0.017331 0.065231
1 0.507799 0.404000 0.020104 0.070769
0 0.527903 0.372308 0.013865 0.076308
1 0.559792 0.374462 0.019411 0.080615
1 0.575910 0.366462 0.017678 0.089231
1 0.625823 0.372308 0.019064 0.064000
1 0.645927 0.376308 0.020451 0.064615
0 0.662045 0.373231 0.019411 0.072000
1 0.681282 0.376000 0.023224 0.081231
1 0.690815 0.366462 0.020104 0.090462
1 0.706412 0.381231 0.021490 0.081846
1 0.727036 0.375077 0.020451 0.078154
1 0.743847 0.372308 0.020797 0.080000
1 0.759099 0.373231 0.023570 0.085538
1 0.780763 0.377538 0.021837 0.069538
1 0.805026 0.376615 0.023224 0.087385
1 0.820624 0.380615 0.021144 0.083077
1 0.835009 0.373231 0.024957 0.084308
1 0.860659 0.396000 0.026343 0.090462
1 0.885615 0.409538 0.028423 0.088000
1 0.896014 0.374154 0.036049 0.076308
1 0.919931 0.392615 0.024957 0.098462
1 0.936915 0.399692 0.026343 0.073231
1 0.948700 0.376308 0.033969 0.076923
1 0.592201 0.368923 0.017678 0.065846
1 0.721837 0.007077 0.019757 0.010462
1 0.902080 0.724615 0.016984 0.036308
