1 0.041056 0.119722 0.044634 0.064777
0 0.035605 0.073742 0.031687 0.023713
1 0.125383 0.031521 0.047019 0.034124
1 0.094719 0.133314 0.026576 0.064199
1 0.112095 0.117120 0.020443 0.064199
1 0.128620 0.122614 0.024191 0.070561
0 0.144804 0.118276 0.023850 0.059572
1 0.165077 0.115095 0.023509 0.078658
1 0.183986 0.112493 0.017717 0.063042
0 0.196252 0.119722 0.018399 0.064777
1 0.213288 0.113360 0.019761 0.076345
1 0.234412 0.110179 0.020443 0.083864
1 0.251107 0.101793 0.023169 0.082128
1 0.234412 0.019665 0.047700 0.018508
1 0.271210 0.092828 0.021806 0.094274
1 0.291482 0.098034 0.022828 0.073453
1 0.303748 0.095720 0.016695 0.069983
0 0.317036 0.100058 0.021465 0.084442
1 0.332879 0.091093 0.019080 0.089647
1 0.422828 0.110468 0.021124 0.084442
1 0.451789 0.117120 0.020443 0.076923
1 0.488586 0.131579 0.015673 0.068826
1 0.504940 0.120590 0.015673 0.082707
1 0.521295 0.113360 0.021124 0.090226
1 0.541397 0.111336 0.015673 0.085020
1 0.551448 0.127820 0.014651 0.092539
0 0.561670 0.113650 0.017376 0.052632
1 0.616695 0.144592 0.028620 0.077501
1 0.636968 0.211105 0.024191 0.078658
1 0.599659 0.059283 0.017717 0.049161
1 0.076661 0.196356 0.024532 0.073453
1 0.096422 0.192597 0.020443 0.067091
1 0.113458 0.194332 0.023169 0.076345
0 0.132198 0.204743 0.021806 0.064777
1 0.151789 0.207056 0.023509 0.072874
1 0.168654 0.189994 0.035434 0.075766
0 0.192164 0.192308 0.020443 0.066512
0 0.241567 0.194332 0.025894 0.065934
0 0.268143 0.149798 0.042930 0.045113
1 0.256729 0.199537 0.027598 0.071718
1 0.271721 0.201562 0.022828 0.061885
1 0.289608 0.203008 0.024532 0.077501
1 0.304600 0.184500 0.026576 0.070561
0 0.322998 0.192886 0.018399 0.071139
1 0.340034 0.200405 0.023169 0.069983
1 0.367121 0.215442 0.024872 0.066512
1 0.381942 0.212840 0.026576 0.067091
1 0.401874 0.197224 0.022828 0.076345
1 0.422487 0.205032 0.019080 0.068826
1 0.439523 0.211683 0.018399 0.076345
1 0.456388 0.213997 0.023509 0.069404
1 0.476320 0.207056 0.021806 0.072874
1 0.494549 0.206767 0.018739 0.073453
1 0.515332 0.207345 0.018058 0.072296
1 0.531175 0.212551 0.020443 0.073453
0 0.551278 0.211394 0.021124 0.074610
0 0.578194 0.266628 0.037479 0.047426
1 0.558092 0.317814 0.042930 0.034124
1 0.972402 0.213129 0.032027 0.091961
1 0.731346 0.334586 0.049404 0.031810
1 0.777342 0.338057 0.042589 0.030654
1 0.822487 0.346154 0.052470 0.030654
1 0.880579 0.343840 0.054174 0.029497
1 0.876320 0.420763 0.050426 0.041064
1 0.786712 0.428861 0.044293 0.034124
1 0.737649 0.418161 0.044974 0.035859
0 0.960477 0.486408 0.038160 0.062464
0 0.888416 0.385194 0.047359 0.024291
1 0.904770 0.964719 0.052129 0.041643
1 0.842760 0.958936 0.046678 0.034702
1 0.782283 0.954309 0.042930 0.038172
1 0.736116 0.949393 0.048041 0.038751
1 0.318058 0.942452 0.018739 0.016773
0 0.336968 0.940428 0.015673 0.023135
0 0.365758 0.944766 0.018739 0.019086
1 0.349404 0.940717 0.014651 0.023713
1 0.378705 0.946790 0.007836 0.016194
1 0.387223 0.943609 0.011244 0.023713
1 0.399319 0.946501 0.013629 0.019086
1 0.422147 0.947947 0.010903 0.019665
1 0.438671 0.944766 0.015332 0.028340
1 0.456218 0.948525 0.014991 0.023135
1 0.471721 0.947658 0.016695 0.027183
1 0.486371 0.948814 0.016695 0.027183
1 0.503918 0.950549 0.014310 0.026027
1 0.554685 0.935223 0.024532 0.063621
0 0.567632 0.845286 0.023169 0.079237
1 0.535264 0.899075 0.034072 0.072296
1 0.508518 0.893580 0.039864 0.067091
1 0.474276 0.884905 0.027939 0.079815
1 0.457922 0.886061 0.028620 0.074031
1 0.436457 0.878832 0.022487 0.081550
1 0.420613 0.881145 0.025554 0.075766
0 0.397104 0.882013 0.019421 0.082128
1 0.373254 0.882302 0.026235 0.074610
1 0.358773 0.882591 0.025213 0.070561
1 0.339693 0.879121 0.021124 0.076345
1 0.324361 0.880567 0.021806 0.069983
1 0.295571 0.858589 0.024191 0.076923
1 0.286542 0.775014 0.021806 0.077501
1 0.303407 0.754193 0.019421 0.069404
1 0.336797 0.753904 0.030324 0.083864
1 0.350426 0.738866 0.022147 0.065356
1 0.363714 0.747253 0.018739 0.064777
1 0.376150 0.747831 0.031346 0.084442
1 0.403066 0.747253 0.026576 0.068248
1 0.419080 0.751880 0.021124 0.067091
0 0.432879 0.747831 0.020784 0.068248
0 0.466269 0.758820 0.025554 0.067091
1 0.447871 0.761712 0.026917 0.080972
1 0.487053 0.753615 0.021465 0.077501
1 0.505451 0.764315 0.023509 0.063042
1 0.518228 0.757374 0.030664 0.082707
1 0.568654 0.723829 0.019761 0.079237
1 0.535264 0.748699 0.035434 0.066512
1 0.537308 0.678427 0.018399 0.062464
1 0.519421 0.623193 0.022147 0.078080
1 0.506474 0.654714 0.021465 0.068248
1 0.489949 0.661943 0.023850 0.082707
1 0.465758 0.653268 0.021124 0.080393
1 0.451107 0.652111 0.019761 0.071139
1 0.435434 0.659919 0.020443 0.079815
1 0.420443 0.656449 0.014310 0.069404
1 0.409199 0.658473 0.017717 0.060729
0 0.397445 0.644592 0.016014 0.065356
0 0.388927 0.664257 0.016695 0.067669
0 0.378024 0.660497 0.015332 0.064777
0 0.368313 0.656160 0.014991 0.064199
0 0.357240 0.656738 0.012606 0.065356
0 0.348722 0.658473 0.013969 0.063042
0 0.336457 0.657895 0.016695 0.068826
1 0.325043 0.650087 0.018399 0.069404
1 0.309881 0.638519 0.020784 0.084442
1 0.294719 0.637363 0.022487 0.082128
0 0.281090 0.636495 0.017036 0.073453
1 0.268313 0.639387 0.018739 0.064199
1 0.250426 0.619433 0.025213 0.061307
1 0.210903 0.626374 0.023169 0.079815
0 0.238842 0.696935 0.021124 0.077501
1 0.222828 0.700694 0.028620 0.079237
1 0.189949 0.699826 0.021465 0.079815
1 0.177513 0.692886 0.021806 0.075188
1 0.149574 0.693464 0.022487 0.072874
1 0.118910 0.695489 0.022487 0.076923
1 0.082112 0.694043 0.025894 0.077501
1 0.059114 0.684789 0.033049 0.083285
1 0.042930 0.670619 0.027257 0.093117
1 0.026235 0.687392 0.026576 0.085020
1 0.010733 0.687102 0.011244 0.063621
1 0.028450 0.532099 0.039182 0.046270
1 0.047359 0.537883 0.046337 0.053210
1 0.054855 0.505495 0.049744 0.055523
1 0.092164 0.456044 0.031005 0.080393
1 0.114140 0.471660 0.029302 0.080393
1 0.150596 0.521110 0.057240 0.033545
1 0.139523 0.463852 0.030324 0.070561
1 0.167632 0.446790 0.028620 0.081550
1 0.217888 0.488143 0.035775 0.072874
1 0.234242 0.446212 0.022147 0.076923
1 0.255707 0.444766 0.022828 0.062464
1 0.277513 0.456044 0.025554 0.076923
1 0.293186 0.454309 0.023509 0.072296
1 0.309540 0.454887 0.020102 0.079237
1 0.326405 0.455176 0.021124 0.077501
1 0.344293 0.459514 0.017376 0.079237
1 0.360307 0.461538 0.021465 0.075188
1 0.376831 0.449104 0.020443 0.075766
1 0.404089 0.458647 0.026576 0.078658
1 0.425213 0.449682 0.023169 0.079237
1 0.443952 0.459514 0.020443 0.078080
1 0.464225 0.459514 0.024191 0.071139
1 0.479046 0.459514 0.023850 0.059572
0 0.498296 0.466455 0.018739 0.075766
0 0.575468 0.599190 0.014991 0.079815
1 0.517547 0.485830 0.032027 0.076345
1 0.550426 0.491903 0.030324 0.066512
1 0.562692 0.415847 0.020784 0.084442
1 0.525383 0.403412 0.017717 0.075766
1 0.510392 0.396472 0.017036 0.060729
1 0.494378 0.404858 0.019761 0.065934
0 0.475298 0.373626 0.013629 0.071718
1 0.444123 0.374205 0.018739 0.075188
1 0.428450 0.365240 0.017376 0.082707
1 0.379387 0.367264 0.018739 0.060150
1 0.359796 0.369867 0.019761 0.060729
0 0.343952 0.365529 0.019421 0.067091
1 0.325043 0.366686 0.022487 0.076345
1 0.316014 0.357432 0.020102 0.084442
1 0.300341 0.370156 0.020784 0.076345
1 0.280409 0.362927 0.019761 0.072296
1 0.264055 0.358878 0.020443 0.074610
1 0.249063 0.358878 0.023169 0.080393
1 0.227768 0.361481 0.021465 0.064777
1 0.203918 0.358878 0.022828 0.081550
1 0.188756 0.361481 0.020443 0.077501
1 0.174617 0.353962 0.024191 0.078658
1 0.149063 0.373048 0.026235 0.084442
1 0.124191 0.384326 0.027598 0.082707
1 0.114991 0.350492 0.035094 0.071718
1 0.091141 0.366108 0.024191 0.091382
1 0.074446 0.371313 0.026235 0.068248
1 0.063373 0.349046 0.033390 0.072296
1 0.412436 0.366397 0.017376 0.061885
1 0.293867 0.019086 0.019421 0.010411
1 0.101022 0.678138 0.016695 0.034124
