1 0.944987 0.880597 0.044078 0.061913
0 0.949865 0.924544 0.030956 0.022664
1 0.860700 0.960475 0.046433 0.032615
1 0.892497 0.864842 0.025908 0.061360
1 0.875000 0.879491 0.019852 0.060807
1 0.859017 0.873411 0.023553 0.067441
0 0.843035 0.877004 0.023217 0.056938
1 0.822847 0.879215 0.023217 0.074627
1 0.804172 0.880321 0.017497 0.060254
0 0.792227 0.873134 0.017833 0.061360
1 0.775404 0.878109 0.019852 0.072416
1 0.754542 0.880044 0.019852 0.079602
1 0.738055 0.887507 0.022544 0.077944
1 0.752860 0.966556 0.046770 0.017137
1 0.717867 0.894970 0.021198 0.090658
1 0.698015 0.889165 0.022544 0.070205
1 0.685902 0.890824 0.016487 0.066888
0 0.672779 0.886125 0.021198 0.080708
1 0.657301 0.893311 0.019179 0.085130
1 0.568977 0.870923 0.020861 0.080155
1 0.540377 0.863184 0.020188 0.073521
1 0.504711 0.847430 0.015478 0.066335
1 0.488223 0.857380 0.015478 0.078496
1 0.472073 0.863460 0.020861 0.086235
1 0.452052 0.864013 0.015141 0.080708
1 0.442463 0.848259 0.014132 0.087894
0 0.432201 0.860973 0.017160 0.050304
1 0.378701 0.829187 0.027927 0.074074
1 0.359522 0.764511 0.023890 0.075180
1 0.393843 0.911001 0.017833 0.046434
1 0.911339 0.805694 0.023890 0.070205
1 0.891992 0.808181 0.020188 0.064124
1 0.875000 0.805970 0.022544 0.072968
0 0.856830 0.795191 0.021198 0.061360
1 0.837651 0.791874 0.023217 0.069099
1 0.820659 0.807352 0.034993 0.071310
0 0.797779 0.804035 0.020188 0.063571
0 0.748991 0.799613 0.025572 0.062465
0 0.722073 0.840796 0.042396 0.043118
1 0.734186 0.794085 0.026918 0.067993
1 0.719213 0.791321 0.022544 0.059149
1 0.701716 0.789110 0.024563 0.074627
1 0.686743 0.805694 0.026245 0.066888
0 0.668742 0.796849 0.018506 0.067993
1 0.652086 0.788834 0.022880 0.066335
1 0.625673 0.773355 0.024563 0.063018
1 0.610868 0.775014 0.025908 0.064124
1 0.591016 0.789110 0.022544 0.072416
1 0.570996 0.780542 0.018843 0.065229
1 0.554172 0.773355 0.018170 0.072968
1 0.537685 0.770591 0.022880 0.066335
1 0.518001 0.776119 0.021198 0.069652
1 0.499832 0.775567 0.018506 0.069652
1 0.479475 0.774185 0.017497 0.069099
1 0.463997 0.768380 0.020188 0.069652
0 0.444145 0.768380 0.020861 0.071863
0 0.418742 0.714207 0.036676 0.045329
1 0.439435 0.666390 0.042396 0.032615
1 0.029273 0.746269 0.031629 0.087341
1 0.268843 0.642067 0.048452 0.030404
1 0.223587 0.636540 0.042059 0.029298
1 0.179341 0.626589 0.051817 0.029298
1 0.122140 0.626036 0.053163 0.028192
1 0.127692 0.553068 0.049462 0.039248
1 0.216016 0.549475 0.043742 0.032062
1 0.264300 0.562189 0.044078 0.034273
0 0.045760 0.486457 0.037685 0.059701
0 0.115242 0.586512 0.046770 0.023217
1 0.109186 0.033167 0.051480 0.039801
1 0.169919 0.041736 0.045760 0.033720
1 0.229475 0.049198 0.042396 0.036484
1 0.274899 0.055832 0.047106 0.036484
1 0.686575 0.082642 0.018506 0.016031
0 0.667900 0.083748 0.015478 0.021559
0 0.639637 0.078220 0.018170 0.018242
1 0.655619 0.082919 0.014468 0.022112
1 0.627019 0.075732 0.007739 0.015478
1 0.618271 0.078220 0.011104 0.022664
1 0.606662 0.074903 0.013459 0.018242
1 0.584118 0.072416 0.010767 0.018795
1 0.567799 0.074903 0.015141 0.027087
1 0.550639 0.070205 0.015141 0.022112
1 0.535162 0.070205 0.016487 0.025428
1 0.521030 0.068546 0.016487 0.025428
1 0.503701 0.066059 0.014132 0.024876
1 0.453567 0.078496 0.024226 0.060807
0 0.439098 0.163074 0.022880 0.075180
1 0.471736 0.113599 0.033647 0.069099
1 0.498149 0.119956 0.039367 0.064124
1 0.531797 0.129906 0.027254 0.076285
1 0.547948 0.129906 0.027927 0.070757
1 0.568641 0.137645 0.022207 0.077391
1 0.584455 0.136540 0.024899 0.071863
0 0.607503 0.136540 0.019179 0.078496
1 0.631225 0.137645 0.025572 0.070757
1 0.645525 0.137922 0.024563 0.066888
1 0.664199 0.142067 0.020861 0.072968
1 0.679172 0.141238 0.021198 0.066888
1 0.707100 0.163626 0.023890 0.072968
1 0.714670 0.244057 0.021534 0.073521
1 0.697678 0.262852 0.019179 0.065782
1 0.664872 0.261747 0.029610 0.080155
1 0.651245 0.275290 0.021871 0.061913
1 0.638122 0.266722 0.018506 0.061360
1 0.626178 0.265616 0.030956 0.080155
1 0.599596 0.264511 0.026245 0.064677
1 0.583614 0.259536 0.020525 0.063571
0 0.570155 0.262576 0.020525 0.065229
0 0.537349 0.250415 0.025572 0.064124
1 0.555518 0.249033 0.026245 0.076838
1 0.516824 0.254561 0.021534 0.073521
1 0.499159 0.243505 0.023217 0.060254
1 0.486205 0.249309 0.030283 0.078496
1 0.436070 0.278883 0.019515 0.075732
1 0.469381 0.256772 0.034993 0.063571
1 0.466016 0.323936 0.018170 0.059701
1 0.482672 0.377280 0.021871 0.074627
1 0.495962 0.347706 0.020861 0.065229
1 0.512450 0.341625 0.023553 0.078496
1 0.536003 0.351575 0.020861 0.076285
1 0.550471 0.352957 0.019515 0.067993
1 0.565949 0.346600 0.020188 0.076285
1 0.580754 0.350470 0.014132 0.066335
1 0.591857 0.349088 0.017497 0.056938
0 0.603297 0.362908 0.015478 0.062465
0 0.611878 0.344389 0.016487 0.064124
0 0.622476 0.348811 0.014805 0.061913
0 0.632066 0.353234 0.014468 0.060807
0 0.643001 0.353234 0.012113 0.061913
0 0.651581 0.351852 0.013795 0.060254
0 0.663526 0.353234 0.016824 0.065229
1 0.674630 0.361249 0.018170 0.065782
1 0.689266 0.372582 0.020525 0.080708
1 0.704408 0.375069 0.021871 0.077944
0 0.717699 0.376451 0.016824 0.069652
1 0.730316 0.374240 0.018506 0.060807
1 0.747645 0.394140 0.024899 0.058596
1 0.786507 0.389442 0.022544 0.075732
0 0.760431 0.320896 0.020861 0.073521
1 0.776077 0.317855 0.027927 0.075180
1 0.808715 0.320343 0.021198 0.075732
1 0.820659 0.327529 0.021534 0.071310
1 0.848419 0.328358 0.021871 0.069652
1 0.878533 0.327805 0.022207 0.072968
1 0.914536 0.331122 0.025572 0.074074
1 0.937079 0.340796 0.032301 0.079049
1 0.952894 0.355169 0.026918 0.088999
1 0.969717 0.339967 0.026245 0.080708
1 0.984690 0.341072 0.011104 0.060807
1 0.964838 0.488115 0.038694 0.044223
1 0.946332 0.481481 0.045424 0.050857
1 0.938425 0.512161 0.049125 0.053621
1 0.900740 0.557214 0.030283 0.076285
1 0.879206 0.541183 0.028937 0.076285
1 0.844213 0.492537 0.056528 0.032062
1 0.854139 0.547540 0.029946 0.066888
1 0.826380 0.562742 0.028264 0.077391
1 0.777423 0.520730 0.034657 0.069652
1 0.760431 0.559978 0.021534 0.072968
1 0.739401 0.560254 0.022544 0.059149
1 0.718203 0.548093 0.025236 0.073521
1 0.702725 0.549475 0.023217 0.068546
1 0.686575 0.548093 0.019852 0.075732
1 0.669919 0.546987 0.020861 0.073521
1 0.652423 0.541736 0.017497 0.075180
1 0.636777 0.539248 0.021198 0.071310
1 0.620121 0.550304 0.020188 0.072416
1 0.593371 0.539801 0.025908 0.074627
1 0.572678 0.547540 0.022880 0.075732
1 0.554172 0.537037 0.020188 0.074627
1 0.534152 0.536208 0.023890 0.067441
1 0.519684 0.535379 0.023217 0.056938
0 0.500841 0.527916 0.018506 0.071863
0 0.427153 0.397457 0.015141 0.076285
1 0.482167 0.508292 0.031629 0.072416
1 0.450034 0.501106 0.029946 0.063571
1 0.436575 0.573245 0.020525 0.080708
1 0.473082 0.586512 0.017497 0.071863
1 0.487719 0.593975 0.016487 0.058043
1 0.503701 0.586512 0.019515 0.063018
0 0.521871 0.617192 0.013459 0.067993
1 0.552658 0.618574 0.018506 0.071863
1 0.567799 0.627695 0.017160 0.079049
1 0.616252 0.627971 0.018506 0.057490
1 0.635599 0.626866 0.019515 0.057490
0 0.651077 0.631564 0.018843 0.064677
1 0.669751 0.631012 0.022544 0.072416
1 0.678499 0.640685 0.019852 0.080708
1 0.693977 0.629077 0.020525 0.072968
1 0.713661 0.637092 0.019515 0.069099
1 0.729812 0.641515 0.020188 0.071310
1 0.744448 0.642067 0.022544 0.076838
1 0.765478 0.640685 0.020861 0.061913
1 0.788863 0.644831 0.022544 0.077944
1 0.804004 0.642620 0.019852 0.073521
1 0.817799 0.650636 0.023890 0.075180
1 0.843203 0.633499 0.025572 0.080708
1 0.867766 0.624102 0.026918 0.078496
1 0.876346 0.656993 0.034657 0.067993
1 0.899899 0.643173 0.023890 0.087894
1 0.916723 0.639027 0.025908 0.065229
1 0.927153 0.660586 0.032638 0.068546
1 0.583614 0.627142 0.017160 0.059149
1 0.694314 0.964345 0.019179 0.009397
1 0.895861 0.345495 0.016487 0.032062
