1 0.967037 0.812642 0.044400 0.064059
0 0.974605 0.857143 0.031282 0.023810
1 0.887656 0.912132 0.047090 0.034014
1 0.913051 0.806973 0.026572 0.064059
1 0.896401 0.825397 0.020182 0.063492
1 0.879751 0.822562 0.023882 0.070295
0 0.864110 0.829082 0.023545 0.059524
1 0.844097 0.835317 0.023209 0.077664
1 0.825261 0.840136 0.017827 0.062358
0 0.812984 0.835034 0.018163 0.063492
1 0.796334 0.843821 0.019845 0.075397
1 0.775311 0.849773 0.020182 0.082766
1 0.759334 0.860828 0.023209 0.081066
1 0.779852 0.939342 0.047427 0.018141
1 0.739657 0.872449 0.021527 0.094104
1 0.719475 0.870465 0.022873 0.073129
1 0.707366 0.874433 0.016818 0.069728
0 0.693744 0.872166 0.021191 0.083333
1 0.678607 0.882653 0.019173 0.088435
1 0.588126 0.876984 0.021191 0.083900
1 0.559031 0.874717 0.020182 0.075964
1 0.522032 0.865930 0.015473 0.068594
1 0.506223 0.879252 0.015473 0.081633
1 0.490414 0.888322 0.020854 0.089569
1 0.470400 0.893424 0.015809 0.083900
1 0.459637 0.878401 0.014464 0.091270
0 0.450219 0.893991 0.017154 0.052154
1 0.394215 0.871599 0.028254 0.076531
1 0.370333 0.808957 0.024218 0.078231
1 0.415237 0.953231 0.017827 0.048186
1 0.927851 0.742347 0.024554 0.073129
1 0.908342 0.748583 0.020518 0.066327
1 0.891356 0.749433 0.022873 0.075964
0 0.872183 0.742063 0.021527 0.063492
1 0.852674 0.742347 0.023545 0.071995
1 0.836697 0.761905 0.035318 0.074830
0 0.813320 0.762755 0.020182 0.066327
0 0.764043 0.767857 0.025900 0.065193
0 0.739993 0.816043 0.043054 0.044785
1 0.748739 0.765023 0.027582 0.070862
1 0.733771 0.765306 0.022536 0.061224
1 0.715943 0.766440 0.024554 0.077098
1 0.701985 0.786565 0.026909 0.069728
0 0.683317 0.781179 0.018500 0.070295
1 0.666162 0.776077 0.023209 0.069161
1 0.638244 0.765306 0.024554 0.065760
1 0.623613 0.770125 0.026236 0.066327
1 0.604776 0.788265 0.022873 0.075397
1 0.583922 0.783447 0.018836 0.068027
1 0.566599 0.779478 0.018500 0.075964
1 0.549781 0.779762 0.023209 0.068594
1 0.530441 0.789399 0.021527 0.071995
1 0.512109 0.792517 0.018500 0.072562
1 0.491591 0.794785 0.017827 0.071429
1 0.475614 0.791950 0.020182 0.072562
0 0.455600 0.796202 0.021191 0.074263
0 0.426169 0.745465 0.037000 0.047619
1 0.443660 0.692177 0.043054 0.034014
1 0.037168 0.854875 0.031954 0.090703
1 0.270434 0.700680 0.049109 0.031746
1 0.224689 0.703798 0.042381 0.030045
1 0.179448 0.702381 0.052136 0.030612
1 0.121763 0.713152 0.053818 0.029478
1 0.122267 0.636621 0.050118 0.040816
1 0.210730 0.615646 0.044063 0.034014
1 0.260175 0.619048 0.044736 0.035147
0 0.035318 0.584184 0.038345 0.061791
0 0.112008 0.673469 0.047090 0.023810
1 0.066431 0.104592 0.052136 0.041383
1 0.128153 0.101190 0.046418 0.034580
1 0.188698 0.097222 0.043054 0.037982
1 0.234780 0.094955 0.047763 0.037982
1 0.650353 0.041383 0.018500 0.017007
0 0.631517 0.046202 0.015809 0.022109
0 0.602758 0.046202 0.018836 0.018707
1 0.619240 0.047336 0.014800 0.023243
1 0.589976 0.045918 0.007400 0.015873
1 0.581399 0.050454 0.011100 0.023810
1 0.569458 0.049320 0.013454 0.019274
1 0.546586 0.051020 0.010764 0.019274
1 0.530272 0.056689 0.015136 0.028345
1 0.512782 0.055272 0.015136 0.023243
1 0.497309 0.058390 0.016482 0.027211
1 0.482846 0.059524 0.016482 0.027211
1 0.465187 0.060374 0.014127 0.025510
1 0.415742 0.083050 0.024218 0.062925
0 0.407501 0.173186 0.023209 0.078798
1 0.436764 0.115646 0.033972 0.071429
1 0.463673 0.117347 0.040027 0.066893
1 0.497982 0.120748 0.027918 0.079365
1 0.514295 0.117347 0.028254 0.073696
1 0.535822 0.121315 0.022200 0.080499
1 0.551463 0.116780 0.025227 0.074830
0 0.574840 0.112245 0.019509 0.081633
1 0.598554 0.108844 0.025900 0.073696
1 0.612849 0.106293 0.024891 0.069728
1 0.631853 0.106859 0.021191 0.075397
1 0.647158 0.103175 0.021527 0.069161
1 0.676757 0.120748 0.024218 0.075964
1 0.690044 0.201814 0.021863 0.075964
1 0.674235 0.224773 0.019173 0.068594
1 0.641271 0.230159 0.029936 0.082766
1 0.628322 0.246599 0.022200 0.064626
1 0.614699 0.240646 0.018500 0.064059
1 0.602590 0.242063 0.031282 0.083900
1 0.575849 0.246315 0.026236 0.067460
1 0.559536 0.244048 0.021191 0.066327
0 0.546081 0.250000 0.020518 0.068027
0 0.512277 0.244048 0.025563 0.066327
1 0.530609 0.238662 0.026572 0.080499
1 0.492096 0.251984 0.021527 0.076531
1 0.473259 0.244048 0.023545 0.062925
1 0.460982 0.252551 0.030609 0.082200
1 0.412546 0.293084 0.019845 0.078231
1 0.444501 0.263605 0.035318 0.065760
1 0.445846 0.333333 0.018500 0.062358
1 0.466532 0.385488 0.022200 0.077098
1 0.477800 0.352324 0.021191 0.067460
1 0.493777 0.342687 0.023545 0.082200
1 0.518163 0.348073 0.021191 0.079365
1 0.532963 0.346939 0.019845 0.070295
1 0.547763 0.337302 0.020518 0.079365
1 0.563236 0.338152 0.014464 0.068594
1 0.574168 0.334751 0.017491 0.059524
0 0.586445 0.346372 0.015809 0.064626
0 0.594013 0.325964 0.016818 0.066893
0 0.604945 0.328231 0.015136 0.064626
0 0.614867 0.331066 0.014800 0.063492
0 0.625799 0.328798 0.012445 0.064626
0 0.634208 0.325964 0.013791 0.062358
0 0.646485 0.324830 0.016818 0.068027
1 0.658089 0.330782 0.018500 0.068594
1 0.673730 0.339853 0.020854 0.083333
1 0.689035 0.339002 0.022536 0.080499
0 0.702657 0.337868 0.016818 0.072562
1 0.714934 0.333050 0.018500 0.062925
1 0.733771 0.350340 0.025227 0.061224
1 0.772620 0.337585 0.022873 0.078798
0 0.741507 0.272392 0.021191 0.076531
1 0.757148 0.265873 0.028254 0.078231
1 0.789943 0.262188 0.021191 0.078798
1 0.802388 0.267290 0.021863 0.074263
1 0.830306 0.262755 0.022536 0.071995
1 0.860579 0.256236 0.022536 0.075964
1 0.897074 0.252551 0.025563 0.076531
1 0.920451 0.258220 0.032627 0.082200
1 0.937269 0.269558 0.027245 0.092404
1 0.953078 0.250850 0.026572 0.084467
1 0.968382 0.248866 0.011436 0.063492
1 0.958628 0.403912 0.039018 0.045918
1 0.939623 0.401077 0.046081 0.052721
1 0.933905 0.434240 0.049445 0.055556
1 0.899260 0.488379 0.030609 0.079932
1 0.876724 0.476190 0.029263 0.079365
1 0.837874 0.432823 0.057181 0.033447
1 0.851665 0.487528 0.030272 0.069161
1 0.824924 0.508503 0.028591 0.080499
1 0.772788 0.474773 0.035318 0.071995
1 0.758661 0.518707 0.021863 0.075964
1 0.737302 0.522959 0.022873 0.061791
1 0.715271 0.515023 0.025227 0.076531
1 0.699966 0.519274 0.023545 0.071429
1 0.683485 0.520692 0.020182 0.078798
1 0.666667 0.523243 0.020854 0.077098
1 0.648671 0.521542 0.017827 0.078231
1 0.632694 0.521825 0.021527 0.074263
1 0.616885 0.536565 0.020182 0.075397
1 0.589304 0.530896 0.026236 0.077664
1 0.568954 0.543084 0.023209 0.078231
1 0.549781 0.535998 0.020518 0.077664
1 0.529768 0.539116 0.024218 0.070295
1 0.514968 0.540816 0.023545 0.058957
0 0.495459 0.537132 0.018836 0.075397
0 0.412210 0.417234 0.015136 0.079365
1 0.475446 0.520692 0.031954 0.075397
1 0.442314 0.519274 0.030272 0.065760
1 0.434073 0.596372 0.020518 0.083900
1 0.471578 0.602891 0.017491 0.074263
1 0.486882 0.607710 0.017154 0.060091
1 0.502523 0.596939 0.019509 0.065760
0 0.522873 0.625000 0.013791 0.070862
1 0.553986 0.620181 0.018836 0.074830
1 0.569795 0.626701 0.017491 0.082200
1 0.618399 0.617630 0.018500 0.059524
1 0.637908 0.612245 0.019845 0.060091
0 0.653717 0.613946 0.019173 0.066893
1 0.672553 0.610261 0.022536 0.075397
1 0.681971 0.618197 0.019845 0.083333
1 0.696939 0.603175 0.020854 0.075964
1 0.716953 0.607426 0.019845 0.071995
1 0.733602 0.609127 0.020182 0.074263
1 0.748402 0.606859 0.022873 0.079932
1 0.769425 0.601190 0.021191 0.064059
1 0.793138 0.600624 0.022873 0.081066
1 0.808274 0.595522 0.020182 0.076531
1 0.822402 0.600907 0.024218 0.078231
1 0.846956 0.578231 0.026236 0.083900
1 0.870838 0.563776 0.027582 0.081066
1 0.881937 0.595522 0.034982 0.070862
1 0.904810 0.577098 0.024218 0.090703
1 0.921123 0.569161 0.025900 0.068027
1 0.933232 0.589853 0.033300 0.070862
1 0.585772 0.623016 0.017154 0.061224
1 0.720989 0.948413 0.019173 0.010204
1 0.879415 0.270692 0.016482 0.033447
