1 0.061330 0.117424 0.043383 0.060101
0 0.057116 0.074242 0.030587 0.022222
1 0.145911 0.040909 0.045880 0.032323
1 0.113452 0.133586 0.025905 0.060101
1 0.130930 0.120202 0.019663 0.059596
1 0.146848 0.126263 0.023408 0.065657
0 0.162609 0.123232 0.023096 0.055556
1 0.182740 0.121717 0.022784 0.072727
1 0.201311 0.120707 0.017478 0.058586
0 0.213015 0.128283 0.017790 0.059596
1 0.229869 0.123485 0.019663 0.071212
1 0.250624 0.122222 0.019975 0.077778
1 0.267166 0.115152 0.022472 0.076768
1 0.252965 0.037626 0.046504 0.016667
1 0.287141 0.108333 0.021223 0.088384
1 0.306804 0.114646 0.022472 0.068687
1 0.318820 0.113384 0.016542 0.065152
0 0.331929 0.118182 0.020911 0.078788
1 0.347378 0.111364 0.018727 0.083333
1 0.434925 0.135606 0.020911 0.078283
1 0.463171 0.143939 0.019975 0.071717
1 0.498439 0.159848 0.014981 0.064141
1 0.514981 0.150505 0.014981 0.076768
1 0.531055 0.145202 0.020911 0.084343
1 0.550718 0.144949 0.015293 0.078788
1 0.560237 0.160859 0.014357 0.085354
0 0.570537 0.148232 0.016854 0.048990
1 0.623439 0.181061 0.027778 0.072222
1 0.641698 0.244192 0.023720 0.073232
1 0.609238 0.100505 0.017478 0.045455
1 0.094101 0.191162 0.024032 0.068182
1 0.113608 0.189141 0.019975 0.062121
1 0.130150 0.191667 0.022472 0.071212
0 0.148252 0.202778 0.021223 0.060101
1 0.167291 0.206566 0.023096 0.067677
1 0.184301 0.191667 0.034644 0.070202
0 0.207085 0.195707 0.019663 0.062121
0 0.255306 0.201263 0.025593 0.061111
0 0.282615 0.161364 0.042135 0.041919
1 0.269975 0.207071 0.026841 0.066667
1 0.284800 0.209848 0.022160 0.058081
1 0.302278 0.212374 0.024032 0.072222
1 0.317416 0.196465 0.026217 0.065657
0 0.335206 0.205556 0.018102 0.065657
1 0.351436 0.213636 0.022472 0.064646
1 0.377653 0.229545 0.024345 0.062121
1 0.392322 0.228283 0.025593 0.062626
1 0.411985 0.214899 0.022472 0.071212
1 0.431960 0.223990 0.018727 0.064141
1 0.448502 0.231313 0.018102 0.070707
1 0.465044 0.234596 0.022472 0.065152
1 0.484551 0.229545 0.020911 0.068182
1 0.502497 0.230556 0.018102 0.068182
1 0.522784 0.232323 0.017478 0.067677
1 0.538077 0.238636 0.019975 0.068182
0 0.557896 0.238889 0.020911 0.069697
0 0.582709 0.292172 0.036205 0.043939
1 0.561642 0.338636 0.042135 0.031818
1 0.969725 0.270455 0.031211 0.085354
1 0.730805 0.366414 0.048377 0.029798
1 0.775749 0.372727 0.041511 0.028283
1 0.819600 0.383586 0.051186 0.028788
1 0.876561 0.385606 0.052747 0.027778
1 0.870162 0.457071 0.049313 0.038384
1 0.782459 0.458081 0.043071 0.031313
1 0.734707 0.444697 0.043695 0.032828
0 0.950999 0.523990 0.037453 0.058081
0 0.882959 0.424495 0.046192 0.022727
1 0.884051 0.965909 0.050874 0.038889
1 0.823658 0.956313 0.045568 0.032828
1 0.764669 0.947475 0.041823 0.035354
1 0.719725 0.939646 0.046816 0.035859
1 0.311174 0.903788 0.018102 0.015657
0 0.329744 0.903283 0.015293 0.020707
0 0.357678 0.909343 0.018102 0.017677
1 0.341760 0.904293 0.014357 0.021717
1 0.370162 0.912121 0.007491 0.015152
1 0.378745 0.909596 0.010924 0.022222
1 0.390293 0.913131 0.013421 0.018182
1 0.412609 0.916162 0.010612 0.018182
1 0.428995 0.914394 0.014669 0.026768
1 0.445849 0.919192 0.014669 0.021212
1 0.461298 0.919697 0.016230 0.025253
1 0.475343 0.921465 0.016230 0.024747
1 0.492665 0.924242 0.014045 0.024242
1 0.542447 0.913384 0.023720 0.059091
0 0.557428 0.830808 0.022472 0.073737
1 0.524501 0.878535 0.033396 0.067172
1 0.498596 0.871717 0.039014 0.062626
1 0.465200 0.861111 0.027154 0.074747
1 0.449282 0.861111 0.027778 0.068687
1 0.428527 0.852525 0.021848 0.075758
1 0.412921 0.853535 0.024969 0.070707
0 0.389981 0.853030 0.019039 0.076768
1 0.366573 0.851515 0.025281 0.069697
1 0.352372 0.850758 0.024345 0.065152
1 0.333958 0.846212 0.020599 0.071212
1 0.318820 0.846717 0.020911 0.065152
1 0.291199 0.823990 0.023720 0.071212
1 0.284488 0.745455 0.021536 0.071717
1 0.301654 0.727273 0.019039 0.064646
1 0.334114 0.729040 0.029650 0.078283
1 0.347846 0.716414 0.021536 0.061111
1 0.360799 0.725000 0.018102 0.060101
1 0.372659 0.726263 0.030587 0.078788
1 0.399032 0.727778 0.025905 0.063636
1 0.414794 0.733333 0.020599 0.062626
0 0.428371 0.730303 0.020287 0.063636
0 0.460674 0.743182 0.024969 0.062121
1 0.442572 0.744192 0.026217 0.075253
1 0.481117 0.739646 0.020911 0.071212
1 0.498752 0.751010 0.023096 0.058586
1 0.511548 0.745707 0.029963 0.077273
1 0.561642 0.717677 0.019039 0.073737
1 0.528246 0.738384 0.034644 0.061616
1 0.532147 0.673232 0.018102 0.058586
1 0.516230 0.620455 0.021848 0.072222
1 0.502653 0.648990 0.020911 0.063636
1 0.486267 0.654545 0.023096 0.076768
1 0.463015 0.644697 0.020287 0.074242
1 0.448502 0.642677 0.019351 0.066162
1 0.433208 0.648485 0.019975 0.074747
1 0.418383 0.644444 0.014045 0.064646
1 0.407459 0.645707 0.017166 0.056061
0 0.396223 0.631818 0.015293 0.060606
0 0.387328 0.649495 0.016230 0.062626
0 0.376873 0.645202 0.014669 0.060101
0 0.367509 0.640404 0.014669 0.059596
0 0.356586 0.640152 0.012172 0.061111
0 0.348159 0.641162 0.013421 0.059091
0 0.336298 0.639646 0.016542 0.064141
1 0.325375 0.631566 0.018414 0.064141
1 0.311017 0.620202 0.020287 0.078788
1 0.295880 0.617677 0.021848 0.075758
0 0.282615 0.615909 0.016542 0.068182
1 0.270287 0.617929 0.018102 0.059091
1 0.253277 0.597727 0.024657 0.057071
1 0.214419 0.601263 0.022472 0.074242
0 0.239700 0.668939 0.020599 0.072222
1 0.224095 0.671717 0.027466 0.073737
1 0.191792 0.668434 0.020911 0.074242
1 0.180087 0.661111 0.021223 0.069697
1 0.152466 0.659596 0.022160 0.067677
1 0.122503 0.659343 0.022160 0.071212
1 0.086767 0.655303 0.024969 0.072222
1 0.064451 0.645202 0.032147 0.077273
1 0.049001 0.630808 0.026841 0.086869
1 0.031991 0.645455 0.025905 0.078788
1 0.017166 0.643939 0.011236 0.059596
1 0.038390 0.501010 0.038077 0.043434
1 0.056804 0.507576 0.044944 0.049495
1 0.064763 0.478030 0.048377 0.052020
1 0.102528 0.434596 0.030275 0.075253
1 0.123752 0.450758 0.028402 0.074242
1 0.158084 0.499242 0.055868 0.031818
1 0.148720 0.444949 0.029650 0.065657
1 0.176498 0.430808 0.027778 0.075758
1 0.224719 0.473232 0.034332 0.067677
1 0.241885 0.435101 0.021223 0.071212
1 0.262797 0.435606 0.022472 0.058081
1 0.283708 0.447475 0.024969 0.071717
1 0.299157 0.446717 0.022784 0.067172
1 0.315075 0.448737 0.019663 0.074242
1 0.331773 0.450000 0.020599 0.071717
1 0.349095 0.455303 0.017166 0.073232
1 0.364700 0.458333 0.020911 0.070202
1 0.381086 0.447980 0.019975 0.070707
1 0.407459 0.458838 0.025905 0.073232
1 0.428371 0.452020 0.022784 0.073737
1 0.446317 0.462626 0.019975 0.072727
1 0.466292 0.463889 0.023720 0.066162
1 0.480649 0.465152 0.023096 0.055556
0 0.499376 0.472475 0.018102 0.070202
0 0.571473 0.602020 0.014981 0.074747
1 0.517790 0.492424 0.031211 0.070707
1 0.549782 0.500000 0.029650 0.061616
1 0.563670 0.430051 0.019975 0.078283
1 0.527622 0.415909 0.017166 0.070202
1 0.513109 0.408333 0.016230 0.057071
1 0.497191 0.415152 0.019351 0.061616
0 0.479401 0.384848 0.013109 0.066667
1 0.448970 0.382828 0.018414 0.069697
1 0.433833 0.373485 0.016854 0.077273
1 0.385768 0.371970 0.018102 0.056061
1 0.366573 0.372727 0.019663 0.056566
0 0.351124 0.367677 0.018727 0.062626
1 0.332553 0.367677 0.022160 0.070707
1 0.323970 0.358081 0.019351 0.078788
1 0.308365 0.368939 0.020599 0.071212
1 0.289014 0.361111 0.019351 0.067677
1 0.273096 0.356061 0.019975 0.069697
1 0.258583 0.355051 0.022160 0.074747
1 0.237672 0.355808 0.020911 0.060101
1 0.214419 0.351768 0.022472 0.076263
1 0.199438 0.353283 0.019975 0.072222
1 0.185861 0.345202 0.023408 0.073232
1 0.160424 0.361364 0.025593 0.078283
1 0.135768 0.369949 0.026841 0.076263
1 0.127653 0.337879 0.034332 0.066667
1 0.103933 0.350758 0.023720 0.085354
1 0.087391 0.354545 0.025593 0.063636
1 0.077247 0.332576 0.032147 0.067172
1 0.418071 0.373737 0.017166 0.057576
1 0.311017 0.041162 0.019039 0.009596
1 0.105493 0.641919 0.016230 0.031313
