1 0.022917 0.131019 0.045312 0.068519
0 0.016146 0.082407 0.031771 0.025000
1 0.106771 0.030556 0.047917 0.036111
1 0.077995 0.141667 0.026823 0.068519
1 0.095443 0.123380 0.020573 0.068056
1 0.112370 0.127778 0.024219 0.075000
0 0.128646 0.121991 0.023958 0.063426
1 0.149349 0.117130 0.023698 0.083333
1 0.168620 0.113194 0.017969 0.067130
0 0.181250 0.119907 0.018229 0.068519
1 0.198568 0.111806 0.020052 0.081019
1 0.220052 0.106944 0.020313 0.088889
1 0.236849 0.096528 0.023177 0.087500
1 0.217969 0.009954 0.048438 0.018981
1 0.257292 0.085648 0.021875 0.100926
1 0.277995 0.089583 0.023177 0.078241
1 0.290495 0.086343 0.016927 0.074537
0 0.304297 0.089815 0.021615 0.089815
1 0.320052 0.079630 0.019271 0.095370
1 0.412500 0.093519 0.021354 0.089815
1 0.442318 0.098380 0.020573 0.081944
1 0.479948 0.111343 0.015625 0.073611
1 0.496615 0.098148 0.015625 0.087963
1 0.513021 0.089352 0.021354 0.096296
1 0.533594 0.085880 0.015625 0.090278
1 0.544271 0.102778 0.014583 0.098148
0 0.554297 0.086806 0.017448 0.056019
1 0.611198 0.115741 0.028646 0.082407
1 0.633594 0.185417 0.024479 0.083796
1 0.591797 0.025926 0.017969 0.051852
1 0.061068 0.210417 0.024740 0.078241
1 0.081120 0.205093 0.020573 0.071296
1 0.098568 0.205556 0.023177 0.081481
0 0.117969 0.215278 0.021875 0.068519
1 0.138021 0.216435 0.023958 0.077315
1 0.154948 0.196991 0.035937 0.080093
0 0.178776 0.197917 0.020573 0.070833
0 0.229297 0.196528 0.026302 0.069907
0 0.255469 0.146759 0.043750 0.048148
1 0.244922 0.200926 0.027865 0.075926
1 0.260417 0.201852 0.022917 0.065741
1 0.278646 0.202083 0.025000 0.082870
1 0.293490 0.181481 0.027083 0.075000
0 0.312500 0.189120 0.018750 0.075463
1 0.329948 0.195833 0.023438 0.074074
1 0.358073 0.209954 0.025000 0.070833
1 0.373177 0.206019 0.026562 0.071296
1 0.393099 0.187731 0.023177 0.081019
1 0.414323 0.194907 0.019271 0.073148
1 0.431901 0.200694 0.018490 0.081019
1 0.449219 0.201852 0.023438 0.074074
1 0.469271 0.193056 0.021875 0.077778
1 0.488021 0.191204 0.018750 0.077778
1 0.509245 0.190278 0.017969 0.076852
1 0.525391 0.194907 0.020573 0.077778
0 0.546094 0.192130 0.021354 0.079630
0 0.574870 0.249306 0.037760 0.050463
1 0.555469 0.305556 0.043750 0.036111
1 0.976172 0.163657 0.032552 0.097685
1 0.732943 0.310880 0.050260 0.033796
1 0.779948 0.311343 0.043229 0.031944
1 0.826172 0.316667 0.053385 0.032407
1 0.885547 0.309954 0.054948 0.031019
1 0.882943 0.392593 0.051302 0.043519
1 0.791667 0.407639 0.044792 0.035648
1 0.741276 0.399769 0.045573 0.037500
0 0.970443 0.456481 0.038802 0.066667
0 0.894401 0.353472 0.048177 0.025463
1 0.925000 0.971991 0.053125 0.043981
1 0.861719 0.970370 0.047396 0.037037
1 0.799740 0.969676 0.043750 0.040278
1 0.752474 0.968056 0.048698 0.040741
1 0.325521 0.990741 0.018750 0.017593
0 0.344792 0.987269 0.015625 0.023611
0 0.374219 0.989815 0.018750 0.019444
1 0.357422 0.986806 0.014844 0.024537
1 0.387370 0.991204 0.007552 0.016667
1 0.396224 0.987037 0.011198 0.025000
1 0.408464 0.989120 0.013802 0.019907
1 0.431901 0.989352 0.010677 0.020370
1 0.448698 0.984491 0.015104 0.030093
1 0.466667 0.987500 0.015104 0.024074
1 0.482552 0.985417 0.016667 0.028241
1 0.497396 0.985417 0.016667 0.028241
1 0.515495 0.985880 0.014323 0.027315
1 0.566797 0.965741 0.024740 0.067593
0 0.577865 0.868981 0.023438 0.084259
1 0.546224 0.928704 0.034635 0.076852
1 0.518750 0.924769 0.040625 0.071759
1 0.483594 0.918056 0.028125 0.085185
1 0.466927 0.920370 0.028646 0.078704
1 0.444922 0.914120 0.022656 0.086574
1 0.428776 0.917593 0.025781 0.080556
0 0.404818 0.920602 0.019531 0.087500
1 0.380339 0.922454 0.026302 0.079167
1 0.365495 0.923843 0.025260 0.074537
1 0.346094 0.921528 0.021354 0.081019
1 0.330469 0.924306 0.021875 0.074537
1 0.300521 0.902778 0.024479 0.081481
1 0.289193 0.814120 0.022135 0.081944
1 0.306120 0.790509 0.019531 0.073611
1 0.339974 0.787731 0.030469 0.089352
1 0.353646 0.770833 0.022396 0.069444
1 0.367448 0.778704 0.018750 0.068519
1 0.379948 0.778241 0.031771 0.089815
1 0.407422 0.775926 0.026823 0.072222
1 0.424089 0.779630 0.021094 0.071296
0 0.438021 0.774306 0.020833 0.072685
0 0.472396 0.783796 0.026042 0.071296
1 0.453646 0.787963 0.027083 0.086111
1 0.493490 0.776620 0.021875 0.081944
1 0.512370 0.786806 0.023698 0.067130
1 0.525391 0.778704 0.030990 0.087963
1 0.576042 0.738889 0.019792 0.084259
1 0.542448 0.768056 0.035937 0.070370
1 0.542969 0.692593 0.018750 0.066667
1 0.523438 0.634954 0.022396 0.082870
1 0.510938 0.669676 0.021354 0.072685
1 0.494271 0.678704 0.023958 0.087963
1 0.469401 0.670833 0.021094 0.085185
1 0.454297 0.670833 0.020052 0.075926
1 0.438672 0.680093 0.020573 0.085185
1 0.423047 0.677546 0.014323 0.073611
1 0.411719 0.680556 0.017708 0.063889
0 0.399349 0.666667 0.015885 0.069444
0 0.391146 0.688194 0.016667 0.071759
0 0.379948 0.684954 0.015104 0.068981
0 0.369922 0.681019 0.014844 0.067593
0 0.358594 0.682407 0.012500 0.069444
0 0.349870 0.684954 0.013802 0.067130
0 0.337370 0.685185 0.016927 0.073148
1 0.325521 0.677546 0.018750 0.073611
1 0.309896 0.666667 0.020833 0.089815
1 0.294141 0.666204 0.022656 0.087037
0 0.280339 0.666204 0.016927 0.077778
1 0.267448 0.670370 0.018750 0.067593
1 0.248698 0.650231 0.025521 0.065278
1 0.208464 0.660417 0.023177 0.084722
0 0.238542 0.733796 0.021354 0.082407
1 0.222396 0.739352 0.028646 0.084259
1 0.188672 0.740509 0.021615 0.084722
1 0.176042 0.734028 0.021875 0.080093
1 0.147266 0.736806 0.022656 0.077315
1 0.116146 0.741204 0.022917 0.081481
1 0.078646 0.742130 0.026042 0.082407
1 0.054948 0.734028 0.033333 0.088426
1 0.038021 0.720139 0.027604 0.099537
1 0.021224 0.739120 0.026823 0.090278
1 0.005599 0.740046 0.011198 0.068056
1 0.019922 0.573148 0.039844 0.049074
1 0.039323 0.577778 0.046875 0.056481
1 0.046094 0.542593 0.050521 0.059259
1 0.083073 0.487269 0.031250 0.085648
1 0.105990 0.502315 0.029687 0.085185
1 0.144271 0.552546 0.058333 0.035648
1 0.131771 0.491898 0.030729 0.074537
1 0.159766 0.471528 0.028906 0.086574
1 0.212240 0.512269 0.035937 0.077315
1 0.227995 0.466204 0.022135 0.081481
1 0.249870 0.463194 0.023177 0.066204
1 0.272266 0.473843 0.025781 0.081944
1 0.288151 0.470370 0.023698 0.076852
1 0.304948 0.470139 0.020313 0.084722
1 0.322266 0.468981 0.021094 0.082407
1 0.340625 0.472454 0.017708 0.083796
1 0.356901 0.473380 0.021615 0.080093
1 0.373568 0.459028 0.020573 0.081019
1 0.401693 0.467130 0.026823 0.083333
1 0.422917 0.456019 0.023438 0.084259
1 0.442318 0.465278 0.020573 0.083333
1 0.463021 0.463657 0.024479 0.075463
1 0.478125 0.462731 0.023958 0.063426
0 0.497917 0.468519 0.018750 0.080556
0 0.579948 0.605093 0.015104 0.085185
1 0.518099 0.488194 0.032552 0.081019
1 0.551823 0.492130 0.030729 0.070370
1 0.562500 0.409722 0.020833 0.089815
1 0.524219 0.399306 0.017708 0.080093
1 0.508724 0.393056 0.016927 0.064815
1 0.492448 0.403241 0.019792 0.070370
0 0.472396 0.371296 0.013542 0.075926
1 0.440495 0.373843 0.019010 0.080093
1 0.424349 0.365509 0.017448 0.088426
1 0.374219 0.371296 0.018750 0.063889
1 0.354297 0.375231 0.020052 0.064352
0 0.338021 0.371991 0.019271 0.071759
1 0.318750 0.374769 0.022917 0.081019
1 0.309245 0.365278 0.020052 0.089815
1 0.293620 0.380093 0.021094 0.081481
1 0.273047 0.373843 0.020052 0.077315
1 0.256120 0.370833 0.020573 0.079630
1 0.241016 0.371991 0.023177 0.085648
1 0.219271 0.376157 0.021354 0.068981
1 0.194922 0.375000 0.023177 0.087037
1 0.179297 0.379167 0.020573 0.082407
1 0.164844 0.371991 0.024479 0.083796
1 0.139193 0.394444 0.026302 0.089815
1 0.114193 0.408102 0.027865 0.087500
1 0.103776 0.372685 0.035677 0.075926
1 0.079948 0.390972 0.024479 0.097685
1 0.062891 0.397917 0.026302 0.072685
1 0.051172 0.374769 0.033594 0.076389
1 0.407943 0.368056 0.017448 0.065741
1 0.278516 0.005093 0.019531 0.010185
1 0.097396 0.723843 0.016667 0.035648
