1 0.976042 0.131019 0.045312 0.068519
0 0.982812 0.082407 0.031771 0.025000
1 0.892188 0.030556 0.047917 0.036111
1 0.920964 0.141667 0.026823 0.068519
1 0.903516 0.123380 0.020573 0.068056
1 0.886589 0.127778 0.024219 0.075000
0 0.870313 0.121991 0.023958 0.063426
1 0.849609 0.117130 0.023698 0.083333
1 0.830339 0.113194 0.017969 0.067130
0 0.817708 0.119907 0.018229 0.068519
1 0.800391 0.111806 0.020052 0.081019
1 0.778906 0.106944 0.020313 0.088889
1 0.762109 0.096528 0.023177 0.087500
1 0.780990 0.009954 0.048438 0.018981
1 0.741667 0.085648 0.021875 0.100926
1 0.720964 0.089583 0.023177 0.078241
1 0.708464 0.086343 0.016927 0.074537
0 0.694661 0.089815 0.021615 0.089815
1 0.678906 0.079630 0.019271 0.095370
1 0.586458 0.093519 0.021354 0.089815
1 0.556641 0.098380 0.020573 0.081944
1 0.519010 0.111343 0.015625 0.073611
1 0.502344 0.098148 0.015625 0.087963
1 0.485938 0.089352 0.021354 0.096296
1 0.465365 0.085880 0.015625 0.090278
1 0.454688 0.102778 0.014583 0.098148
0 0.444661 0.086806 0.017448 0.056019
1 0.387760 0.115741 0.028646 0.082407
1 0.365365 0.185417 0.024479 0.083796
1 0.407161 0.025926 0.017969 0.051852
1 0.937891 0.210417 0.024740 0.078241
1 0.917839 0.205093 0.020573 0.071296
1 0.900391 0.205556 0.023177 0.081481
0 0.880990 0.215278 0.021875 0.068519
1 0.860938 0.216435 0.023958 0.077315
1 0.844010 0.196991 0.035937 0.080093
0 0.820182 0.197917 0.020573 0.070833
0 0.769661 0.196528 0.026302 0.069907
0 0.743490 0.146759 0.043750 0.048148
1 0.754036 0.200926 0.027865 0.075926
1 0.738542 0.201852 0.022917 0.065741
1 0.720313 0.202083 0.025000 0.082870
1 0.705469 0.181481 0.027083 0.075000
0 0.686458 0.189120 0.018750 0.075463
1 0.669010 0.195833 0.023438 0.074074
1 0.640885 0.209954 0.025000 0.070833
1 0.625781 0.206019 0.026562 0.071296
1 0.605859 0.187731 0.023177 0.081019
1 0.584635 0.194907 0.019271 0.073148
1 0.567057 0.200694 0.018490 0.081019
1 0.549740 0.201852 0.023438 0.074074
1 0.529687 0.193056 0.021875 0.077778
1 0.510938 0.191204 0.018750 0.077778
1 0.489714 0.190278 0.017969 0.076852
1 0.473568 0.194907 0.020573 0.077778
0 0.452865 0.192130 0.021354 0.079630
0 0.424089 0.249306 0.037760 0.050463
1 0.443490 0.305556 0.043750 0.036111
1 0.022786 0.163657 0.032552 0.097685
1 0.266016 0.310880 0.050260 0.033796
1 0.219010 0.311343 0.043229 0.031944
1 0.172786 0.316667 0.053385 0.032407
1 0.113411 0.309954 0.054948 0.031019
1 0.116016 0.392593 0.051302 0.043519
1 0.207292 0.407639 0.044792 0.035648
1 0.257682 0.399769 0.045573 0.037500
0 0.028516 0.456481 0.038802 0.066667
0 0.104557 0.353472 0.048177 0.025463
1 0.073958 0.971991 0.053125 0.043981
1 0.137240 0.970370 0.047396 0.037037
1 0.199219 0.969676 0.043750 0.040278
1 0.246484 0.968056 0.048698 0.040741
1 0.673438 0.990741 0.018750 0.017593
0 0.654167 0.987269 0.015625 0.023611
0 0.624740 0.989815 0.018750 0.019444
1 0.641536 0.986806 0.014844 0.024537
1 0.611589 0.991204 0.007552 0.016667
1 0.602734 0.987037 0.011198 0.025000
1 0.590495 0.989120 0.013802 0.019907
1 0.567057 0.989352 0.010677 0.020370
1 0.550260 0.984491 0.015104 0.030093
1 0.532292 0.987500 0.015104 0.024074
1 0.516406 0.985417 0.016667 0.028241
1 0.501563 0.985417 0.016667 0.028241
1 0.483464 0.985880 0.014323 0.027315
1 0.432161 0.965741 0.024740 0.067593
0 0.421094 0.868981 0.023438 0.084259
1 0.452734 0.928704 0.034635 0.076852
1 0.480208 0.924769 0.040625 0.071759
1 0.515365 0.918056 0.028125 0.085185
1 0.532031 0.920370 0.028646 0.078704
1 0.554036 0.914120 0.022656 0.086574
1 0.570182 0.917593 0.025781 0.080556
0 0.594141 0.920602 0.019531 0.087500
1 0.618620 0.922454 0.026302 0.079167
1 0.633464 0.923843 0.025260 0.074537
1 0.652865 0.921528 0.021354 0.081019
1 0.668490 0.924306 0.021875 0.074537
1 0.698438 0.902778 0.024479 0.081481
1 0.709766 0.814120 0.022135 0.081944
1 0.692839 0.790509 0.019531 0.073611
1 0.658984 0.787731 0.030469 0.089352
1 0.645312 0.770833 0.022396 0.069444
1 0.631510 0.778704 0.018750 0.068519
1 0.619010 0.778241 0.031771 0.089815
1 0.591536 0.775926 0.026823 0.072222
1 0.574870 0.779630 0.021094 0.071296
0 0.560937 0.774306 0.020833 0.072685
0 0.526563 0.783796 0.026042 0.071296
1 0.545312 0.787963 0.027083 0.086111
1 0.505469 0.776620 0.021875 0.081944
1 0.486589 0.786806 0.023698 0.067130
1 0.473568 0.778704 0.030990 0.087963
1 0.422917 0.738889 0.019792 0.084259
1 0.456510 0.768056 0.035937 0.070370
1 0.455990 0.692593 0.018750 0.066667
1 0.475521 0.634954 0.022396 0.082870
1 0.488021 0.669676 0.021354 0.072685
1 0.504687 0.678704 0.023958 0.087963
1 0.529557 0.670833 0.021094 0.085185
1 0.544661 0.670833 0.020052 0.075926
1 0.560286 0.680093 0.020573 0.085185
1 0.575911 0.677546 0.014323 0.073611
1 0.587240 0.680556 0.017708 0.063889
0 0.599609 0.666667 0.015885 0.069444
0 0.607812 0.688194 0.016667 0.071759
0 0.619010 0.684954 0.015104 0.068981
0 0.629036 0.681019 0.014844 0.067593
0 0.640365 0.682407 0.012500 0.069444
0 0.649089 0.684954 0.013802 0.067130
0 0.661589 0.685185 0.016927 0.073148
1 0.673438 0.677546 0.018750 0.073611
1 0.689063 0.666667 0.020833 0.089815
1 0.704818 0.666204 0.022656 0.087037
0 0.718620 0.666204 0.016927 0.077778
1 0.731510 0.670370 0.018750 0.067593
1 0.750260 0.650231 0.025521 0.065278
1 0.790495 0.660417 0.023177 0.084722
0 0.760417 0.733796 0.021354 0.082407
1 0.776563 0.739352 0.028646 0.084259
1 0.810286 0.740509 0.021615 0.084722
1 0.822917 0.734028 0.021875 0.080093
1 0.851693 0.736806 0.022656 0.077315
1 0.882812 0.741204 0.022917 0.081481
1 0.920312 0.742130 0.026042 0.082407
1 0.944010 0.734028 0.033333 0.088426
1 0.960938 0.720139 0.027604 0.099537
1 0.977734 0.739120 0.026823 0.090278
1 0.993359 0.740046 0.011198 0.068056
1 0.979036 0.573148 0.039844 0.049074
1 0.959635 0.577778 0.046875 0.056481
1 0.952865 0.542593 0.050521 0.059259
1 0.915885 0.487269 0.031250 0.085648
1 0.892969 0.502315 0.029687 0.085185
1 0.854688 0.552546 0.058333 0.035648
1 0.867188 0.491898 0.030729 0.074537
1 0.839193 0.471528 0.028906 0.086574
1 0.786719 0.512269 0.035937 0.077315
1 0.770964 0.466204 0.022135 0.081481
1 0.749089 0.463194 0.023177 0.066204
1 0.726693 0.473843 0.025781 0.081944
1 0.710807 0.470370 0.023698 0.076852
1 0.694010 0.470139 0.020313 0.084722
1 0.676693 0.468981 0.021094 0.082407
1 0.658333 0.472454 0.017708 0.083796
1 0.642057 0.473380 0.021615 0.080093
1 0.625391 0.459028 0.020573 0.081019
1 0.597266 0.467130 0.026823 0.083333
1 0.576042 0.456019 0.023438 0.084259
1 0.556641 0.465278 0.020573 0.083333
1 0.535937 0.463657 0.024479 0.075463
1 0.520833 0.462731 0.023958 0.063426
0 0.501042 0.468519 0.018750 0.080556
0 0.419010 0.605093 0.015104 0.085185
1 0.480859 0.488194 0.032552 0.081019
1 0.447135 0.492130 0.030729 0.070370
1 0.436458 0.409722 0.020833 0.089815
1 0.474740 0.399306 0.017708 0.080093
1 0.490234 0.393056 0.016927 0.064815
1 0.506510 0.403241 0.019792 0.070370
0 0.526563 0.371296 0.013542 0.075926
1 0.558464 0.373843 0.019010 0.080093
1 0.574609 0.365509 0.017448 0.088426
1 0.624740 0.371296 0.018750 0.063889
1 0.644661 0.375231 0.020052 0.064352
0 0.660937 0.371991 0.019271 0.071759
1 0.680208 0.374769 0.022917 0.081019
1 0.689714 0.365278 0.020052 0.089815
1 0.705339 0.380093 0.021094 0.081481
1 0.725911 0.373843 0.020052 0.077315
1 0.742839 0.370833 0.020573 0.079630
1 0.757943 0.371991 0.023177 0.085648
1 0.779687 0.376157 0.021354 0.068981
1 0.804036 0.375000 0.023177 0.087037
1 0.819661 0.379167 0.020573 0.082407
1 0.834115 0.371991 0.024479 0.083796
1 0.859766 0.394444 0.026302 0.089815
1 0.884766 0.408102 0.027865 0.087500
1 0.895182 0.372685 0.035677 0.075926
1 0.919010 0.390972 0.024479 0.097685
1 0.936068 0.397917 0.026302 0.072685
1 0.947786 0.374769 0.033594 0.076389
1 0.591016 0.368056 0.017448 0.065741
1 0.720443 0.005093 0.019531 0.010185
1 0.901563 0.723843 0.016667 0.035648
