1 0.024030 0.158016 0.045409 0.066897
0 0.016904 0.111015 0.031820 0.024798
1 0.106066 0.057958 0.047730 0.035179
1 0.078721 0.166667 0.026848 0.066897
1 0.095791 0.148212 0.020550 0.066897
1 0.112529 0.151961 0.024196 0.073241
0 0.128605 0.145905 0.023865 0.062284
1 0.148989 0.140427 0.023533 0.081315
1 0.168048 0.136101 0.017899 0.065744
0 0.180643 0.142157 0.018561 0.067474
1 0.197713 0.133795 0.020219 0.079585
1 0.218926 0.128316 0.020219 0.087082
1 0.235333 0.117647 0.023202 0.085352
1 0.215777 0.034314 0.048392 0.019031
1 0.255552 0.106690 0.021876 0.098039
1 0.276102 0.109862 0.023202 0.076701
1 0.288366 0.106113 0.017236 0.072664
0 0.302121 0.108997 0.021545 0.087659
1 0.317534 0.098904 0.019224 0.092849
1 0.409181 0.109573 0.021545 0.087659
1 0.438847 0.113322 0.020550 0.080161
1 0.476135 0.124567 0.015578 0.071511
1 0.492542 0.111303 0.015910 0.085352
1 0.508618 0.102364 0.021545 0.094002
1 0.529002 0.098328 0.015910 0.088235
1 0.539775 0.114187 0.014915 0.095732
0 0.549387 0.098328 0.017567 0.054787
1 0.606066 0.124856 0.028837 0.080161
1 0.629102 0.191465 0.024528 0.081892
1 0.586013 0.038062 0.017899 0.050750
1 0.062479 0.233564 0.024859 0.076125
1 0.082367 0.227797 0.020882 0.069204
1 0.099768 0.227797 0.023202 0.079585
0 0.118992 0.236448 0.021876 0.066897
1 0.138714 0.237024 0.024196 0.074971
1 0.155452 0.217705 0.035797 0.077855
0 0.178986 0.217993 0.020550 0.069204
0 0.229035 0.214821 0.026516 0.068627
0 0.254392 0.166090 0.043421 0.047290
1 0.244448 0.218570 0.028174 0.073818
1 0.259861 0.219146 0.023202 0.064591
1 0.277759 0.218570 0.025191 0.080738
1 0.292343 0.198097 0.027179 0.073241
0 0.311071 0.205306 0.018893 0.073818
1 0.328638 0.211073 0.023533 0.072664
1 0.356646 0.223760 0.025191 0.069204
1 0.371561 0.219435 0.026516 0.069781
1 0.391117 0.201269 0.023202 0.079585
1 0.411999 0.207612 0.019224 0.071511
1 0.429566 0.212514 0.018561 0.079008
1 0.446636 0.213091 0.023533 0.072088
1 0.466357 0.204152 0.021876 0.076125
1 0.485085 0.201557 0.018893 0.075548
1 0.505966 0.200115 0.018230 0.074971
1 0.522042 0.204152 0.020550 0.076125
0 0.542426 0.200692 0.021545 0.077278
0 0.571429 0.255190 0.037786 0.049020
1 0.552867 0.310265 0.043752 0.035755
1 0.967849 0.159746 0.032483 0.095732
1 0.728704 0.309977 0.050050 0.032872
1 0.775273 0.308824 0.043089 0.031719
1 0.821014 0.312572 0.053033 0.032295
1 0.879516 0.304210 0.054690 0.030565
1 0.878025 0.384660 0.051044 0.042676
1 0.787703 0.401672 0.044746 0.035179
1 0.737653 0.395617 0.045409 0.036909
0 0.965031 0.443772 0.038780 0.065167
0 0.888797 0.346021 0.048061 0.025375
1 0.925423 0.944348 0.053033 0.043253
1 0.862778 0.944925 0.047067 0.036332
1 0.801458 0.946078 0.043752 0.039792
1 0.754558 0.946078 0.048724 0.039792
1 0.332284 0.981257 0.018893 0.017878
0 0.351342 0.977220 0.015910 0.023645
0 0.380345 0.978662 0.018893 0.019608
1 0.363772 0.976355 0.014915 0.024221
1 0.393437 0.979527 0.007955 0.016724
1 0.402221 0.975490 0.011601 0.024798
1 0.414319 0.977220 0.013921 0.020185
1 0.437355 0.976644 0.010938 0.020185
1 0.454093 0.971453 0.015247 0.029412
1 0.471992 0.973760 0.015247 0.023645
1 0.487570 0.971165 0.016573 0.027682
1 0.502320 0.970588 0.016904 0.027682
1 0.520219 0.970588 0.014253 0.026528
1 0.570766 0.949539 0.024528 0.066321
0 0.580875 0.855536 0.023533 0.082468
1 0.550050 0.914072 0.034803 0.074971
1 0.522705 0.911188 0.040438 0.070358
1 0.488068 0.905998 0.028174 0.083045
1 0.471495 0.908593 0.028837 0.076701
1 0.449619 0.903403 0.022870 0.084775
1 0.433543 0.907151 0.025853 0.078431
0 0.410010 0.910611 0.019887 0.085352
1 0.385814 0.913495 0.026516 0.077278
1 0.371064 0.915225 0.025522 0.072664
1 0.351840 0.913783 0.021545 0.079008
1 0.336427 0.916955 0.021876 0.072664
1 0.306596 0.896770 0.024528 0.079585
1 0.294498 0.811130 0.022207 0.080161
1 0.311071 0.788062 0.019556 0.072088
1 0.344382 0.784025 0.030494 0.087082
1 0.357806 0.767301 0.022207 0.067474
1 0.371727 0.774510 0.018893 0.066897
1 0.383825 0.773933 0.031820 0.087659
1 0.411170 0.770473 0.026848 0.070358
1 0.427577 0.773645 0.021213 0.069781
0 0.441332 0.767878 0.020882 0.070934
0 0.475472 0.776240 0.026185 0.069204
1 0.457077 0.780854 0.027179 0.084198
1 0.496354 0.768454 0.022207 0.080161
1 0.515081 0.777970 0.023865 0.065744
1 0.527842 0.769608 0.030825 0.085928
1 0.577726 0.729527 0.019887 0.081892
1 0.544581 0.758651 0.035797 0.068627
1 0.544415 0.685409 0.018893 0.065167
1 0.524528 0.630334 0.022207 0.080738
1 0.512595 0.664648 0.021545 0.070934
1 0.496023 0.673875 0.024196 0.085928
1 0.471329 0.666667 0.021213 0.083045
1 0.456579 0.667243 0.020219 0.073818
1 0.441001 0.677047 0.020882 0.083045
1 0.425588 0.674740 0.014584 0.071511
1 0.414319 0.678201 0.017899 0.062284
0 0.402055 0.664937 0.015910 0.068051
0 0.394100 0.686275 0.016573 0.070358
0 0.382996 0.683103 0.015578 0.067474
0 0.373053 0.679931 0.014915 0.065744
0 0.361783 0.681661 0.012927 0.068051
0 0.353331 0.684256 0.013921 0.065167
0 0.340902 0.685121 0.016904 0.071511
1 0.328969 0.677912 0.018893 0.072088
1 0.313391 0.667820 0.020882 0.087659
1 0.297812 0.667820 0.022870 0.085352
0 0.284223 0.668397 0.016904 0.076125
1 0.271627 0.672722 0.018893 0.066321
1 0.252735 0.653691 0.025522 0.064014
1 0.213126 0.664937 0.023202 0.083045
0 0.243454 0.735006 0.021545 0.080161
1 0.227544 0.741061 0.028837 0.081892
1 0.194233 0.743080 0.021876 0.082468
1 0.181637 0.737313 0.021876 0.077855
1 0.153298 0.740773 0.022870 0.075548
1 0.122473 0.746251 0.022870 0.079585
1 0.085350 0.748270 0.026185 0.080161
1 0.061816 0.741061 0.033477 0.086505
1 0.044912 0.728085 0.027511 0.097463
1 0.028339 0.747116 0.026848 0.088235
1 0.012927 0.748270 0.011269 0.066321
1 0.025522 0.586217 0.039775 0.047866
1 0.044912 0.589965 0.046735 0.055363
1 0.051044 0.555940 0.050381 0.057670
1 0.087173 0.500865 0.031157 0.083622
1 0.110043 0.514994 0.029831 0.083045
1 0.148326 0.562572 0.058005 0.035179
1 0.135399 0.504037 0.030825 0.072664
1 0.162910 0.483564 0.028837 0.084775
1 0.215280 0.521050 0.036129 0.075548
1 0.230527 0.476355 0.022207 0.079585
1 0.251906 0.472607 0.023202 0.065167
1 0.274279 0.482122 0.025522 0.079585
1 0.290023 0.478085 0.023865 0.074971
1 0.306596 0.477509 0.020550 0.083045
1 0.323832 0.476067 0.021213 0.080161
1 0.342062 0.478662 0.017899 0.081892
1 0.357971 0.479239 0.021876 0.078431
1 0.374379 0.464533 0.020882 0.079008
1 0.402221 0.471453 0.026848 0.081315
1 0.423102 0.460208 0.023533 0.081892
1 0.442493 0.468570 0.020550 0.081315
1 0.463043 0.466551 0.024528 0.073818
1 0.477958 0.465110 0.023865 0.061707
0 0.497680 0.470012 0.018893 0.078431
0 0.580046 0.599769 0.015247 0.083045
1 0.517733 0.488178 0.032483 0.079008
1 0.551044 0.491061 0.030825 0.068627
1 0.560988 0.411188 0.020882 0.087659
1 0.523036 0.402249 0.017899 0.077855
1 0.507458 0.396770 0.017236 0.063437
1 0.491548 0.406863 0.019887 0.068627
0 0.471329 0.376586 0.013921 0.073818
1 0.439841 0.380046 0.019224 0.078431
1 0.423765 0.372549 0.017567 0.086505
1 0.374047 0.379758 0.018893 0.062860
1 0.354491 0.384083 0.020219 0.063437
0 0.338250 0.381488 0.019556 0.069781
1 0.319357 0.384948 0.022870 0.079008
1 0.309745 0.376009 0.020219 0.087659
1 0.294332 0.390715 0.021213 0.079008
1 0.273948 0.385525 0.020219 0.075548
1 0.257209 0.382930 0.020550 0.077278
1 0.242294 0.384371 0.023202 0.083622
1 0.220915 0.388985 0.021545 0.067474
1 0.196719 0.388985 0.023533 0.084775
1 0.181306 0.393310 0.020550 0.080738
1 0.167053 0.386967 0.024528 0.081892
1 0.141697 0.409458 0.026185 0.087659
1 0.117169 0.423299 0.028174 0.085352
1 0.106397 0.389562 0.035797 0.074394
1 0.083195 0.408016 0.024528 0.095156
1 0.066291 0.414937 0.026516 0.070934
1 0.054524 0.393022 0.033477 0.074394
1 0.407524 0.375433 0.017567 0.064591
1 0.275771 0.027682 0.019887 0.010381
1 0.103745 0.729815 0.016573 0.035179
