1 0.022917 0.131481 0.045312 0.068519
0 0.016146 0.082870 0.031771 0.025000
1 0.106771 0.031019 0.047917 0.036111
1 0.077995 0.142130 0.026823 0.068519
1 0.095443 0.123843 0.020573 0.068056
1 0.112370 0.128241 0.024219 0.075000
0 0.128646 0.122454 0.023958 0.063426
1 0.149349 0.117593 0.023698 0.083333
1 0.168620 0.113657 0.017969 0.067130
0 0.181250 0.120370 0.018229 0.068519
1 0.198568 0.112269 0.020052 0.081019
1 0.220052 0.107407 0.020313 0.088889
1 0.236849 0.096991 0.023177 0.087500
1 0.217969 0.010417 0.048438 0.018981
1 0.257292 0.086111 0.021875 0.100926
1 0.277995 0.090046 0.023177 0.078241
1 0.290495 0.086806 0.016927 0.074537
0 0.304297 0.090278 0.021615 0.089815
1 0.320052 0.080093 0.019271 0.095370
1 0.412500 0.093981 0.021354 0.089815
1 0.442318 0.098843 0.020573 0.081944
1 0.479948 0.111806 0.015625 0.073611
1 0.496615 0.098611 0.015625 0.087963
1 0.513021 0.089815 0.021354 0.096296
1 0.533594 0.086343 0.015625 0.090278
1 0.544271 0.103241 0.014583 0.098148
0 0.554297 0.087269 0.017448 0.056019
1 0.611198 0.116204 0.028646 0.082407
1 0.633594 0.185880 0.024479 0.083796
1 0.591797 0.026389 0.017969 0.051852
1 0.061068 0.210880 0.024740 0.078241
1 0.081120 0.205556 0.020573 0.071296
1 0.098568 0.206019 0.023177 0.081481
0 0.117969 0.215741 0.021875 0.068519
1 0.138021 0.216898 0.023958 0.077315
1 0.154948 0.197454 0.035937 0.080093
0 0.178776 0.198380 0.020573 0.070833
0 0.229297 0.196991 0.026302 0.069907
0 0.255469 0.147222 0.043750 0.048148
1 0.244922 0.201389 0.027865 0.075926
1 0.260417 0.202315 0.022917 0.065741
1 0.278646 0.202546 0.025000 0.082870
1 0.293490 0.181944 0.027083 0.075000
0 0.312500 0.189583 0.018750 0.075463
1 0.329948 0.196296 0.023438 0.074074
1 0.358073 0.210417 0.025000 0.070833
1 0.373177 0.206481 0.026562 0.071296
1 0.393099 0.188194 0.023177 0.081019
1 0.414323 0.195370 0.019271 0.073148
1 0.431901 0.201157 0.018490 0.081019
1 0.449219 0.202315 0.023438 0.074074
1 0.469271 0.193519 0.021875 0.077778
1 0.488021 0.191667 0.018750 0.077778
1 0.509245 0.190741 0.017969 0.076852
1 0.525391 0.195370 0.020573 0.077778
0 0.546094 0.192593 0.021354 0.079630
0 0.574870 0.249769 0.037760 0.050463
1 0.555469 0.306019 0.043750 0.036111
1 0.976172 0.164120 0.032552 0.097685
1 0.732943 0.311343 0.050260 0.033796
1 0.779948 0.311806 0.043229 0.031944
1 0.826172 0.317130 0.053385 0.032407
1 0.885547 0.310417 0.054948 0.031019
1 0.882943 0.393056 0.051302 0.043519
1 0.791667 0.408102 0.044792 0.035648
1 0.741276 0.400231 0.045573 0.037500
0 0.970443 0.456944 0.038802 0.066667
0 0.894401 0.353935 0.048177 0.025463
1 0.925000 0.972454 0.053125 0.043981
1 0.861719 0.970833 0.047396 0.037037
1 0.799740 0.970139 0.043750 0.040278
1 0.752474 0.968519 0.048698 0.040741
1 0.325521 0.991204 0.018750 0.017593
0 0.344792 0.987731 0.015625 0.023611
0 0.374219 0.990278 0.018750 0.019444
1 0.357422 0.987269 0.014844 0.024537
1 0.387370 0.991667 0.007552 0.016667
1 0.396224 0.987500 0.011198 0.025000
1 0.408464 0.989583 0.013802 0.019907
1 0.431901 0.989815 0.010677 0.020370
1 0.448698 0.984954 0.015104 0.030093
1 0.466667 0.987963 0.015104 0.024074
1 0.482552 0.985880 0.016667 0.028241
1 0.497396 0.985880 0.016667 0.028241
1 0.515495 0.986343 0.014323 0.027315
1 0.566797 0.966204 0.024740 0.067593
0 0.577865 0.869444 0.023438 0.084259
1 0.546224 0.929167 0.034635 0.076852
1 0.518750 0.925231 0.040625 0.071759
1 0.483594 0.918519 0.028125 0.085185
1 0.466927 0.920833 0.028646 0.078704
1 0.444922 0.914583 0.022656 0.086574
1 0.428776 0.918056 0.025781 0.080556
0 0.404818 0.921065 0.019531 0.087500
1 0.380339 0.922917 0.026302 0.079167
1 0.365495 0.924306 0.025260 0.074537
1 0.346094 0.921991 0.021354 0.081019
1 0.330469 0.924769 0.021875 0.074537
1 0.300521 0.903241 0.024479 0.081481
1 0.289193 0.814583 0.022135 0.081944
1 0.306120 0.790972 0.019531 0.073611
1 0.339974 0.788194 0.030469 0.089352
1 0.353646 0.771296 0.022396 0.069444
1 0.367448 0.779167 0.018750 0.068519
1 0.379948 0.778704 0.031771 0.089815
1 0.407422 0.776389 0.026823 0.072222
1 0.424089 0.780093 0.021094 0.071296
0 0.438021 0.774769 0.020833 0.072685
0 0.472396 0.784259 0.026042 0.071296
1 0.453646 0.788426 0.027083 0.086111
1 0.493490 0.777083 0.021875 0.081944
1 0.512370 0.787269 0.023698 0.067130
1 0.525391 0.779167 0.030990 0.087963
1 0.576042 0.739352 0.019792 0.084259
1 0.542448 0.768519 0.035937 0.070370
1 0.542969 0.693056 0.018750 0.066667
1 0.523438 0.635417 0.022396 0.082870
1 0.510938 0.670139 0.021354 0.072685
1 0.494271 0.679167 0.023958 0.087963
1 0.469401 0.671296 0.021094 0.085185
1 0.454297 0.671296 0.020052 0.075926
1 0.438672 0.680556 0.020573 0.085185
1 0.423047 0.678009 0.014323 0.073611
1 0.411719 0.681019 0.017708 0.063889
0 0.399349 0.667130 0.015885 0.069444
0 0.391146 0.688657 0.016667 0.071759
0 0.379948 0.685417 0.015104 0.068981
0 0.369922 0.681481 0.014844 0.067593
0 0.358594 0.682870 0.012500 0.069444
0 0.349870 0.685417 0.013802 0.067130
0 0.337370 0.685648 0.016927 0.073148
1 0.325521 0.678009 0.018750 0.073611
1 0.309896 0.667130 0.020833 0.089815
1 0.294141 0.666667 0.022656 0.087037
0 0.280339 0.666667 0.016927 0.077778
1 0.267448 0.670833 0.018750 0.067593
1 0.248698 0.650694 0.025521 0.065278
1 0.208464 0.660880 0.023177 0.084722
0 0.238542 0.734259 0.021354 0.082407
1 0.222396 0.739815 0.028646 0.084259
1 0.188672 0.740972 0.021615 0.084722
1 0.176042 0.734491 0.021875 0.080093
1 0.147266 0.737269 0.022656 0.077315
1 0.116146 0.741667 0.022917 0.081481
1 0.078646 0.742593 0.026042 0.082407
1 0.054948 0.734491 0.033333 0.088426
1 0.038021 0.720602 0.027604 0.099537
1 0.021224 0.739583 0.026823 0.090278
1 0.005599 0.740509 0.011198 0.068056
1 0.019922 0.573611 0.039844 0.049074
1 0.039323 0.578241 0.046875 0.056481
1 0.046094 0.543056 0.050521 0.059259
1 0.083073 0.487731 0.031250 0.085648
1 0.105990 0.502778 0.029687 0.085185
1 0.144271 0.553009 0.058333 0.035648
1 0.131771 0.492361 0.030729 0.074537
1 0.159766 0.471991 0.028906 0.086574
1 0.212240 0.512731 0.035937 0.077315
1 0.227995 0.466667 0.022135 0.081481
1 0.249870 0.463657 0.023177 0.066204
1 0.272266 0.474306 0.025781 0.081944
1 0.288151 0.470833 0.023698 0.076852
1 0.304948 0.470602 0.020313 0.084722
1 0.322266 0.469444 0.021094 0.082407
1 0.340625 0.472917 0.017708 0.083796
1 0.356901 0.473843 0.021615 0.080093
1 0.373568 0.459491 0.020573 0.081019
1 0.401693 0.467593 0.026823 0.083333
1 0.422917 0.456481 0.023438 0.084259
1 0.442318 0.465741 0.020573 0.083333
1 0.463021 0.464120 0.024479 0.075463
1 0.478125 0.463194 0.023958 0.063426
0 0.497917 0.468981 0.018750 0.080556
0 0.579948 0.605556 0.015104 0.085185
1 0.518099 0.488657 0.032552 0.081019
1 0.551823 0.492593 0.030729 0.070370
1 0.562500 0.410185 0.020833 0.089815
1 0.524219 0.399769 0.017708 0.080093
1 0.508724 0.393519 0.016927 0.064815
1 0.492448 0.403704 0.019792 0.070370
0 0.472396 0.371759 0.013542 0.075926
1 0.440495 0.374306 0.019010 0.080093
1 0.424349 0.365972 0.017448 0.088426
1 0.374219 0.371759 0.018750 0.063889
1 0.354297 0.375694 0.020052 0.064352
0 0.338021 0.372454 0.019271 0.071759
1 0.318750 0.375231 0.022917 0.081019
1 0.309245 0.365741 0.020052 0.089815
1 0.293620 0.380556 0.021094 0.081481
1 0.273047 0.374306 0.020052 0.077315
1 0.256120 0.371296 0.020573 0.079630
1 0.241016 0.372454 0.023177 0.085648
1 0.219271 0.376620 0.021354 0.068981
1 0.194922 0.375463 0.023177 0.087037
1 0.179297 0.379630 0.020573 0.082407
1 0.164844 0.372454 0.024479 0.083796
1 0.139193 0.394907 0.026302 0.089815
1 0.114193 0.408565 0.027865 0.087500
1 0.103776 0.373148 0.035677 0.075926
1 0.079948 0.391435 0.024479 0.097685
1 0.062891 0.398380 0.026302 0.072685
1 0.051172 0.375231 0.033594 0.076389
1 0.407943 0.368519 0.017448 0.065741
1 0.278516 0.005556 0.019531 0.010185
1 0.097396 0.724306 0.016667 0.035648
