0 0.016146 0.911806 0.032292 0.023611
1 0.023568 0.865741 0.046615 0.068519
1 0.107943 0.969907 0.051302 0.046296
1 0.218490 0.992130 0.044271 0.014815
1 0.275651 0.994907 0.023698 0.008333
1 0.473047 0.990741 0.011198 0.017593
1 0.062500 0.789583 0.029167 0.078241
1 0.079297 0.793981 0.023177 0.068519
1 0.099870 0.792130 0.025260 0.077778
0 0.118490 0.783565 0.023958 0.071759
1 0.077344 0.855093 0.031771 0.063889
1 0.095573 0.873380 0.028646 0.068056
1 0.111589 0.871759 0.019010 0.072222
0 0.126172 0.869444 0.029427 0.069444
1 0.148047 0.878241 0.025260 0.083333
1 0.165365 0.885417 0.023958 0.070833
0 0.183464 0.878241 0.016927 0.063889
1 0.197526 0.886806 0.020052 0.083796
1 0.137891 0.784259 0.023698 0.082407
1 0.154948 0.803009 0.036458 0.077315
0 0.179297 0.799306 0.020573 0.070833
1 0.219792 0.890509 0.024479 0.085648
1 0.239193 0.902778 0.023698 0.085185
1 0.257292 0.909491 0.025000 0.096759
1 0.275521 0.907407 0.025000 0.083333
1 0.289974 0.910417 0.020052 0.068981
0 0.306641 0.906944 0.018490 0.080556
1 0.321224 0.920833 0.018490 0.094444
1 0.414193 0.902546 0.017969 0.088426
1 0.443750 0.899769 0.020313 0.075463
0 0.229818 0.802083 0.026302 0.069907
0 0.255469 0.852083 0.044792 0.049537
1 0.246745 0.797917 0.028385 0.075463
1 0.260677 0.797685 0.026042 0.065741
1 0.280469 0.796528 0.024479 0.082870
1 0.293620 0.816204 0.026302 0.076852
0 0.313542 0.811343 0.021875 0.081019
1 0.330990 0.804630 0.025000 0.078704
1 0.357422 0.791898 0.026823 0.073611
1 0.372396 0.794444 0.027083 0.072222
1 0.392969 0.810880 0.026562 0.080093
1 0.416146 0.804630 0.018750 0.070370
1 0.434245 0.798380 0.020052 0.079167
1 0.596094 0.959491 0.018750 0.080093
0 0.554297 0.915741 0.015885 0.059259
1 0.542969 0.894444 0.013542 0.097222
1 0.533724 0.912269 0.017448 0.089352
1 0.513151 0.907407 0.020573 0.095370
1 0.499219 0.899306 0.022396 0.092130
1 0.481641 0.887269 0.017448 0.068981
1 0.448698 0.797917 0.025000 0.074537
1 0.471615 0.804167 0.025000 0.077778
1 0.489323 0.806019 0.018750 0.079630
1 0.509896 0.807176 0.021875 0.075463
1 0.526172 0.801389 0.021094 0.074074
0 0.547396 0.806481 0.018750 0.078704
0 0.575651 0.756481 0.031510 0.061111
1 0.617448 0.862269 0.028125 0.075463
1 0.637891 0.777546 0.022135 0.082870
1 0.555599 0.693056 0.045052 0.036111
1 0.978646 0.795370 0.034375 0.098148
1 0.886068 0.689583 0.054427 0.034722
1 0.826693 0.682639 0.054948 0.039352
1 0.780469 0.685417 0.040625 0.031944
1 0.732422 0.691667 0.049219 0.043519
1 0.050391 0.621528 0.035156 0.074537
1 0.062891 0.602083 0.026823 0.072685
1 0.080990 0.605556 0.025521 0.091667
1 0.104297 0.624537 0.033073 0.075000
1 0.114193 0.590046 0.026823 0.083796
1 0.139193 0.603704 0.023698 0.093519
1 0.165495 0.626620 0.024740 0.079167
1 0.181120 0.616898 0.020052 0.085648
1 0.197526 0.624769 0.020573 0.087500
1 0.221224 0.620370 0.020573 0.069444
1 0.241146 0.625694 0.021875 0.084722
1 0.257422 0.626620 0.019531 0.081019
1 0.272396 0.625694 0.024479 0.076389
1 0.294792 0.616435 0.021875 0.076389
1 0.308464 0.633565 0.020573 0.087500
1 0.319271 0.623380 0.021354 0.081019
1 0.020443 0.425694 0.038802 0.052315
1 0.039323 0.421296 0.046875 0.056481
1 0.046224 0.455093 0.049740 0.062037
1 0.082552 0.513194 0.032292 0.083796
1 0.106901 0.495833 0.029427 0.085185
1 0.132292 0.504861 0.031250 0.074537
1 0.144792 0.447454 0.056250 0.034722
1 0.160417 0.527315 0.028125 0.085185
1 0.207292 0.511806 0.030729 0.083796
1 0.227865 0.532870 0.022917 0.083333
1 0.251693 0.534954 0.021094 0.064352
1 0.271224 0.522685 0.026302 0.084259
1 0.289323 0.527778 0.021354 0.079630
1 0.304818 0.527778 0.022135 0.082407
1 0.322396 0.528009 0.018750 0.084722
0 0.338021 0.626157 0.018750 0.071759
1 0.338672 0.526620 0.023698 0.081944
1 0.354427 0.623843 0.018750 0.066204
1 0.374740 0.626389 0.019792 0.064815
1 0.408594 0.630093 0.018229 0.068519
1 0.424219 0.631944 0.019271 0.088889
1 0.439714 0.625231 0.014844 0.079167
1 0.562370 0.591204 0.023177 0.093519
1 0.551823 0.504861 0.031771 0.073611
1 0.518620 0.509491 0.032552 0.079167
1 0.524870 0.598843 0.017448 0.080093
1 0.508594 0.606481 0.016146 0.069444
0 0.497526 0.530093 0.017969 0.081481
1 0.494271 0.593519 0.018750 0.069444
0 0.473438 0.625694 0.016146 0.074537
1 0.478646 0.535417 0.024479 0.062500
1 0.462370 0.534028 0.024740 0.073611
1 0.442448 0.532407 0.021354 0.085185
1 0.423047 0.543519 0.026302 0.084259
1 0.401823 0.533565 0.027604 0.083796
1 0.374349 0.538657 0.019010 0.081019
1 0.357422 0.524769 0.022656 0.080093
1 0.742969 0.599769 0.045312 0.041204
1 0.792188 0.591204 0.043750 0.033333
1 0.884245 0.603472 0.048698 0.045833
0 0.917318 0.624769 0.046615 0.042130
0 0.985417 0.508333 0.029167 0.061111
1 0.005990 0.257407 0.011458 0.071296
1 0.021745 0.256944 0.026302 0.088889
1 0.039323 0.280093 0.028125 0.096296
1 0.058724 0.265972 0.028385 0.083796
1 0.079297 0.257176 0.025260 0.074537
1 0.116146 0.256944 0.023958 0.083333
1 0.148438 0.263194 0.022917 0.079167
1 0.177474 0.262269 0.023177 0.076389
1 0.191016 0.256944 0.020052 0.081481
1 0.208073 0.339352 0.023958 0.086111
1 0.221224 0.261574 0.024740 0.087037
0 0.238672 0.263194 0.022656 0.078241
0 0.278776 0.331481 0.018490 0.075000
1 0.248568 0.348380 0.026302 0.064352
1 0.267969 0.327778 0.021875 0.064815
1 0.293620 0.331019 0.024740 0.087037
1 0.310026 0.331481 0.019010 0.087963
1 0.289323 0.186806 0.022396 0.083796
1 0.306120 0.207407 0.021615 0.070370
1 0.325651 0.317130 0.020052 0.070370
0 0.337891 0.313194 0.018490 0.074537
0 0.349089 0.314352 0.015365 0.073148
0 0.358073 0.312731 0.013021 0.071759
0 0.369922 0.314120 0.013802 0.069907
0 0.379948 0.315741 0.013021 0.071296
0 0.391276 0.306944 0.014844 0.073148
0 0.400521 0.331481 0.015625 0.069444
1 0.411849 0.318056 0.020052 0.066667
1 0.423047 0.320370 0.016927 0.070370
1 0.438151 0.314583 0.021615 0.082870
1 0.454948 0.326852 0.021354 0.078704
1 0.470964 0.326620 0.020052 0.083796
1 0.492839 0.320602 0.020052 0.088426
1 0.510547 0.329167 0.020573 0.074074
1 0.522917 0.368519 0.019792 0.087037
1 0.544141 0.306481 0.020573 0.067593
1 0.340495 0.210417 0.029427 0.084722
1 0.353646 0.230093 0.020833 0.068519
1 0.367969 0.219907 0.020833 0.067593
1 0.382422 0.220370 0.028906 0.088889
1 0.406771 0.220833 0.028125 0.071296
1 0.423047 0.218519 0.022135 0.068519
0 0.437500 0.224769 0.018750 0.072685
0 0.472917 0.213194 0.027083 0.074537
1 0.453646 0.211806 0.027083 0.086574
1 0.493620 0.218056 0.023177 0.083333
1 0.512891 0.210880 0.023698 0.064352
1 0.524870 0.220602 0.030469 0.086574
0 0.577344 0.353241 0.014063 0.086111
1 0.543750 0.229630 0.037500 0.069444
1 0.575521 0.210648 0.019271 0.085185
1 0.300000 0.095370 0.022917 0.079630
1 0.329948 0.074769 0.019792 0.071759
1 0.345573 0.074769 0.019792 0.077315
1 0.364844 0.071065 0.019271 0.073611
1 0.380339 0.074769 0.025781 0.078241
0 0.404818 0.076620 0.019010 0.082870
1 0.427995 0.081481 0.022656 0.079630
1 0.443750 0.083333 0.023438 0.087037
1 0.466797 0.076157 0.027865 0.077315
1 0.484245 0.078241 0.023698 0.081481
1 0.518750 0.075694 0.038021 0.071759
1 0.545573 0.071065 0.034375 0.073611
1 0.327474 0.008102 0.016927 0.016204
0 0.345313 0.010417 0.017188 0.020833
1 0.358464 0.012269 0.014844 0.024537
0 0.374870 0.009491 0.017448 0.018981
1 0.387891 0.006713 0.008073 0.013426
1 0.396615 0.011806 0.009375 0.023611
1 0.408073 0.008102 0.011458 0.016204
1 0.432422 0.008565 0.010677 0.017130
1 0.448568 0.013889 0.013802 0.027778
1 0.466667 0.010417 0.012500 0.020833
1 0.482943 0.014352 0.013802 0.028704
1 0.496745 0.013426 0.016927 0.026852
1 0.515365 0.013889 0.013542 0.027778
1 0.564193 0.034028 0.020573 0.068056
0 0.584896 0.082407 0.022917 0.084259
1 0.753125 0.032407 0.050000 0.040741
1 0.801172 0.028009 0.042969 0.039352
1 0.862891 0.026157 0.049740 0.036574
1 0.925651 0.024769 0.054948 0.039352
1 0.098047 0.274769 0.016406 0.034722
