0 0.016523 0.099825 0.032386 0.023865
1 0.023959 0.145227 0.046596 0.068102
1 0.107568 0.041327 0.051223 0.046566
1 0.217449 0.018044 0.044283 0.015134
1 0.274455 0.014261 0.024124 0.008731
1 0.470919 0.016007 0.011236 0.018044
1 0.063120 0.220023 0.029081 0.077998
1 0.079808 0.215367 0.023463 0.068685
1 0.100297 0.216822 0.025446 0.077416
0 0.118804 0.224971 0.024124 0.071595
1 0.077660 0.155122 0.031725 0.063446
1 0.095671 0.136787 0.028751 0.067520
1 0.111699 0.138242 0.019167 0.071595
0 0.126239 0.140279 0.029742 0.068685
1 0.147885 0.131257 0.025446 0.083236
1 0.165069 0.123981 0.024124 0.071013
0 0.183080 0.130675 0.017184 0.063446
1 0.197125 0.121944 0.020159 0.083236
1 0.138136 0.224098 0.023794 0.081490
1 0.155155 0.205471 0.036682 0.076834
0 0.179280 0.208673 0.020820 0.070431
1 0.219266 0.118161 0.024785 0.084983
1 0.238599 0.105937 0.023794 0.084983
1 0.256444 0.099243 0.025116 0.096042
1 0.274620 0.100698 0.025116 0.082654
1 0.288995 0.097788 0.020159 0.068685
0 0.305684 0.100698 0.018506 0.080326
1 0.320059 0.087020 0.018837 0.093714
1 0.412756 0.103900 0.018506 0.087893
1 0.442168 0.106228 0.020489 0.075087
0 0.229676 0.205180 0.026438 0.069267
0 0.254957 0.155704 0.044613 0.049476
1 0.246530 0.209255 0.028420 0.075087
1 0.260410 0.209255 0.026438 0.065774
1 0.280073 0.210128 0.024785 0.082654
1 0.293126 0.190629 0.026438 0.076251
0 0.312954 0.194994 0.021811 0.080326
1 0.330304 0.201397 0.025446 0.077998
1 0.356742 0.213620 0.026768 0.073341
1 0.371613 0.211001 0.027429 0.071595
1 0.392102 0.194412 0.026768 0.079162
1 0.415069 0.200233 0.019167 0.069849
1 0.433080 0.206345 0.020159 0.078580
1 0.593523 0.045111 0.019167 0.079744
0 0.552049 0.088766 0.016193 0.058789
1 0.540978 0.110012 0.013880 0.096624
1 0.531725 0.092549 0.017845 0.088475
1 0.511401 0.097497 0.020820 0.094878
1 0.497356 0.105646 0.022472 0.091385
1 0.480007 0.117579 0.017515 0.068685
1 0.447455 0.206345 0.025116 0.073923
1 0.470258 0.199942 0.025116 0.077416
1 0.487938 0.197905 0.018837 0.079162
1 0.508427 0.196449 0.022141 0.075087
1 0.524620 0.201979 0.021481 0.073341
0 0.545770 0.196740 0.018837 0.077998
0 0.574025 0.245634 0.031725 0.060536
1 0.615334 0.140570 0.028420 0.075087
1 0.635988 0.223807 0.022141 0.082072
1 0.554362 0.308498 0.045274 0.036088
1 0.975050 0.201688 0.034699 0.097206
1 0.883510 0.307334 0.054527 0.034924
1 0.824356 0.314901 0.055188 0.039581
1 0.778420 0.312864 0.040648 0.032014
1 0.730502 0.307334 0.049240 0.043073
1 0.051718 0.385914 0.035360 0.074505
1 0.064442 0.404831 0.027098 0.072759
1 0.082287 0.401048 0.025777 0.090803
1 0.105420 0.382130 0.033047 0.075087
1 0.115499 0.415891 0.026768 0.083236
1 0.140284 0.402212 0.024124 0.093132
1 0.166391 0.379220 0.024785 0.078580
1 0.181923 0.388824 0.020159 0.084983
1 0.198116 0.380675 0.020820 0.087311
1 0.221910 0.384459 0.020820 0.069267
1 0.241738 0.379220 0.022141 0.084400
1 0.257766 0.378056 0.019828 0.080908
1 0.272802 0.378638 0.024785 0.076251
1 0.295274 0.387660 0.022141 0.075669
1 0.308824 0.370489 0.020820 0.086729
1 0.319399 0.380384 0.021481 0.080908
1 0.022802 0.579453 0.038995 0.051804
1 0.041639 0.583527 0.046927 0.056461
1 0.048414 0.550058 0.049901 0.061700
1 0.084270 0.492142 0.032386 0.083236
1 0.108724 0.509022 0.029742 0.084400
1 0.133840 0.499709 0.031725 0.073923
1 0.146563 0.556461 0.056510 0.034924
1 0.161765 0.477299 0.028090 0.084983
1 0.208526 0.492142 0.031064 0.083236
1 0.229015 0.470896 0.023133 0.082654
1 0.252644 0.468568 0.021481 0.064028
1 0.271976 0.480210 0.026438 0.083818
1 0.289987 0.474971 0.021481 0.079162
1 0.305519 0.474680 0.022141 0.082072
1 0.323034 0.474389 0.018837 0.083818
0 0.338070 0.377474 0.019167 0.071595
1 0.339227 0.475553 0.024124 0.081490
1 0.354428 0.379220 0.018837 0.065774
1 0.374587 0.376601 0.020159 0.064028
1 0.408460 0.372235 0.018506 0.068102
1 0.423827 0.370489 0.019498 0.087893
1 0.439359 0.376892 0.014871 0.078580
1 0.561633 0.408615 0.023463 0.093132
1 0.551388 0.494179 0.032056 0.073341
1 0.518341 0.489814 0.032716 0.078580
1 0.524289 0.401630 0.017515 0.079162
1 0.507931 0.394354 0.016523 0.069267
0 0.497356 0.470023 0.018506 0.080908
1 0.493886 0.407451 0.018837 0.068685
0 0.472902 0.376019 0.016523 0.074505
1 0.478519 0.464785 0.024455 0.062282
1 0.462327 0.466531 0.025116 0.072759
1 0.442498 0.468277 0.021811 0.084400
1 0.423166 0.457509 0.026768 0.083818
1 0.402181 0.467695 0.027759 0.083236
1 0.374752 0.463329 0.019167 0.080326
1 0.357898 0.477008 0.023133 0.079744
1 0.741408 0.397846 0.045274 0.041327
1 0.790317 0.405704 0.043952 0.033760
1 0.882022 0.392317 0.048909 0.045402
0 0.914904 0.370780 0.046596 0.041909
0 0.983146 0.484575 0.029081 0.061118
1 0.009253 0.745634 0.011897 0.071013
1 0.024785 0.745925 0.026438 0.087893
1 0.042300 0.722934 0.028420 0.095460
1 0.061633 0.736612 0.028751 0.083236
1 0.082122 0.744761 0.025446 0.073923
1 0.118804 0.744470 0.024124 0.082654
1 0.151024 0.737776 0.023133 0.078580
1 0.179941 0.738359 0.023463 0.076251
1 0.193490 0.743597 0.020159 0.080908
1 0.210013 0.662107 0.024124 0.085565
1 0.223397 0.738650 0.025116 0.086147
0 0.240747 0.736612 0.022802 0.077416
0 0.280403 0.668801 0.018837 0.074505
1 0.250330 0.652503 0.026768 0.064028
1 0.269828 0.672584 0.022141 0.064610
1 0.295274 0.669092 0.024785 0.086729
1 0.311633 0.668219 0.019167 0.087311
1 0.291639 0.811118 0.022802 0.083236
1 0.308328 0.790745 0.021811 0.070431
1 0.327165 0.682189 0.020489 0.069849
0 0.339392 0.685972 0.018506 0.073923
0 0.350463 0.684808 0.015532 0.072759
0 0.359551 0.686263 0.013219 0.071013
0 0.371282 0.684808 0.014210 0.069267
0 0.381196 0.682771 0.013549 0.071013
0 0.392597 0.691211 0.015202 0.072759
0 0.401520 0.667055 0.015863 0.068685
1 0.412921 0.680442 0.020159 0.066356
1 0.423992 0.677823 0.017184 0.070431
1 0.439194 0.683353 0.021811 0.082654
1 0.455882 0.670838 0.021481 0.078580
1 0.471745 0.670838 0.020159 0.083236
1 0.493556 0.676659 0.020159 0.087893
1 0.511071 0.667928 0.020820 0.073923
1 0.523298 0.628929 0.020159 0.086729
1 0.544779 0.689756 0.020820 0.067520
1 0.342366 0.787253 0.029742 0.084400
1 0.355420 0.767753 0.020820 0.068685
1 0.369795 0.777648 0.021150 0.067520
1 0.384005 0.777066 0.029081 0.088475
1 0.408460 0.776193 0.028420 0.070431
1 0.424653 0.778231 0.022472 0.068685
0 0.438863 0.771828 0.019167 0.072177
0 0.474223 0.782596 0.027098 0.073923
1 0.455056 0.784342 0.027098 0.085565
1 0.494878 0.777648 0.023463 0.082654
1 0.514045 0.784633 0.024124 0.064028
1 0.525942 0.774738 0.030734 0.086147
0 0.577495 0.643481 0.014210 0.085565
1 0.544613 0.765716 0.037673 0.069267
1 0.576504 0.783760 0.019498 0.084400
1 0.302710 0.901630 0.023133 0.079162
1 0.332452 0.921129 0.019828 0.071595
1 0.348149 0.920838 0.020159 0.076834
1 0.367317 0.924331 0.019498 0.073341
1 0.382683 0.920547 0.025777 0.077416
0 0.407138 0.918510 0.019167 0.082654
1 0.430106 0.913271 0.022802 0.079162
1 0.445803 0.911234 0.023794 0.086729
1 0.468771 0.917928 0.028090 0.076834
1 0.486120 0.915891 0.023794 0.080908
1 0.520489 0.917637 0.038334 0.071595
1 0.547092 0.922002 0.034699 0.073341
1 0.330469 0.987485 0.017184 0.016880
0 0.348149 0.984575 0.017515 0.021537
1 0.361203 0.982829 0.015202 0.025029
0 0.377561 0.985157 0.017515 0.019208
1 0.390449 0.987776 0.008262 0.013970
1 0.399042 0.982247 0.009584 0.023865
1 0.410608 0.986321 0.011566 0.016880
1 0.434732 0.985448 0.010905 0.017462
1 0.450925 0.979919 0.014210 0.028522
1 0.468936 0.983120 0.012558 0.022119
1 0.485129 0.979045 0.013880 0.029104
1 0.498678 0.979919 0.017184 0.027357
1 0.517350 0.979045 0.013549 0.027939
1 0.565929 0.958382 0.020820 0.068102
0 0.586252 0.910361 0.023133 0.083818
1 0.753966 0.957509 0.049901 0.040745
1 0.801884 0.961001 0.043291 0.039581
1 0.863351 0.961874 0.049901 0.036671
1 0.925810 0.962456 0.055188 0.038999
1 0.100793 0.727008 0.016523 0.034924
