0 0.019811 0.086782 0.032609 0.024089
1 0.026999 0.132180 0.046985 0.067943
1 0.111325 0.030574 0.051543 0.046325
1 0.221599 0.010191 0.044180 0.015442
1 0.278401 0.008030 0.023843 0.008647
1 0.475105 0.014515 0.011220 0.017912
1 0.065568 0.208153 0.029453 0.077826
1 0.082223 0.203830 0.023492 0.067943
1 0.102560 0.205991 0.025596 0.077208
0 0.121143 0.214639 0.024194 0.071032
1 0.080470 0.143607 0.031907 0.063620
1 0.098703 0.125695 0.029102 0.067326
1 0.114481 0.127548 0.019285 0.072267
0 0.129208 0.129710 0.029804 0.069179
1 0.150947 0.121680 0.025596 0.082767
1 0.168128 0.114886 0.024194 0.070414
0 0.186360 0.121989 0.017181 0.063620
1 0.200210 0.113959 0.020337 0.083385
1 0.140603 0.214021 0.023843 0.082149
1 0.157609 0.195800 0.036816 0.076590
0 0.181802 0.199815 0.020687 0.071032
1 0.222475 0.110562 0.024895 0.085238
1 0.241935 0.098518 0.023843 0.084620
1 0.259818 0.092032 0.025245 0.096356
1 0.278050 0.094503 0.025245 0.082767
1 0.292426 0.091723 0.020337 0.068561
0 0.309081 0.095120 0.018583 0.080296
1 0.323633 0.081532 0.018934 0.093885
1 0.416199 0.100988 0.018233 0.088326
1 0.445477 0.104077 0.020687 0.074737
0 0.232118 0.197653 0.026648 0.069179
0 0.257714 0.148857 0.044881 0.049413
1 0.248948 0.201977 0.028752 0.075355
1 0.262798 0.202594 0.026297 0.065473
1 0.282433 0.203830 0.024895 0.082767
1 0.295582 0.184682 0.026648 0.076590
0 0.315393 0.189623 0.022090 0.080296
1 0.332749 0.196726 0.025245 0.078443
1 0.359222 0.209389 0.026999 0.072884
1 0.374123 0.206918 0.027349 0.071649
1 0.394635 0.191167 0.026999 0.079679
1 0.417602 0.197653 0.018934 0.070414
1 0.435659 0.204138 0.019986 0.078443
1 0.597475 0.047251 0.018934 0.079679
0 0.555750 0.089561 0.016129 0.059296
1 0.544355 0.110562 0.013675 0.096356
1 0.535238 0.092650 0.017882 0.088944
1 0.514727 0.097282 0.021038 0.094503
1 0.500877 0.105003 0.022791 0.091414
1 0.483170 0.117048 0.017532 0.068561
1 0.450210 0.204447 0.025245 0.074120
1 0.473001 0.198579 0.025245 0.077208
1 0.490533 0.197035 0.018934 0.079061
1 0.511045 0.196418 0.022090 0.075355
1 0.527174 0.202285 0.021388 0.073502
0 0.548387 0.197344 0.018934 0.078443
0 0.576262 0.247066 0.031907 0.060531
1 0.618338 0.143298 0.028401 0.075355
1 0.638499 0.226992 0.022440 0.082149
1 0.555926 0.309450 0.045231 0.035825
1 0.977735 0.213712 0.034712 0.097591
1 0.885168 0.317171 0.054348 0.035207
1 0.825912 0.323039 0.055049 0.039531
1 0.779979 0.319951 0.041024 0.032119
1 0.732293 0.313156 0.049439 0.043237
1 0.052770 0.373687 0.035414 0.074120
1 0.065042 0.393144 0.026999 0.072267
1 0.083100 0.389747 0.025947 0.091414
1 0.106417 0.371526 0.033310 0.074737
1 0.116234 0.405497 0.026999 0.083385
1 0.140954 0.392217 0.023843 0.092650
1 0.167426 0.369981 0.024895 0.079061
1 0.182854 0.379864 0.019986 0.085238
1 0.199158 0.372143 0.021038 0.087091
1 0.222826 0.376776 0.020687 0.069179
1 0.242812 0.371834 0.022090 0.084002
1 0.258941 0.371217 0.019986 0.080296
1 0.273843 0.372143 0.024544 0.075973
1 0.296108 0.382026 0.022090 0.075973
1 0.309783 0.365040 0.020687 0.086473
1 0.320477 0.375232 0.021739 0.080914
1 0.022090 0.566399 0.039271 0.051884
1 0.040849 0.571032 0.047335 0.056208
1 0.047861 0.537986 0.050140 0.061767
1 0.084327 0.480852 0.032609 0.083385
1 0.108520 0.498147 0.029804 0.084620
1 0.133766 0.489809 0.031206 0.074120
1 0.146038 0.546634 0.056452 0.034589
1 0.161816 0.467881 0.028401 0.084620
1 0.208450 0.483941 0.031206 0.083385
1 0.228962 0.463249 0.023142 0.082767
1 0.252805 0.461396 0.021038 0.064237
1 0.272090 0.474058 0.026648 0.083385
1 0.290323 0.469117 0.021739 0.079679
1 0.305750 0.469426 0.022440 0.081532
1 0.323282 0.469426 0.018934 0.084002
0 0.339060 0.372761 0.018934 0.071032
1 0.339411 0.470661 0.023843 0.081532
1 0.355540 0.375232 0.018934 0.066090
1 0.375701 0.373070 0.019986 0.064237
1 0.409362 0.369673 0.018583 0.068561
1 0.424965 0.367820 0.019635 0.088326
1 0.440393 0.374923 0.015428 0.079061
1 0.562412 0.410130 0.023142 0.092650
1 0.551543 0.495059 0.032258 0.073502
1 0.518583 0.490117 0.032959 0.078443
1 0.525070 0.401791 0.017882 0.079679
1 0.508941 0.394070 0.016480 0.069179
0 0.497546 0.469734 0.018233 0.080914
1 0.494565 0.407041 0.019285 0.069179
0 0.473878 0.374923 0.016480 0.074120
1 0.478787 0.464175 0.024895 0.062384
1 0.462658 0.465102 0.024895 0.072884
1 0.442847 0.466646 0.021739 0.084620
1 0.423562 0.455219 0.026648 0.084002
1 0.402349 0.464793 0.027700 0.083385
1 0.375000 0.459543 0.019285 0.080296
1 0.357994 0.472823 0.023142 0.079679
1 0.742286 0.403644 0.045582 0.041384
1 0.791199 0.412909 0.043829 0.033972
1 0.883065 0.402100 0.048738 0.045707
0 0.916024 0.381408 0.046634 0.042619
0 0.983345 0.497221 0.029102 0.060531
1 0.007013 0.732242 0.011921 0.071032
1 0.022791 0.732860 0.026648 0.088326
1 0.040147 0.710624 0.028401 0.095738
1 0.059607 0.724830 0.028752 0.083385
1 0.080119 0.733786 0.025596 0.074120
1 0.116585 0.734404 0.024194 0.082767
1 0.149018 0.728536 0.023142 0.078443
1 0.177770 0.729771 0.023142 0.075973
1 0.191094 0.735330 0.020337 0.080914
1 0.208450 0.654107 0.024194 0.085238
1 0.221424 0.730698 0.024895 0.086473
0 0.238780 0.729463 0.023142 0.077826
0 0.278927 0.662755 0.018583 0.074120
1 0.248948 0.645460 0.026648 0.064237
1 0.268058 0.666152 0.022090 0.064855
1 0.293654 0.663372 0.024895 0.086473
1 0.310133 0.663064 0.019285 0.087091
1 0.288920 0.805744 0.022440 0.083385
1 0.305750 0.785361 0.021739 0.069796
1 0.325736 0.677579 0.020337 0.070414
0 0.337833 0.681285 0.018583 0.074120
0 0.348878 0.680667 0.015428 0.072884
0 0.357994 0.682211 0.013324 0.071032
0 0.369565 0.680976 0.014025 0.069796
0 0.379734 0.679741 0.013324 0.071032
0 0.390778 0.688388 0.015077 0.072267
0 0.400245 0.663990 0.015778 0.069179
1 0.411290 0.677579 0.020337 0.066708
1 0.422686 0.675417 0.017181 0.069796
1 0.437588 0.681594 0.021739 0.082149
1 0.454418 0.669549 0.021739 0.077826
1 0.470196 0.669858 0.020337 0.083385
1 0.491935 0.676343 0.020337 0.087708
1 0.509818 0.668005 0.021038 0.073502
1 0.522265 0.629401 0.019986 0.086473
1 0.543128 0.690859 0.021038 0.067326
1 0.339937 0.782891 0.029804 0.084620
1 0.353086 0.763743 0.021038 0.068561
1 0.367461 0.774243 0.021038 0.067326
1 0.381662 0.773626 0.029102 0.088326
1 0.405856 0.773626 0.028401 0.071032
1 0.422160 0.776096 0.022440 0.068561
0 0.436536 0.769920 0.018934 0.072267
0 0.471950 0.781964 0.027349 0.074120
1 0.452665 0.782891 0.027349 0.085855
1 0.492461 0.777641 0.023492 0.082767
1 0.511571 0.784744 0.023843 0.063620
1 0.523492 0.775170 0.030856 0.086473
0 0.576262 0.645151 0.014376 0.085855
1 0.542426 0.766523 0.037868 0.069179
1 0.573983 0.785979 0.019635 0.084620
1 0.299088 0.895923 0.023142 0.079679
1 0.328892 0.916615 0.020337 0.071649
1 0.344495 0.916924 0.019986 0.077208
1 0.363604 0.920630 0.019635 0.073502
1 0.379032 0.917233 0.025947 0.077826
0 0.403401 0.915689 0.019285 0.082149
1 0.426543 0.911365 0.022791 0.079679
1 0.442146 0.909821 0.023843 0.086473
1 0.465288 0.916924 0.028050 0.077208
1 0.482468 0.915071 0.023843 0.080914
1 0.517006 0.918159 0.038219 0.071032
1 0.543654 0.923101 0.034712 0.073502
1 0.326262 0.982705 0.017181 0.017295
0 0.343969 0.980544 0.017532 0.021618
1 0.357118 0.978691 0.015077 0.025324
0 0.373422 0.981779 0.017532 0.019148
1 0.386396 0.984867 0.008415 0.014206
1 0.394986 0.979617 0.009467 0.023471
1 0.406381 0.983632 0.011921 0.016677
1 0.430750 0.983632 0.010870 0.017912
1 0.446704 0.978382 0.014025 0.028413
1 0.464762 0.982397 0.012973 0.021618
1 0.481066 0.978382 0.014025 0.029648
1 0.494741 0.979617 0.017532 0.027177
1 0.513324 0.979308 0.014025 0.029030
1 0.561886 0.960161 0.020687 0.068561
0 0.582749 0.912292 0.023142 0.084002
1 0.750175 0.963867 0.050140 0.041384
1 0.797861 0.968808 0.043128 0.038913
1 0.859397 0.971279 0.049790 0.036442
1 0.921985 0.973440 0.055049 0.039531
1 0.098703 0.716492 0.016480 0.034589
