0 0.981161 0.116402 0.032247 0.023516
1 0.973354 0.160788 0.046504 0.066432
1 0.891378 0.057319 0.050916 0.045267
1 0.782417 0.031746 0.044128 0.015285
1 0.726069 0.026749 0.023761 0.008818
1 0.530889 0.023516 0.011541 0.017637
1 0.934148 0.232510 0.029192 0.075838
1 0.917515 0.227807 0.023082 0.066432
1 0.897149 0.228689 0.025119 0.075250
0 0.878649 0.236038 0.024100 0.069959
1 0.920061 0.168724 0.031568 0.062316
1 0.902410 0.150500 0.028853 0.065844
1 0.886626 0.151382 0.019009 0.069959
0 0.872200 0.153145 0.029532 0.067607
1 0.850645 0.144033 0.025119 0.081129
1 0.833503 0.136096 0.024100 0.068783
0 0.815682 0.142563 0.016972 0.061728
1 0.801935 0.134039 0.020027 0.081129
1 0.859470 0.234568 0.023761 0.079953
1 0.843007 0.216049 0.036320 0.074662
0 0.818907 0.218695 0.020706 0.068195
1 0.779871 0.129630 0.024779 0.082892
1 0.760862 0.116990 0.023422 0.082305
1 0.743041 0.109641 0.025119 0.093474
1 0.725051 0.111111 0.025119 0.081129
1 0.710794 0.107584 0.020367 0.067019
0 0.694331 0.110229 0.018669 0.078189
1 0.680075 0.096414 0.018669 0.091711
1 0.588086 0.110523 0.017990 0.085832
1 0.558724 0.111993 0.020367 0.073486
0 0.768839 0.214286 0.026477 0.067607
0 0.744229 0.165197 0.044467 0.048207
1 0.752206 0.217519 0.028513 0.072898
1 0.738459 0.217225 0.026137 0.064080
1 0.718771 0.217519 0.024779 0.079953
1 0.706042 0.198119 0.026477 0.074074
0 0.686354 0.202234 0.021724 0.078777
1 0.669043 0.208113 0.025119 0.076426
1 0.642736 0.219283 0.026816 0.071723
1 0.627970 0.216049 0.027155 0.069959
1 0.607943 0.199588 0.026477 0.078189
1 0.584861 0.204586 0.019009 0.068195
1 0.567040 0.210170 0.020027 0.077014
1 0.409029 0.048795 0.019009 0.077601
0 0.449762 0.092887 0.016293 0.057613
1 0.460625 0.113463 0.013578 0.094062
1 0.470129 0.096708 0.017651 0.086420
1 0.490326 0.101999 0.020706 0.092299
1 0.504073 0.110523 0.022403 0.089359
1 0.521215 0.122869 0.017312 0.067019
1 0.552614 0.210170 0.025119 0.072310
1 0.530210 0.203116 0.025119 0.075838
1 0.512559 0.200764 0.019009 0.077014
1 0.492363 0.198707 0.022064 0.072898
1 0.476239 0.203704 0.021045 0.072310
0 0.455193 0.198119 0.019009 0.076426
0 0.426850 0.244856 0.031568 0.059377
1 0.386796 0.141681 0.028174 0.072898
1 0.365580 0.222516 0.022403 0.080541
1 0.445689 0.306878 0.044807 0.035273
1 0.029022 0.192534 0.034284 0.094650
1 0.119314 0.298060 0.053971 0.034098
1 0.177868 0.306584 0.054311 0.038213
1 0.223523 0.305703 0.040394 0.031746
1 0.271215 0.301587 0.048880 0.042328
1 0.943822 0.394768 0.034963 0.072310
1 0.931263 0.412698 0.026816 0.070547
1 0.913612 0.408877 0.025458 0.088771
1 0.890699 0.389771 0.033265 0.072898
1 0.880686 0.422693 0.026816 0.081129
1 0.856076 0.408583 0.023761 0.090535
1 0.830448 0.385362 0.024779 0.077014
1 0.814834 0.394180 0.020027 0.082892
1 0.798540 0.385949 0.020706 0.085244
1 0.775119 0.389477 0.020706 0.067607
1 0.755601 0.383304 0.021724 0.082305
1 0.739477 0.382128 0.019348 0.078777
1 0.724711 0.382128 0.024440 0.074074
1 0.702478 0.390359 0.022064 0.074074
1 0.689240 0.373310 0.020706 0.084656
1 0.678377 0.382716 0.021385 0.078777
1 0.971147 0.584068 0.038697 0.051146
1 0.952478 0.587596 0.046843 0.054674
1 0.946029 0.554968 0.049559 0.059965
1 0.910896 0.497648 0.032247 0.081717
1 0.886626 0.513521 0.029192 0.082892
1 0.861507 0.503527 0.031229 0.072310
1 0.848608 0.558495 0.055669 0.034098
1 0.834182 0.481188 0.028174 0.082892
1 0.787678 0.494415 0.030889 0.081129
1 0.767481 0.473251 0.023082 0.081129
1 0.744060 0.470312 0.021045 0.062316
1 0.724542 0.481188 0.026137 0.081717
1 0.706891 0.475897 0.021385 0.077014
1 0.691446 0.475309 0.022403 0.079365
1 0.674134 0.474427 0.019009 0.082305
0 0.659878 0.379483 0.019009 0.069959
1 0.658181 0.475309 0.023761 0.079365
1 0.643585 0.380952 0.019009 0.064668
1 0.623557 0.377719 0.019688 0.062904
1 0.590292 0.373016 0.018330 0.066432
1 0.574847 0.370664 0.019348 0.086420
1 0.559403 0.376543 0.014936 0.077014
1 0.437882 0.404468 0.023082 0.090535
1 0.447217 0.488242 0.031568 0.071135
1 0.479973 0.484715 0.032587 0.077014
1 0.474881 0.398589 0.017651 0.077601
1 0.491174 0.391828 0.016293 0.067607
0 0.501188 0.465902 0.017990 0.079365
1 0.505092 0.404762 0.019009 0.067607
0 0.526137 0.374780 0.016293 0.072310
1 0.519857 0.461493 0.024779 0.061141
1 0.535811 0.463257 0.024779 0.071723
1 0.555499 0.465608 0.021385 0.082305
1 0.574847 0.455908 0.026137 0.081717
1 0.595723 0.466196 0.027834 0.081129
1 0.622878 0.462081 0.019009 0.078777
1 0.639341 0.476190 0.022743 0.077601
1 0.259504 0.389771 0.045146 0.039976
1 0.210794 0.395944 0.043449 0.032334
1 0.119993 0.380952 0.048540 0.044680
0 0.087746 0.359200 0.046504 0.041152
0 0.019009 0.468254 0.029192 0.059377
1 0.983367 0.746620 0.011541 0.069371
1 0.967753 0.746620 0.026477 0.085832
1 0.950611 0.723398 0.028174 0.093474
1 0.931432 0.736626 0.028513 0.081129
1 0.910896 0.743974 0.025458 0.072310
1 0.874576 0.742798 0.024100 0.080541
1 0.842838 0.735744 0.023082 0.077014
1 0.813985 0.735450 0.023082 0.074074
1 0.800577 0.740153 0.020027 0.078777
1 0.784793 0.660200 0.023761 0.083480
1 0.770706 0.734568 0.024779 0.084068
0 0.753734 0.732216 0.022743 0.075838
0 0.714698 0.665197 0.018669 0.072310
1 0.744908 0.650206 0.026137 0.062316
1 0.725390 0.669312 0.021724 0.062904
1 0.700102 0.665197 0.024779 0.084068
1 0.683978 0.664021 0.019009 0.085244
1 0.702648 0.803939 0.022403 0.081717
1 0.686354 0.783657 0.021724 0.068195
1 0.668364 0.677249 0.020367 0.068195
0 0.656314 0.680482 0.018669 0.072310
0 0.645112 0.679012 0.015275 0.070547
0 0.636286 0.680188 0.013238 0.069371
0 0.624576 0.678424 0.014257 0.068195
0 0.614562 0.676661 0.013238 0.069371
0 0.603530 0.684597 0.014936 0.071135
0 0.594535 0.660494 0.015954 0.067607
1 0.583164 0.673133 0.020367 0.064668
1 0.572301 0.670488 0.016972 0.068783
1 0.557196 0.675485 0.021385 0.079953
1 0.540733 0.663139 0.021724 0.076426
1 0.524949 0.662551 0.020027 0.081129
1 0.503225 0.667549 0.020027 0.085244
1 0.485913 0.658730 0.020706 0.072310
1 0.474033 0.620517 0.020027 0.084068
1 0.452308 0.679306 0.020706 0.065256
1 0.652410 0.779248 0.029192 0.081717
1 0.639681 0.759847 0.020706 0.066432
1 0.625255 0.769253 0.021045 0.065256
1 0.611168 0.768078 0.028853 0.086420
1 0.587067 0.766902 0.028174 0.068783
1 0.570944 0.768665 0.022403 0.066432
0 0.556687 0.761905 0.019009 0.070547
0 0.521724 0.771605 0.027155 0.072310
1 0.540733 0.773956 0.027155 0.084068
1 0.501188 0.766314 0.023422 0.080541
1 0.482010 0.772487 0.023761 0.062316
1 0.470468 0.762787 0.030550 0.084068
0 0.420231 0.633157 0.014257 0.083480
1 0.451799 0.753380 0.037339 0.067607
1 0.420231 0.770429 0.019688 0.082892
1 0.690937 0.891534 0.022743 0.077014
1 0.661066 0.910347 0.020027 0.069959
1 0.645791 0.909759 0.020027 0.074662
1 0.626782 0.912404 0.019348 0.071723
1 0.611337 0.908583 0.025798 0.075838
0 0.587237 0.905644 0.019009 0.080541
1 0.564325 0.900059 0.022743 0.077601
1 0.548880 0.897707 0.023761 0.084656
1 0.526137 0.903880 0.027834 0.074662
1 0.508826 0.901235 0.023761 0.078777
1 0.474711 0.902410 0.037678 0.069371
1 0.448235 0.905644 0.034284 0.071135
1 0.662763 0.974721 0.017312 0.016461
0 0.645112 0.971781 0.017312 0.021164
1 0.632213 0.969430 0.015275 0.024691
0 0.616090 0.971193 0.017651 0.018812
1 0.603021 0.973839 0.008486 0.013521
1 0.594535 0.968254 0.009844 0.023516
1 0.583164 0.971781 0.011541 0.016461
1 0.559063 0.970312 0.010862 0.017049
1 0.543279 0.964433 0.013917 0.027631
1 0.525289 0.967078 0.012559 0.021164
1 0.509335 0.962963 0.013917 0.028219
1 0.495587 0.963257 0.016972 0.026455
1 0.477257 0.962081 0.013578 0.027631
1 0.429226 0.940917 0.020706 0.066432
0 0.409369 0.893298 0.023082 0.081717
1 0.242702 0.935332 0.049559 0.039976
1 0.195180 0.937684 0.042770 0.038801
1 0.134080 0.937096 0.049559 0.035273
1 0.072132 0.936214 0.054650 0.038213
1 0.892566 0.726631 0.016633 0.034098
