0 0.016146 0.087731 0.032292 0.023611
1 0.023568 0.133796 0.046615 0.068519
1 0.107943 0.029630 0.051302 0.046296
1 0.218490 0.007407 0.044271 0.014815
1 0.275651 0.004630 0.023698 0.008333
1 0.473047 0.008796 0.011198 0.017593
1 0.062500 0.209954 0.029167 0.078241
1 0.079297 0.205556 0.023177 0.068519
1 0.099870 0.207407 0.025260 0.077778
0 0.118490 0.215972 0.023958 0.071759
1 0.077344 0.144444 0.031771 0.063889
1 0.095573 0.126157 0.028646 0.068056
1 0.111589 0.127778 0.019010 0.072222
0 0.126172 0.130093 0.029427 0.069444
1 0.148047 0.121296 0.025260 0.083333
1 0.165365 0.114120 0.023958 0.070833
0 0.183464 0.121296 0.016927 0.063889
1 0.197526 0.112731 0.020052 0.083796
1 0.137891 0.215278 0.023698 0.082407
1 0.154948 0.196528 0.036458 0.077315
0 0.179297 0.200231 0.020573 0.070833
1 0.219792 0.109028 0.024479 0.085648
1 0.239193 0.096759 0.023698 0.085185
1 0.257292 0.090046 0.025000 0.096759
1 0.275521 0.092130 0.025000 0.083333
1 0.289974 0.089120 0.020052 0.068981
0 0.306641 0.092593 0.018490 0.080556
1 0.321224 0.078704 0.018490 0.094444
1 0.414193 0.096991 0.017969 0.088426
1 0.443750 0.099769 0.020313 0.075463
0 0.229818 0.197454 0.026302 0.069907
0 0.255469 0.147454 0.044792 0.049537
1 0.246745 0.201620 0.028385 0.075463
1 0.260677 0.201852 0.026042 0.065741
1 0.280469 0.203009 0.024479 0.082870
1 0.293620 0.183333 0.026302 0.076852
0 0.313542 0.188194 0.021875 0.081019
1 0.330990 0.194907 0.025000 0.078704
1 0.357422 0.207639 0.026823 0.073611
1 0.372396 0.205093 0.027083 0.072222
1 0.392969 0.188657 0.026562 0.080093
1 0.416146 0.194907 0.018750 0.070370
1 0.434245 0.201157 0.020052 0.079167
1 0.596094 0.040046 0.018750 0.080093
0 0.554297 0.083796 0.015885 0.059259
1 0.542969 0.105093 0.013542 0.097222
1 0.533724 0.087269 0.017448 0.089352
1 0.513151 0.092130 0.020573 0.095370
1 0.499219 0.100231 0.022396 0.092130
1 0.481641 0.112269 0.017448 0.068981
1 0.448698 0.201620 0.025000 0.074537
1 0.471615 0.195370 0.025000 0.077778
1 0.489323 0.193519 0.018750 0.079630
1 0.509896 0.192361 0.021875 0.075463
1 0.526172 0.198148 0.021094 0.074074
0 0.547396 0.193056 0.018750 0.078704
0 0.575651 0.243056 0.031510 0.061111
1 0.617448 0.137269 0.028125 0.075463
1 0.637891 0.221991 0.022135 0.082870
1 0.555599 0.306481 0.045052 0.036111
1 0.978646 0.204167 0.034375 0.098148
1 0.886068 0.309954 0.054427 0.034722
1 0.826693 0.316898 0.054948 0.039352
1 0.780469 0.314120 0.040625 0.031944
1 0.732422 0.307870 0.049219 0.043519
1 0.050391 0.378009 0.035156 0.074537
1 0.062891 0.397454 0.026823 0.072685
1 0.080990 0.393981 0.025521 0.091667
1 0.104297 0.375000 0.033073 0.075000
1 0.114193 0.409491 0.026823 0.083796
1 0.139193 0.395833 0.023698 0.093519
1 0.165495 0.372917 0.024740 0.079167
1 0.181120 0.382639 0.020052 0.085648
1 0.197526 0.374769 0.020573 0.087500
1 0.221224 0.379167 0.020573 0.069444
1 0.241146 0.373843 0.021875 0.084722
1 0.257422 0.372917 0.019531 0.081019
1 0.272396 0.373843 0.024479 0.076389
1 0.294792 0.383102 0.021875 0.076389
1 0.308464 0.365972 0.020573 0.087500
1 0.319271 0.376157 0.021354 0.081019
1 0.020443 0.573843 0.038802 0.052315
1 0.039323 0.578241 0.046875 0.056481
1 0.046224 0.544444 0.049740 0.062037
1 0.082552 0.486343 0.032292 0.083796
1 0.106901 0.503704 0.029427 0.085185
1 0.132292 0.494676 0.031250 0.074537
1 0.144792 0.552083 0.056250 0.034722
1 0.160417 0.472222 0.028125 0.085185
1 0.207292 0.487731 0.030729 0.083796
1 0.227865 0.466667 0.022917 0.083333
1 0.251693 0.464583 0.021094 0.064352
1 0.271224 0.476852 0.026302 0.084259
1 0.289323 0.471759 0.021354 0.079630
1 0.304818 0.471759 0.022135 0.082407
1 0.322396 0.471528 0.018750 0.084722
0 0.338021 0.373380 0.018750 0.071759
1 0.338672 0.472917 0.023698 0.081944
1 0.354427 0.375694 0.018750 0.066204
1 0.374740 0.373148 0.019792 0.064815
1 0.408594 0.369444 0.018229 0.068519
1 0.424219 0.367593 0.019271 0.088889
1 0.439714 0.374306 0.014844 0.079167
1 0.562370 0.408333 0.023177 0.093519
1 0.551823 0.494676 0.031771 0.073611
1 0.518620 0.490046 0.032552 0.079167
1 0.524870 0.400694 0.017448 0.080093
1 0.508594 0.393056 0.016146 0.069444
0 0.497526 0.469444 0.017969 0.081481
1 0.494271 0.406019 0.018750 0.069444
0 0.473438 0.373843 0.016146 0.074537
1 0.478646 0.464120 0.024479 0.062500
1 0.462370 0.465509 0.024740 0.073611
1 0.442448 0.467130 0.021354 0.085185
1 0.423047 0.456019 0.026302 0.084259
1 0.401823 0.465972 0.027604 0.083796
1 0.374349 0.460880 0.019010 0.081019
1 0.357422 0.474769 0.022656 0.080093
1 0.742969 0.399769 0.045312 0.041204
1 0.792188 0.408333 0.043750 0.033333
1 0.884245 0.396065 0.048698 0.045833
0 0.917318 0.374769 0.046615 0.042130
0 0.985417 0.491204 0.029167 0.061111
1 0.005990 0.742130 0.011458 0.071296
1 0.021745 0.742593 0.026302 0.088889
1 0.039323 0.719444 0.028125 0.096296
1 0.058724 0.733565 0.028385 0.083796
1 0.079297 0.742361 0.025260 0.074537
1 0.116146 0.742593 0.023958 0.083333
1 0.148438 0.736343 0.022917 0.079167
1 0.177474 0.737269 0.023177 0.076389
1 0.191016 0.742593 0.020052 0.081481
1 0.208073 0.660185 0.023958 0.086111
1 0.221224 0.737963 0.024740 0.087037
0 0.238672 0.736343 0.022656 0.078241
0 0.278776 0.668056 0.018490 0.075000
1 0.248568 0.651157 0.026302 0.064352
1 0.267969 0.671759 0.021875 0.064815
1 0.293620 0.668519 0.024740 0.087037
1 0.310026 0.668056 0.019010 0.087963
1 0.289323 0.812731 0.022396 0.083796
1 0.306120 0.792130 0.021615 0.070370
1 0.325651 0.682407 0.020052 0.070370
0 0.337891 0.686343 0.018490 0.074537
0 0.349089 0.685185 0.015365 0.073148
0 0.358073 0.686806 0.013021 0.071759
0 0.369922 0.685417 0.013802 0.069907
0 0.379948 0.683796 0.013021 0.071296
0 0.391276 0.692593 0.014844 0.073148
0 0.400521 0.668056 0.015625 0.069444
1 0.411849 0.681481 0.020052 0.066667
1 0.423047 0.679167 0.016927 0.070370
1 0.438151 0.684954 0.021615 0.082870
1 0.454948 0.672685 0.021354 0.078704
1 0.470964 0.672917 0.020052 0.083796
1 0.492839 0.678935 0.020052 0.088426
1 0.510547 0.670370 0.020573 0.074074
1 0.522917 0.631019 0.019792 0.087037
1 0.544141 0.693056 0.020573 0.067593
1 0.340495 0.789120 0.029427 0.084722
1 0.353646 0.769444 0.020833 0.068519
1 0.367969 0.779630 0.020833 0.067593
1 0.382422 0.779167 0.028906 0.088889
1 0.406771 0.778704 0.028125 0.071296
1 0.423047 0.781019 0.022135 0.068519
0 0.437500 0.774769 0.018750 0.072685
0 0.472917 0.786343 0.027083 0.074537
1 0.453646 0.787731 0.027083 0.086574
1 0.493620 0.781481 0.023177 0.083333
1 0.512891 0.788657 0.023698 0.064352
1 0.524870 0.778935 0.030469 0.086574
0 0.577344 0.646296 0.014063 0.086111
1 0.543750 0.769907 0.037500 0.069444
1 0.575521 0.788889 0.019271 0.085185
1 0.300000 0.904167 0.022917 0.079630
1 0.329948 0.924769 0.019792 0.071759
1 0.345573 0.924769 0.019792 0.077315
1 0.364844 0.928472 0.019271 0.073611
1 0.380339 0.924769 0.025781 0.078241
0 0.404818 0.922917 0.019010 0.082870
1 0.427995 0.918056 0.022656 0.079630
1 0.443750 0.916204 0.023438 0.087037
1 0.466797 0.923380 0.027865 0.077315
1 0.484245 0.921296 0.023698 0.081481
1 0.518750 0.923843 0.038021 0.071759
1 0.545573 0.928472 0.034375 0.073611
1 0.327474 0.991667 0.016927 0.016667
0 0.345313 0.989352 0.017188 0.021296
1 0.358464 0.987500 0.014844 0.025000
0 0.374870 0.990046 0.017448 0.018981
1 0.387891 0.993056 0.008073 0.013889
1 0.396615 0.987731 0.009375 0.023611
1 0.408073 0.991667 0.011458 0.016667
1 0.432422 0.991204 0.010677 0.017593
1 0.448568 0.985880 0.013802 0.028241
1 0.466667 0.989352 0.012500 0.021296
1 0.482943 0.985417 0.013802 0.029167
1 0.496745 0.986343 0.016927 0.027315
1 0.515365 0.985880 0.013542 0.028241
1 0.564193 0.965741 0.020573 0.068519
0 0.584896 0.917130 0.022917 0.084259
1 0.753125 0.967130 0.050000 0.040741
1 0.801172 0.971528 0.042969 0.039352
1 0.862891 0.973380 0.049740 0.036574
1 0.925651 0.974769 0.054948 0.039352
1 0.098047 0.724769 0.016406 0.034722
