0 0.018077 0.162424 0.031815 0.021818
1 0.026753 0.203939 0.045553 0.063636
1 0.105748 0.101515 0.050253 0.043030
1 0.212581 0.071818 0.043384 0.013939
1 0.268077 0.064545 0.023500 0.007879
1 0.460051 0.052121 0.011208 0.016970
1 0.066703 0.270606 0.028561 0.072121
1 0.082791 0.265152 0.023138 0.063636
1 0.102856 0.265152 0.024946 0.072121
0 0.121294 0.271515 0.023500 0.066667
1 0.079176 0.209091 0.031092 0.059394
1 0.096529 0.190909 0.028200 0.063030
1 0.112075 0.190909 0.018800 0.066667
0 0.126175 0.192121 0.028923 0.064242
1 0.147325 0.182121 0.024946 0.076970
1 0.163955 0.173939 0.023500 0.065455
0 0.181670 0.179091 0.016992 0.058788
1 0.195047 0.170303 0.019884 0.077576
1 0.140094 0.269091 0.023500 0.076364
1 0.156001 0.250303 0.035792 0.071515
0 0.179863 0.252121 0.020607 0.065455
1 0.216739 0.164848 0.024223 0.078788
1 0.235177 0.152121 0.023500 0.078788
1 0.252711 0.144545 0.024584 0.089091
1 0.270427 0.144545 0.024584 0.076970
1 0.284346 0.140909 0.019884 0.063636
0 0.300615 0.142727 0.018438 0.074545
1 0.314353 0.128485 0.018438 0.087273
1 0.405278 0.137879 0.018077 0.081818
1 0.434201 0.137879 0.020246 0.069697
0 0.228850 0.245152 0.026030 0.064848
0 0.252531 0.196970 0.043745 0.046061
1 0.245481 0.247576 0.028200 0.069697
1 0.259038 0.246667 0.025669 0.060606
1 0.278200 0.246061 0.024223 0.076364
1 0.290492 0.226970 0.025669 0.070909
0 0.310014 0.229697 0.021330 0.075152
1 0.327187 0.234545 0.024584 0.072727
1 0.353218 0.243636 0.026753 0.067879
1 0.367679 0.240303 0.026753 0.067273
1 0.387202 0.223636 0.026030 0.073939
1 0.409978 0.227273 0.018800 0.065455
1 0.427693 0.231515 0.019523 0.072727
1 0.580441 0.070303 0.018438 0.073939
0 0.541215 0.113939 0.015907 0.054545
1 0.530730 0.134545 0.013738 0.089697
1 0.521330 0.118788 0.017354 0.082424
1 0.501446 0.125152 0.020246 0.087879
1 0.488069 0.133636 0.022415 0.085455
1 0.471439 0.146061 0.017354 0.064242
1 0.441793 0.230909 0.024584 0.069091
1 0.463847 0.223030 0.024584 0.071515
1 0.481020 0.220000 0.018438 0.073939
1 0.501085 0.217273 0.021692 0.069697
1 0.516992 0.220909 0.020969 0.068485
0 0.537419 0.214545 0.018438 0.072727
0 0.566341 0.258182 0.030730 0.056970
1 0.603941 0.157879 0.027838 0.069697
1 0.626175 0.233636 0.021692 0.076970
1 0.548626 0.317879 0.044469 0.033333
1 0.956978 0.188788 0.033984 0.090303
1 0.870029 0.293636 0.053145 0.032121
1 0.812364 0.304848 0.053507 0.036364
1 0.767534 0.306364 0.039769 0.029697
1 0.720535 0.304545 0.048445 0.040606
1 0.059472 0.425455 0.034346 0.069091
1 0.072126 0.442121 0.026392 0.067273
1 0.089660 0.437576 0.025307 0.084848
1 0.111714 0.418182 0.032538 0.069091
1 0.122379 0.449091 0.026392 0.077576
1 0.146240 0.434545 0.023500 0.086061
1 0.171367 0.411212 0.024584 0.073333
1 0.186732 0.418788 0.019884 0.078788
1 0.202458 0.410303 0.020246 0.081212
1 0.225597 0.412121 0.020246 0.064242
1 0.244758 0.405758 0.021692 0.078182
1 0.260665 0.403636 0.019523 0.075152
1 0.275307 0.403333 0.024223 0.070909
1 0.297180 0.410000 0.021692 0.070909
1 0.310014 0.393030 0.020607 0.080606
1 0.320860 0.401515 0.021330 0.074545
1 0.035973 0.607576 0.037961 0.049091
1 0.054411 0.610000 0.045915 0.052727
1 0.060195 0.578485 0.048807 0.057576
1 0.093818 0.522121 0.031453 0.076970
1 0.117860 0.536061 0.028923 0.078182
1 0.142263 0.525455 0.030730 0.069091
1 0.156182 0.577273 0.054953 0.032121
1 0.169017 0.502727 0.027838 0.078182
1 0.215112 0.513030 0.030369 0.076970
1 0.234454 0.491818 0.022777 0.076970
1 0.257592 0.488182 0.020607 0.060000
1 0.276934 0.497879 0.026030 0.078182
1 0.294469 0.491515 0.021330 0.073939
1 0.309472 0.490303 0.021692 0.076364
1 0.326645 0.488788 0.018438 0.078182
0 0.338937 0.397273 0.018438 0.066061
1 0.342372 0.488788 0.023138 0.075758
1 0.355025 0.397879 0.018800 0.061212
1 0.374548 0.394242 0.019523 0.060000
1 0.407448 0.387879 0.018077 0.063030
1 0.422632 0.384848 0.018800 0.082424
1 0.437997 0.389697 0.014823 0.072727
1 0.558026 0.410606 0.022777 0.086667
1 0.550253 0.490909 0.031092 0.067879
1 0.517715 0.489394 0.031815 0.073333
1 0.521330 0.406667 0.017354 0.073939
1 0.505423 0.401212 0.015907 0.064242
0 0.496746 0.472121 0.018077 0.075152
1 0.491866 0.414545 0.018438 0.064242
0 0.470716 0.386667 0.015907 0.069091
1 0.478127 0.468788 0.024223 0.057576
1 0.462401 0.471515 0.024584 0.067879
1 0.443059 0.474545 0.021330 0.078788
1 0.423897 0.466061 0.025669 0.077576
1 0.403651 0.476970 0.027115 0.077576
1 0.376717 0.474545 0.018800 0.075152
1 0.360810 0.488485 0.022415 0.073939
1 0.733369 0.387879 0.044469 0.038788
1 0.781453 0.391515 0.043022 0.031515
1 0.870571 0.372727 0.047722 0.042424
0 0.902025 0.350303 0.045553 0.038788
0 0.971620 0.451515 0.028561 0.056970
1 0.026573 0.763030 0.011208 0.065455
1 0.041938 0.762121 0.026030 0.081818
1 0.058388 0.739394 0.027838 0.088485
1 0.077549 0.750909 0.027838 0.077576
1 0.097795 0.756970 0.024946 0.069091
1 0.133586 0.754242 0.023500 0.076970
1 0.164859 0.745758 0.022415 0.073333
1 0.193059 0.744242 0.023138 0.070303
1 0.206435 0.747879 0.019523 0.075152
1 0.220716 0.671212 0.023500 0.079394
1 0.235719 0.741212 0.024584 0.080000
0 0.252711 0.738485 0.022415 0.072121
0 0.289769 0.672424 0.018438 0.069697
1 0.259761 0.659394 0.025669 0.059394
1 0.279103 0.676667 0.021692 0.060000
1 0.304049 0.671515 0.024584 0.080000
1 0.319957 0.669697 0.018800 0.081212
1 0.303868 0.804242 0.022054 0.077576
1 0.319776 0.783939 0.021330 0.064848
1 0.335683 0.681515 0.019884 0.064848
0 0.347614 0.684242 0.018438 0.069091
0 0.358460 0.682121 0.015546 0.067273
0 0.367317 0.683030 0.013015 0.066667
0 0.378706 0.680909 0.014100 0.064848
0 0.388286 0.678485 0.013015 0.066061
0 0.399675 0.685455 0.014823 0.067879
0 0.407990 0.662424 0.015546 0.064242
1 0.419378 0.673636 0.019523 0.061212
1 0.430224 0.670606 0.016631 0.064848
1 0.445047 0.674545 0.021692 0.076364
1 0.460954 0.661818 0.020969 0.072727
1 0.476681 0.660909 0.019884 0.076970
1 0.498012 0.664545 0.019884 0.081818
1 0.515004 0.655455 0.020607 0.068485
1 0.526030 0.618182 0.019523 0.080000
1 0.548265 0.673030 0.020607 0.062424
1 0.353037 0.778182 0.029284 0.078788
1 0.365329 0.759091 0.020607 0.063636
1 0.379429 0.767273 0.020607 0.063030
1 0.393529 0.765758 0.028561 0.081818
1 0.417209 0.763333 0.027477 0.066061
1 0.433116 0.763939 0.021692 0.063636
0 0.446855 0.756970 0.018800 0.066667
0 0.481562 0.764545 0.026753 0.068485
1 0.462943 0.767273 0.026392 0.080000
1 0.501627 0.758485 0.022777 0.076970
1 0.520607 0.763333 0.023138 0.060000
1 0.531996 0.753333 0.030007 0.080000
0 0.579356 0.627576 0.014100 0.079394
1 0.550072 0.743636 0.036515 0.064242
1 0.581526 0.758182 0.019161 0.078788
1 0.316884 0.886970 0.022777 0.073333
1 0.346529 0.903333 0.019884 0.066061
1 0.361714 0.902121 0.019884 0.070909
1 0.380513 0.903939 0.019161 0.068485
1 0.395517 0.899091 0.025307 0.072121
0 0.419378 0.895455 0.018800 0.076970
1 0.441793 0.889091 0.022415 0.073939
1 0.456978 0.886061 0.023138 0.080000
1 0.479393 0.890909 0.027477 0.071515
1 0.496385 0.887273 0.023138 0.075152
1 0.530007 0.886970 0.037599 0.066061
1 0.556218 0.888788 0.033623 0.068485
1 0.345987 0.964848 0.016631 0.015758
0 0.363160 0.961515 0.016992 0.020000
1 0.376175 0.958485 0.014823 0.023636
0 0.391902 0.959394 0.017354 0.018182
1 0.404736 0.961212 0.008315 0.013333
1 0.413232 0.955455 0.009400 0.022424
1 0.424440 0.958182 0.011569 0.015758
1 0.447939 0.955758 0.010846 0.016970
1 0.463485 0.949697 0.013738 0.026667
1 0.481200 0.951212 0.012292 0.020000
1 0.497108 0.946364 0.013738 0.027273
1 0.510484 0.946061 0.016631 0.025455
1 0.528561 0.943939 0.013738 0.026061
1 0.575380 0.921515 0.020607 0.063636
0 0.594179 0.875152 0.022777 0.077576
1 0.759038 0.906970 0.048807 0.038182
1 0.805857 0.906970 0.041938 0.036970
1 0.866052 0.903636 0.048807 0.033939
1 0.926970 0.899697 0.053507 0.036970
1 0.115510 0.739394 0.016269 0.032727
