0 0.045576 0.916480 0.031501 0.021788
1 0.051273 0.874022 0.045576 0.063128
1 0.136227 0.960894 0.049933 0.042458
1 0.244135 0.971229 0.043231 0.013966
1 0.299598 0.968715 0.023458 0.007821
1 0.490784 0.946927 0.011059 0.016760
1 0.086629 0.801117 0.028485 0.071508
1 0.103217 0.803631 0.022788 0.063128
1 0.122989 0.800279 0.024799 0.070950
0 0.140751 0.790782 0.023458 0.065363
1 0.103050 0.859497 0.031166 0.058659
1 0.121314 0.874302 0.028150 0.062570
1 0.136729 0.871508 0.018767 0.065922
0 0.150804 0.868156 0.028820 0.063687
1 0.172252 0.874022 0.024799 0.076536
1 0.189343 0.879050 0.023458 0.065363
0 0.206769 0.870670 0.016756 0.058659
1 0.220677 0.877374 0.019772 0.076536
1 0.159685 0.789665 0.023123 0.075419
1 0.176776 0.805307 0.035858 0.070950
0 0.200235 0.799441 0.020442 0.064804
1 0.242292 0.878771 0.024129 0.078212
1 0.261394 0.888268 0.023458 0.078212
1 0.279323 0.892737 0.024464 0.088268
1 0.296749 0.889106 0.024464 0.076536
1 0.310824 0.890503 0.019772 0.063687
0 0.326910 0.886034 0.018432 0.073743
1 0.341488 0.897207 0.018097 0.086034
1 0.431133 0.872346 0.017761 0.081006
1 0.459786 0.867039 0.020107 0.069274
0 0.249162 0.797486 0.025804 0.064246
0 0.275637 0.840503 0.043901 0.045251
1 0.265583 0.792179 0.027815 0.069274
1 0.279155 0.790503 0.025469 0.060335
1 0.298257 0.787709 0.024129 0.075978
1 0.311495 0.804469 0.025804 0.070391
0 0.330764 0.798324 0.021448 0.073743
1 0.347353 0.790782 0.024464 0.072067
1 0.372654 0.776816 0.026139 0.067598
1 0.387232 0.777654 0.026475 0.065922
1 0.407842 0.790782 0.026139 0.073184
1 0.430127 0.782961 0.018432 0.064246
1 0.447218 0.775419 0.019772 0.072626
1 0.609082 0.907542 0.018432 0.073184
0 0.567192 0.871508 0.015751 0.054749
1 0.555630 0.853073 0.013405 0.089385
1 0.547252 0.870112 0.017426 0.082123
1 0.527145 0.867598 0.020107 0.087151
1 0.513405 0.861453 0.022118 0.083799
1 0.495979 0.852235 0.017426 0.063128
1 0.461294 0.773743 0.024464 0.068156
1 0.483747 0.777374 0.024464 0.070950
1 0.501005 0.777654 0.018767 0.072626
1 0.520945 0.776536 0.021783 0.069274
1 0.536528 0.770112 0.020777 0.067598
0 0.557306 0.772905 0.018767 0.072067
0 0.583110 0.724581 0.030831 0.055866
1 0.627011 0.817039 0.027480 0.068715
1 0.644269 0.738268 0.021783 0.075419
1 0.561830 0.668715 0.043901 0.033520
1 0.975034 0.723743 0.033847 0.089944
1 0.882038 0.635754 0.052949 0.032402
1 0.824397 0.634916 0.053619 0.036313
1 0.779491 0.641620 0.039544 0.029609
1 0.733076 0.651397 0.047922 0.040223
1 0.069873 0.649721 0.034517 0.068156
1 0.081434 0.630726 0.026139 0.067039
1 0.099028 0.632402 0.025134 0.083799
1 0.122151 0.647207 0.032507 0.068715
1 0.130697 0.615363 0.026139 0.076536
1 0.155328 0.625419 0.023123 0.085475
1 0.181635 0.643575 0.024129 0.072626
1 0.196548 0.633520 0.019772 0.078212
1 0.212634 0.639385 0.020442 0.079888
1 0.235422 0.632961 0.020442 0.063687
1 0.254859 0.636034 0.021783 0.077654
1 0.270777 0.635475 0.019437 0.074302
1 0.285188 0.633240 0.024129 0.069832
1 0.306635 0.622905 0.021448 0.070391
1 0.320375 0.637151 0.020107 0.079888
1 0.330597 0.627095 0.021113 0.074302
1 0.034853 0.474302 0.038204 0.048045
1 0.052949 0.468436 0.045576 0.051955
1 0.060824 0.498883 0.048592 0.056983
1 0.097688 0.548324 0.031836 0.076536
1 0.120811 0.530168 0.029155 0.078212
1 0.145610 0.536313 0.030496 0.068156
1 0.156166 0.482682 0.054960 0.032402
1 0.173592 0.553911 0.027480 0.077654
1 0.218499 0.535475 0.030161 0.076536
1 0.239109 0.552793 0.022453 0.076536
1 0.262399 0.552514 0.020777 0.059218
1 0.280999 0.539665 0.025804 0.077095
1 0.298592 0.542737 0.020777 0.073184
1 0.313505 0.541341 0.021783 0.075978
1 0.330597 0.539944 0.018432 0.077654
0 0.348861 0.627933 0.018767 0.065922
1 0.346347 0.537151 0.023123 0.075419
1 0.364779 0.624302 0.018432 0.060894
1 0.384383 0.624581 0.019437 0.059218
1 0.417393 0.624860 0.017761 0.063128
1 0.432473 0.625140 0.019102 0.081564
1 0.447386 0.617877 0.014745 0.072626
1 0.565349 0.575698 0.022788 0.085475
1 0.552446 0.498045 0.031166 0.067598
1 0.520275 0.505307 0.031836 0.072067
1 0.529155 0.586034 0.017426 0.073743
1 0.513572 0.594413 0.015751 0.063687
0 0.500503 0.525978 0.017761 0.074302
1 0.499330 0.583799 0.018767 0.063687
0 0.480060 0.615084 0.015751 0.068156
1 0.482406 0.532682 0.023794 0.057542
1 0.466488 0.532682 0.024129 0.067598
1 0.447218 0.532961 0.021113 0.078212
1 0.428787 0.544693 0.025804 0.077095
1 0.407842 0.537709 0.026810 0.076536
1 0.381367 0.544972 0.018767 0.074302
1 0.364611 0.533799 0.022118 0.073184
1 0.740617 0.567039 0.044236 0.037989
1 0.788036 0.555028 0.042560 0.030726
1 0.877681 0.557542 0.047587 0.042458
0 0.910355 0.574022 0.045241 0.038547
0 0.972855 0.462011 0.028820 0.055866
1 0.015751 0.322626 0.011394 0.065363
1 0.030999 0.320670 0.025804 0.081564
1 0.048592 0.340223 0.027480 0.088268
1 0.067192 0.325698 0.027815 0.077095
1 0.086796 0.315642 0.024799 0.068156
1 0.122487 0.312291 0.023794 0.075978
1 0.153988 0.315084 0.022453 0.072626
1 0.181971 0.311453 0.022788 0.069832
1 0.195208 0.305587 0.019772 0.074860
1 0.214142 0.379050 0.023458 0.078771
1 0.224531 0.306983 0.024129 0.079888
0 0.241454 0.306704 0.022453 0.071508
0 0.282339 0.365084 0.018432 0.068715
1 0.253519 0.383240 0.025804 0.059218
1 0.271783 0.362849 0.021448 0.059777
1 0.296749 0.363408 0.024464 0.079888
1 0.312668 0.362570 0.018767 0.080447
1 0.288204 0.232682 0.022118 0.076536
1 0.305127 0.250000 0.021113 0.064246
1 0.327245 0.348045 0.019772 0.064804
0 0.339142 0.343296 0.018097 0.068715
0 0.350034 0.343575 0.015080 0.067039
0 0.358747 0.341061 0.013070 0.065363
0 0.370141 0.341061 0.013740 0.064246
0 0.380027 0.341620 0.012735 0.065363
0 0.390751 0.332961 0.014745 0.067039
0 0.400469 0.354190 0.015416 0.063687
1 0.411025 0.341061 0.019772 0.060894
1 0.421917 0.342179 0.016756 0.064246
1 0.436327 0.335475 0.021448 0.075419
1 0.452916 0.344972 0.021113 0.072067
1 0.468666 0.343296 0.019772 0.076536
1 0.489444 0.336034 0.019772 0.081006
1 0.507038 0.342179 0.020107 0.067598
1 0.520107 0.376816 0.019437 0.079888
1 0.538874 0.318715 0.020107 0.062011
1 0.338472 0.249441 0.028820 0.077654
1 0.351877 0.266201 0.020777 0.063128
1 0.365449 0.255587 0.020442 0.062011
1 0.379524 0.254749 0.028485 0.081564
1 0.403150 0.253352 0.027480 0.065363
1 0.418733 0.249441 0.021783 0.063128
0 0.432976 0.253911 0.018767 0.066480
0 0.466991 0.240223 0.026475 0.068156
1 0.448224 0.240782 0.026475 0.079330
1 0.487265 0.242737 0.022788 0.076536
1 0.505697 0.234358 0.023458 0.058659
1 0.517594 0.242179 0.029826 0.078771
0 0.572386 0.357821 0.014075 0.078771
1 0.536193 0.248603 0.036863 0.063687
1 0.566354 0.228492 0.018767 0.078212
1 0.295744 0.148603 0.022453 0.072626
1 0.324062 0.127374 0.019437 0.065922
1 0.339310 0.125978 0.019772 0.070950
1 0.357909 0.120950 0.018767 0.067598
1 0.372989 0.122626 0.025469 0.072067
0 0.396783 0.122346 0.018767 0.075978
1 0.419403 0.124581 0.022453 0.072626
1 0.434819 0.124860 0.023123 0.079888
1 0.456769 0.115922 0.027480 0.070950
1 0.473861 0.116480 0.023458 0.074302
1 0.507205 0.111173 0.037198 0.065922
1 0.533009 0.104190 0.033847 0.067598
1 0.319705 0.066480 0.016756 0.015642
0 0.336964 0.067039 0.017091 0.020112
1 0.349866 0.067598 0.014745 0.023464
0 0.365784 0.063687 0.017091 0.017877
1 0.378351 0.060056 0.008043 0.012849
1 0.386729 0.063966 0.009383 0.021788
1 0.397788 0.059218 0.011394 0.015642
1 0.421582 0.057542 0.010724 0.016760
1 0.437165 0.061173 0.013740 0.026257
1 0.454591 0.056145 0.012399 0.019553
1 0.470677 0.058380 0.013740 0.027374
1 0.483914 0.056145 0.016756 0.025140
1 0.502011 0.055028 0.013405 0.026257
1 0.549933 0.068715 0.020107 0.062570
0 0.571548 0.111173 0.022453 0.077095
1 0.733076 0.050559 0.048592 0.037430
1 0.779491 0.042179 0.042225 0.036313
1 0.839310 0.034916 0.048592 0.034078
1 0.900134 0.027654 0.053619 0.036313
1 0.105395 0.330168 0.016421 0.032402
