0 0.983854 0.911806 0.032292 0.023611
1 0.976432 0.865741 0.046615 0.068519
1 0.892057 0.969907 0.051302 0.046296
1 0.781510 0.992130 0.044271 0.014815
1 0.724349 0.994907 0.023698 0.008333
1 0.526953 0.990741 0.011198 0.017593
1 0.937500 0.789583 0.029167 0.078241
1 0.920703 0.793981 0.023177 0.068519
1 0.900130 0.792130 0.025260 0.077778
0 0.881510 0.783565 0.023958 0.071759
1 0.922656 0.855093 0.031771 0.063889
1 0.904427 0.873380 0.028646 0.068056
1 0.888411 0.871759 0.019010 0.072222
0 0.873828 0.869444 0.029427 0.069444
1 0.851953 0.878241 0.025260 0.083333
1 0.834635 0.885417 0.023958 0.070833
0 0.816536 0.878241 0.016927 0.063889
1 0.802474 0.886806 0.020052 0.083796
1 0.862109 0.784259 0.023698 0.082407
1 0.845052 0.803009 0.036458 0.077315
0 0.820703 0.799306 0.020573 0.070833
1 0.780208 0.890509 0.024479 0.085648
1 0.760807 0.902778 0.023698 0.085185
1 0.742708 0.909491 0.025000 0.096759
1 0.724479 0.907407 0.025000 0.083333
1 0.710026 0.910417 0.020052 0.068981
0 0.693359 0.906944 0.018490 0.080556
1 0.678776 0.920833 0.018490 0.094444
1 0.585807 0.902546 0.017969 0.088426
1 0.556250 0.899769 0.020313 0.075463
0 0.770182 0.802083 0.026302 0.069907
0 0.744531 0.852083 0.044792 0.049537
1 0.753255 0.797917 0.028385 0.075463
1 0.739323 0.797685 0.026042 0.065741
1 0.719531 0.796528 0.024479 0.082870
1 0.706380 0.816204 0.026302 0.076852
0 0.686458 0.811343 0.021875 0.081019
1 0.669010 0.804630 0.025000 0.078704
1 0.642578 0.791898 0.026823 0.073611
1 0.627604 0.794444 0.027083 0.072222
1 0.607031 0.810880 0.026562 0.080093
1 0.583854 0.804630 0.018750 0.070370
1 0.565755 0.798380 0.020052 0.079167
1 0.403906 0.959491 0.018750 0.080093
0 0.445703 0.915741 0.015885 0.059259
1 0.457031 0.894444 0.013542 0.097222
1 0.466276 0.912269 0.017448 0.089352
1 0.486849 0.907407 0.020573 0.095370
1 0.500781 0.899306 0.022396 0.092130
1 0.518359 0.887269 0.017448 0.068981
1 0.551302 0.797917 0.025000 0.074537
1 0.528385 0.804167 0.025000 0.077778
1 0.510677 0.806019 0.018750 0.079630
1 0.490104 0.807176 0.021875 0.075463
1 0.473828 0.801389 0.021094 0.074074
0 0.452604 0.806481 0.018750 0.078704
0 0.424349 0.756481 0.031510 0.061111
1 0.382552 0.862269 0.028125 0.075463
1 0.362109 0.777546 0.022135 0.082870
1 0.444401 0.693056 0.045052 0.036111
1 0.021354 0.795370 0.034375 0.098148
1 0.113932 0.689583 0.054427 0.034722
1 0.173307 0.682639 0.054948 0.039352
1 0.219531 0.685417 0.040625 0.031944
1 0.267578 0.691667 0.049219 0.043519
1 0.949609 0.621528 0.035156 0.074537
1 0.937109 0.602083 0.026823 0.072685
1 0.919010 0.605556 0.025521 0.091667
1 0.895703 0.624537 0.033073 0.075000
1 0.885807 0.590046 0.026823 0.083796
1 0.860807 0.603704 0.023698 0.093519
1 0.834505 0.626620 0.024740 0.079167
1 0.818880 0.616898 0.020052 0.085648
1 0.802474 0.624769 0.020573 0.087500
1 0.778776 0.620370 0.020573 0.069444
1 0.758854 0.625694 0.021875 0.084722
1 0.742578 0.626620 0.019531 0.081019
1 0.727604 0.625694 0.024479 0.076389
1 0.705208 0.616435 0.021875 0.076389
1 0.691536 0.633565 0.020573 0.087500
1 0.680729 0.623380 0.021354 0.081019
1 0.979557 0.425694 0.038802 0.052315
1 0.960677 0.421296 0.046875 0.056481
1 0.953776 0.455093 0.049740 0.062037
1 0.917448 0.513194 0.032292 0.083796
1 0.893099 0.495833 0.029427 0.085185
1 0.867708 0.504861 0.031250 0.074537
1 0.855208 0.447454 0.056250 0.034722
1 0.839583 0.527315 0.028125 0.085185
1 0.792708 0.511806 0.030729 0.083796
1 0.772135 0.532870 0.022917 0.083333
1 0.748307 0.534954 0.021094 0.064352
1 0.728776 0.522685 0.026302 0.084259
1 0.710677 0.527778 0.021354 0.079630
1 0.695182 0.527778 0.022135 0.082407
1 0.677604 0.528009 0.018750 0.084722
0 0.661979 0.626157 0.018750 0.071759
1 0.661328 0.526620 0.023698 0.081944
1 0.645573 0.623843 0.018750 0.066204
1 0.625260 0.626389 0.019792 0.064815
1 0.591406 0.630093 0.018229 0.068519
1 0.575781 0.631944 0.019271 0.088889
1 0.560286 0.625231 0.014844 0.079167
1 0.437630 0.591204 0.023177 0.093519
1 0.448177 0.504861 0.031771 0.073611
1 0.481380 0.509491 0.032552 0.079167
1 0.475130 0.598843 0.017448 0.080093
1 0.491406 0.606481 0.016146 0.069444
0 0.502474 0.530093 0.017969 0.081481
1 0.505729 0.593519 0.018750 0.069444
0 0.526563 0.625694 0.016146 0.074537
1 0.521354 0.535417 0.024479 0.062500
1 0.537630 0.534028 0.024740 0.073611
1 0.557552 0.532407 0.021354 0.085185
1 0.576953 0.543519 0.026302 0.084259
1 0.598177 0.533565 0.027604 0.083796
1 0.625651 0.538657 0.019010 0.081019
1 0.642578 0.524769 0.022656 0.080093
1 0.257031 0.599769 0.045312 0.041204
1 0.207813 0.591204 0.043750 0.033333
1 0.115755 0.603472 0.048698 0.045833
0 0.082682 0.624769 0.046615 0.042130
0 0.014583 0.508333 0.029167 0.061111
1 0.994010 0.257407 0.011458 0.071296
1 0.978255 0.256944 0.026302 0.088889
1 0.960677 0.280093 0.028125 0.096296
1 0.941276 0.265972 0.028385 0.083796
1 0.920703 0.257176 0.025260 0.074537
1 0.883854 0.256944 0.023958 0.083333
1 0.851562 0.263194 0.022917 0.079167
1 0.822526 0.262269 0.023177 0.076389
1 0.808984 0.256944 0.020052 0.081481
1 0.791927 0.339352 0.023958 0.086111
1 0.778776 0.261574 0.024740 0.087037
0 0.761328 0.263194 0.022656 0.078241
0 0.721224 0.331481 0.018490 0.075000
1 0.751432 0.348380 0.026302 0.064352
1 0.732031 0.327778 0.021875 0.064815
1 0.706380 0.331019 0.024740 0.087037
1 0.689974 0.331481 0.019010 0.087963
1 0.710677 0.186806 0.022396 0.083796
1 0.693880 0.207407 0.021615 0.070370
1 0.674349 0.317130 0.020052 0.070370
0 0.662109 0.313194 0.018490 0.074537
0 0.650911 0.314352 0.015365 0.073148
0 0.641927 0.312731 0.013021 0.071759
0 0.630078 0.314120 0.013802 0.069907
0 0.620052 0.315741 0.013021 0.071296
0 0.608724 0.306944 0.014844 0.073148
0 0.599479 0.331481 0.015625 0.069444
1 0.588151 0.318056 0.020052 0.066667
1 0.576953 0.320370 0.016927 0.070370
1 0.561849 0.314583 0.021615 0.082870
1 0.545052 0.326852 0.021354 0.078704
1 0.529036 0.326620 0.020052 0.083796
1 0.507161 0.320602 0.020052 0.088426
1 0.489453 0.329167 0.020573 0.074074
1 0.477083 0.368519 0.019792 0.087037
1 0.455859 0.306481 0.020573 0.067593
1 0.659505 0.210417 0.029427 0.084722
1 0.646354 0.230093 0.020833 0.068519
1 0.632031 0.219907 0.020833 0.067593
1 0.617578 0.220370 0.028906 0.088889
1 0.593229 0.220833 0.028125 0.071296
1 0.576953 0.218519 0.022135 0.068519
0 0.562500 0.224769 0.018750 0.072685
0 0.527083 0.213194 0.027083 0.074537
1 0.546354 0.211806 0.027083 0.086574
1 0.506380 0.218056 0.023177 0.083333
1 0.487109 0.210880 0.023698 0.064352
1 0.475130 0.220602 0.030469 0.086574
0 0.422656 0.353241 0.014063 0.086111
1 0.456250 0.229630 0.037500 0.069444
1 0.424479 0.210648 0.019271 0.085185
1 0.700000 0.095370 0.022917 0.079630
1 0.670052 0.074769 0.019792 0.071759
1 0.654427 0.074769 0.019792 0.077315
1 0.635156 0.071065 0.019271 0.073611
1 0.619661 0.074769 0.025781 0.078241
0 0.595182 0.076620 0.019010 0.082870
1 0.572005 0.081481 0.022656 0.079630
1 0.556250 0.083333 0.023438 0.087037
1 0.533203 0.076157 0.027865 0.077315
1 0.515755 0.078241 0.023698 0.081481
1 0.481250 0.075694 0.038021 0.071759
1 0.454427 0.071065 0.034375 0.073611
1 0.672526 0.008102 0.016927 0.016204
0 0.654687 0.010417 0.017188 0.020833
1 0.641536 0.012269 0.014844 0.024537
0 0.625130 0.009491 0.017448 0.018981
1 0.612109 0.006713 0.008073 0.013426
1 0.603385 0.011806 0.009375 0.023611
1 0.591927 0.008102 0.011458 0.016204
1 0.567578 0.008565 0.010677 0.017130
1 0.551432 0.013889 0.013802 0.027778
1 0.533333 0.010417 0.012500 0.020833
1 0.517057 0.014352 0.013802 0.028704
1 0.503255 0.013426 0.016927 0.026852
1 0.484635 0.013889 0.013542 0.027778
1 0.435807 0.034028 0.020573 0.068056
0 0.415104 0.082407 0.022917 0.084259
1 0.246875 0.032407 0.050000 0.040741
1 0.198828 0.028009 0.042969 0.039352
1 0.137109 0.026157 0.049740 0.036574
1 0.074349 0.024769 0.054948 0.039352
1 0.901953 0.274769 0.016406 0.034722
