0 0.051927 0.079468 0.031220 0.021365
1 0.057343 0.120896 0.045237 0.061490
1 0.142402 0.038822 0.049697 0.041167
1 0.249442 0.031787 0.042689 0.013549
1 0.304396 0.036217 0.023256 0.007817
1 0.493629 0.062793 0.011150 0.016154
1 0.091590 0.192809 0.028353 0.069828
1 0.107837 0.190985 0.022619 0.060969
1 0.127588 0.194633 0.024530 0.069307
0 0.145110 0.204534 0.023256 0.064096
1 0.108474 0.136529 0.030902 0.057322
1 0.126633 0.122460 0.027716 0.060448
1 0.142083 0.125847 0.018477 0.064096
0 0.155941 0.129495 0.028353 0.062011
1 0.177286 0.124544 0.024530 0.073997
1 0.194170 0.120115 0.023256 0.063054
0 0.211214 0.128452 0.016566 0.056800
1 0.225072 0.122720 0.019433 0.074518
1 0.163746 0.206097 0.022937 0.073476
1 0.180790 0.191767 0.035362 0.068786
0 0.204046 0.197759 0.020070 0.063054
1 0.246735 0.121939 0.023893 0.076081
1 0.265690 0.113340 0.022937 0.075560
1 0.283371 0.109693 0.024530 0.085982
1 0.300733 0.113601 0.024212 0.073997
1 0.314750 0.112559 0.019752 0.061490
0 0.330679 0.117509 0.017840 0.071391
1 0.345174 0.107087 0.018159 0.083898
1 0.433737 0.133663 0.017522 0.078687
1 0.461931 0.139917 0.019752 0.067223
0 0.252628 0.201146 0.025486 0.062533
0 0.279388 0.159719 0.043326 0.044294
1 0.268716 0.206618 0.027716 0.067223
1 0.282096 0.208702 0.025167 0.058885
1 0.301211 0.211829 0.023893 0.073476
1 0.314431 0.196196 0.025486 0.068265
0 0.333386 0.202710 0.021344 0.071912
1 0.349952 0.210526 0.024530 0.069828
1 0.374801 0.225117 0.025804 0.065659
1 0.389296 0.224336 0.026123 0.064096
1 0.409525 0.212350 0.025804 0.071391
1 0.431666 0.220427 0.018477 0.062533
1 0.448710 0.227983 0.019433 0.070349
1 0.610545 0.104742 0.018159 0.070870
0 0.568812 0.138614 0.015610 0.053153
1 0.556865 0.156071 0.013380 0.085982
1 0.548901 0.139135 0.017203 0.079208
1 0.528990 0.140959 0.020070 0.084940
1 0.515132 0.146691 0.021663 0.081813
1 0.497770 0.155289 0.016884 0.061490
1 0.462568 0.230328 0.024212 0.066701
1 0.484868 0.227462 0.024212 0.069307
1 0.501911 0.227723 0.018159 0.070870
1 0.521663 0.229026 0.021344 0.067223
1 0.537114 0.236321 0.020389 0.066180
0 0.557662 0.234237 0.018159 0.070349
0 0.582829 0.281657 0.030264 0.054716
1 0.627270 0.193069 0.027397 0.067223
1 0.643517 0.270193 0.021663 0.073476
1 0.561007 0.335331 0.043326 0.032830
1 0.971169 0.294164 0.033450 0.087024
1 0.878146 0.376759 0.052565 0.031266
1 0.820803 0.376238 0.053202 0.035435
1 0.776521 0.368161 0.039184 0.028661
1 0.730647 0.357217 0.047467 0.039083
1 0.073272 0.339760 0.033769 0.066701
1 0.084422 0.358520 0.026123 0.064617
1 0.101943 0.357478 0.024849 0.081292
1 0.125040 0.343408 0.032176 0.066701
1 0.133163 0.374935 0.026123 0.074518
1 0.157694 0.365816 0.022937 0.083377
1 0.183976 0.348619 0.023893 0.070870
1 0.198630 0.359041 0.019433 0.076081
1 0.214559 0.354091 0.020070 0.077645
1 0.237177 0.360604 0.020070 0.061490
1 0.256610 0.358260 0.021344 0.075560
1 0.272061 0.359302 0.019114 0.072434
1 0.286556 0.361907 0.023893 0.068265
1 0.307582 0.372590 0.021344 0.067744
1 0.321599 0.359041 0.020070 0.078166
1 0.331475 0.369463 0.020707 0.071912
1 0.036636 0.509119 0.037592 0.046899
1 0.054635 0.515112 0.045556 0.050547
1 0.062600 0.486191 0.048104 0.055237
1 0.099713 0.439031 0.031220 0.074518
1 0.122491 0.457269 0.028353 0.075560
1 0.147181 0.452319 0.030583 0.066701
1 0.156897 0.504429 0.054476 0.031266
1 0.175215 0.435644 0.027397 0.076081
1 0.219497 0.454664 0.029946 0.074518
1 0.240204 0.438770 0.022300 0.073997
1 0.262982 0.439812 0.020707 0.057322
1 0.281300 0.452840 0.025486 0.075039
1 0.298821 0.450234 0.021026 0.070870
1 0.313794 0.452058 0.021663 0.073476
1 0.330519 0.453882 0.018159 0.075039
0 0.349474 0.369203 0.018477 0.064096
1 0.346129 0.457009 0.023256 0.072955
1 0.365244 0.372850 0.018159 0.058885
1 0.384836 0.373372 0.019114 0.057843
1 0.417330 0.373893 0.017840 0.060969
1 0.432463 0.374153 0.018796 0.079208
1 0.447117 0.381709 0.014336 0.070349
1 0.563396 0.426003 0.022619 0.082856
1 0.549857 0.501042 0.030583 0.065138
1 0.518159 0.493226 0.031539 0.070349
1 0.527716 0.415060 0.016884 0.071391
1 0.512424 0.406201 0.015610 0.062011
0 0.498726 0.472381 0.017522 0.072434
1 0.498248 0.416102 0.018477 0.062011
0 0.479452 0.385357 0.015929 0.066180
1 0.480886 0.465607 0.023893 0.055758
1 0.465116 0.464825 0.024212 0.065659
1 0.446002 0.464044 0.021026 0.075560
1 0.427843 0.451798 0.025486 0.075039
1 0.407136 0.458312 0.026760 0.074518
1 0.380854 0.450756 0.018796 0.071912
1 0.364129 0.460917 0.022300 0.071391
1 0.737177 0.439552 0.043963 0.036998
1 0.784167 0.452840 0.042370 0.030224
1 0.872889 0.452579 0.047149 0.041167
0 0.905543 0.437728 0.044919 0.037520
0 0.966072 0.548463 0.028353 0.054716
1 0.016088 0.656071 0.011150 0.063575
1 0.031220 0.658416 0.025486 0.078687
1 0.049060 0.639917 0.027397 0.085461
1 0.067060 0.654768 0.027716 0.074518
1 0.086493 0.664930 0.024530 0.066701
1 0.121854 0.669359 0.023256 0.074518
1 0.152915 0.667535 0.022300 0.070870
1 0.180790 0.671704 0.022619 0.067744
1 0.193692 0.678218 0.019752 0.072434
1 0.213284 0.607348 0.023256 0.076602
1 0.222842 0.677436 0.023893 0.077124
0 0.239726 0.677957 0.021982 0.069828
0 0.280822 0.622460 0.018159 0.067223
1 0.252628 0.603960 0.025486 0.057322
1 0.270309 0.624544 0.021344 0.057843
1 0.295158 0.624544 0.023893 0.077645
1 0.310927 0.625847 0.018477 0.078166
1 0.285123 0.751694 0.021663 0.074518
1 0.302007 0.735279 0.021026 0.062533
1 0.325263 0.640438 0.019752 0.062533
0 0.336891 0.645388 0.018159 0.066180
0 0.347722 0.645909 0.014973 0.065138
0 0.356164 0.648254 0.012743 0.063575
0 0.367633 0.648515 0.013380 0.062011
0 0.377349 0.648254 0.013061 0.063575
0 0.387862 0.657374 0.014336 0.065138
0 0.397579 0.636529 0.015291 0.062011
1 0.408092 0.649818 0.019752 0.059406
1 0.418923 0.649036 0.016566 0.063054
1 0.433259 0.655810 0.021026 0.073476
1 0.449825 0.646952 0.021026 0.070349
1 0.465116 0.649036 0.019752 0.074518
1 0.485983 0.656853 0.019433 0.078687
1 0.503186 0.651381 0.020070 0.065659
1 0.516725 0.618030 0.019114 0.077124
1 0.534724 0.675352 0.020070 0.060448
1 0.335298 0.736582 0.028353 0.075560
1 0.348678 0.720688 0.020070 0.061490
1 0.361899 0.731371 0.020389 0.059927
1 0.375916 0.732673 0.028034 0.079208
1 0.399331 0.735018 0.027079 0.063054
1 0.414782 0.739187 0.021663 0.060969
0 0.428958 0.735279 0.018159 0.064617
0 0.462408 0.749609 0.026442 0.066180
1 0.443931 0.748306 0.026442 0.077124
1 0.482478 0.747785 0.022619 0.073997
1 0.500796 0.756123 0.022937 0.057322
1 0.512743 0.748828 0.029627 0.077124
0 0.568334 0.638093 0.014017 0.076602
1 0.531061 0.743356 0.036317 0.062011
1 0.560847 0.763679 0.018796 0.075560
1 0.291813 0.833246 0.022300 0.070870
1 0.319688 0.855133 0.019433 0.063575
1 0.334661 0.856696 0.019433 0.068786
1 0.353138 0.862428 0.018796 0.065659
1 0.368111 0.860865 0.025167 0.069828
0 0.391685 0.862168 0.018796 0.073476
1 0.413985 0.860604 0.021982 0.070349
1 0.429277 0.860865 0.022619 0.077124
1 0.451258 0.869724 0.027079 0.068786
1 0.467983 0.869984 0.022937 0.072434
1 0.500956 0.876238 0.036636 0.064096
1 0.526442 0.883533 0.033450 0.065138
1 0.314750 0.913757 0.016566 0.015112
0 0.331794 0.913757 0.016884 0.019281
1 0.344536 0.913757 0.014336 0.022408
0 0.360147 0.917926 0.016884 0.017196
1 0.372571 0.922095 0.007964 0.013028
1 0.381172 0.918447 0.009239 0.021365
1 0.392004 0.923137 0.011150 0.015112
1 0.415419 0.925743 0.010831 0.016154
1 0.431188 0.922876 0.013699 0.025013
1 0.448391 0.928088 0.012424 0.019802
1 0.464161 0.926524 0.013380 0.026055
1 0.477222 0.928869 0.016566 0.024492
1 0.495221 0.930693 0.013061 0.025013
1 0.543007 0.918447 0.020070 0.060969
0 0.564830 0.878061 0.022300 0.075039
1 0.724116 0.941636 0.048423 0.036477
1 0.770150 0.951277 0.041733 0.034914
1 0.829404 0.960135 0.048104 0.032830
1 0.889455 0.968734 0.052883 0.035435
1 0.105129 0.651381 0.015929 0.031266
