0 0.016016 0.087731 0.032031 0.023611
1 0.023307 0.133796 0.046615 0.068519
1 0.107682 0.029630 0.051302 0.046296
1 0.218229 0.007407 0.044271 0.014815
1 0.275391 0.004630 0.023698 0.008333
1 0.472786 0.008796 0.011198 0.017593
1 0.062240 0.209954 0.029167 0.078241
1 0.079036 0.205556 0.023177 0.068519
1 0.099609 0.207407 0.025260 0.077778
0 0.118229 0.215972 0.023958 0.071759
1 0.077083 0.144444 0.031771 0.063889
1 0.095312 0.126157 0.028646 0.068056
1 0.111328 0.127778 0.019010 0.072222
0 0.125911 0.130093 0.029427 0.069444
1 0.147786 0.121296 0.025260 0.083333
1 0.165104 0.114120 0.023958 0.070833
0 0.183203 0.121296 0.016927 0.063889
1 0.197266 0.112731 0.020052 0.083796
1 0.137630 0.215278 0.023698 0.082407
1 0.154688 0.196528 0.036458 0.077315
0 0.179036 0.200231 0.020573 0.070833
1 0.219531 0.109028 0.024479 0.085648
1 0.238932 0.096759 0.023698 0.085185
1 0.257031 0.090046 0.025000 0.096759
1 0.275260 0.092130 0.025000 0.083333
1 0.289714 0.089120 0.020052 0.068981
0 0.306380 0.092593 0.018490 0.080556
1 0.320964 0.078704 0.018490 0.094444
1 0.413932 0.096991 0.017969 0.088426
1 0.443490 0.099769 0.020313 0.075463
0 0.229557 0.197454 0.026302 0.069907
0 0.255208 0.147454 0.044792 0.049537
1 0.246484 0.201620 0.028385 0.075463
1 0.260417 0.201852 0.026042 0.065741
1 0.280208 0.203009 0.024479 0.082870
1 0.293359 0.183333 0.026302 0.076852
0 0.313281 0.188194 0.021875 0.081019
1 0.330729 0.194907 0.025000 0.078704
1 0.357161 0.207639 0.026823 0.073611
1 0.372135 0.205093 0.027083 0.072222
1 0.392708 0.188657 0.026562 0.080093
1 0.415885 0.194907 0.018750 0.070370
1 0.433984 0.201157 0.020052 0.079167
1 0.595833 0.040046 0.018750 0.080093
0 0.554036 0.083796 0.015885 0.059259
1 0.542708 0.105093 0.013542 0.097222
1 0.533464 0.087269 0.017448 0.089352
1 0.512891 0.092130 0.020573 0.095370
1 0.498958 0.100231 0.022396 0.092130
1 0.481380 0.112269 0.017448 0.068981
1 0.448437 0.201620 0.025000 0.074537
1 0.471354 0.195370 0.025000 0.077778
1 0.489063 0.193519 0.018750 0.079630
1 0.509635 0.192361 0.021875 0.075463
1 0.525911 0.198148 0.021094 0.074074
0 0.547135 0.193056 0.018750 0.078704
0 0.575391 0.243056 0.031510 0.061111
1 0.617188 0.137269 0.028125 0.075463
1 0.637630 0.221991 0.022135 0.082870
1 0.555339 0.306481 0.045052 0.036111
1 0.978385 0.204167 0.034375 0.098148
1 0.885807 0.309954 0.054427 0.034722
1 0.826432 0.316898 0.054948 0.039352
1 0.780208 0.314120 0.040625 0.031944
1 0.732161 0.307870 0.049219 0.043519
1 0.050130 0.378009 0.035156 0.074537
1 0.062630 0.397454 0.026823 0.072685
1 0.080729 0.393981 0.025521 0.091667
1 0.104036 0.375000 0.033073 0.075000
1 0.113932 0.409491 0.026823 0.083796
1 0.138932 0.395833 0.023698 0.093519
1 0.165234 0.372917 0.024740 0.079167
1 0.180859 0.382639 0.020052 0.085648
1 0.197266 0.374769 0.020573 0.087500
1 0.220964 0.379167 0.020573 0.069444
1 0.240885 0.373843 0.021875 0.084722
1 0.257161 0.372917 0.019531 0.081019
1 0.272135 0.373843 0.024479 0.076389
1 0.294531 0.383102 0.021875 0.076389
1 0.308203 0.365972 0.020573 0.087500
1 0.319010 0.376157 0.021354 0.081019
1 0.020182 0.573843 0.038802 0.052315
1 0.039062 0.578241 0.046875 0.056481
1 0.045964 0.544444 0.049740 0.062037
1 0.082292 0.486343 0.032292 0.083796
1 0.106641 0.503704 0.029427 0.085185
1 0.132031 0.494676 0.031250 0.074537
1 0.144531 0.552083 0.056250 0.034722
1 0.160156 0.472222 0.028125 0.085185
1 0.207031 0.487731 0.030729 0.083796
1 0.227604 0.466667 0.022917 0.083333
1 0.251432 0.464583 0.021094 0.064352
1 0.270964 0.476852 0.026302 0.084259
1 0.289062 0.471759 0.021354 0.079630
1 0.304557 0.471759 0.022135 0.082407
1 0.322135 0.471528 0.018750 0.084722
0 0.337760 0.373380 0.018750 0.071759
1 0.338411 0.472917 0.023698 0.081944
1 0.354167 0.375694 0.018750 0.066204
1 0.374479 0.373148 0.019792 0.064815
1 0.408333 0.369444 0.018229 0.068519
1 0.423958 0.367593 0.019271 0.088889
1 0.439453 0.374306 0.014844 0.079167
1 0.562109 0.408333 0.023177 0.093519
1 0.551562 0.494676 0.031771 0.073611
1 0.518359 0.490046 0.032552 0.079167
1 0.524609 0.400694 0.017448 0.080093
1 0.508333 0.393056 0.016146 0.069444
0 0.497266 0.469444 0.017969 0.081481
1 0.494010 0.406019 0.018750 0.069444
0 0.473177 0.373843 0.016146 0.074537
1 0.478385 0.464120 0.024479 0.062500
1 0.462109 0.465509 0.024740 0.073611
1 0.442188 0.467130 0.021354 0.085185
1 0.422786 0.456019 0.026302 0.084259
1 0.401562 0.465972 0.027604 0.083796
1 0.374089 0.460880 0.019010 0.081019
1 0.357161 0.474769 0.022656 0.080093
1 0.742708 0.399769 0.045312 0.041204
1 0.791927 0.408333 0.043750 0.033333
1 0.883984 0.396065 0.048698 0.045833
0 0.917057 0.374769 0.046615 0.042130
0 0.985156 0.491204 0.029167 0.061111
1 0.005729 0.742130 0.011458 0.071296
1 0.021484 0.742593 0.026302 0.088889
1 0.039062 0.719444 0.028125 0.096296
1 0.058464 0.733565 0.028385 0.083796
1 0.079036 0.742361 0.025260 0.074537
1 0.115885 0.742593 0.023958 0.083333
1 0.148177 0.736343 0.022917 0.079167
1 0.177214 0.737269 0.023177 0.076389
1 0.190755 0.742593 0.020052 0.081481
1 0.207813 0.660185 0.023958 0.086111
1 0.220964 0.737963 0.024740 0.087037
0 0.238411 0.736343 0.022656 0.078241
0 0.278516 0.668056 0.018490 0.075000
1 0.248307 0.651157 0.026302 0.064352
1 0.267708 0.671759 0.021875 0.064815
1 0.293359 0.668519 0.024740 0.087037
1 0.309766 0.668056 0.019010 0.087963
1 0.289062 0.812731 0.022396 0.083796
1 0.305859 0.792130 0.021615 0.070370
1 0.325391 0.682407 0.020052 0.070370
0 0.337630 0.686343 0.018490 0.074537
0 0.348828 0.685185 0.015365 0.073148
0 0.357812 0.686806 0.013021 0.071759
0 0.369661 0.685417 0.013802 0.069907
0 0.379688 0.683796 0.013021 0.071296
0 0.391016 0.692593 0.014844 0.073148
0 0.400260 0.668056 0.015625 0.069444
1 0.411589 0.681481 0.020052 0.066667
1 0.422786 0.679167 0.016927 0.070370
1 0.437891 0.684954 0.021615 0.082870
1 0.454688 0.672685 0.021354 0.078704
1 0.470703 0.672917 0.020052 0.083796
1 0.492578 0.678935 0.020052 0.088426
1 0.510286 0.670370 0.020573 0.074074
1 0.522656 0.631019 0.019792 0.087037
1 0.543880 0.693056 0.020573 0.067593
1 0.340234 0.789120 0.029427 0.084722
1 0.353385 0.769444 0.020833 0.068519
1 0.367708 0.779630 0.020833 0.067593
1 0.382161 0.779167 0.028906 0.088889
1 0.406510 0.778704 0.028125 0.071296
1 0.422786 0.781019 0.022135 0.068519
0 0.437240 0.774769 0.018750 0.072685
0 0.472656 0.786343 0.027083 0.074537
1 0.453385 0.787731 0.027083 0.086574
1 0.493359 0.781481 0.023177 0.083333
1 0.512630 0.788657 0.023698 0.064352
1 0.524609 0.778935 0.030469 0.086574
0 0.577083 0.646296 0.014063 0.086111
1 0.543490 0.769907 0.037500 0.069444
1 0.575260 0.788889 0.019271 0.085185
1 0.299740 0.904167 0.022917 0.079630
1 0.329688 0.924769 0.019792 0.071759
1 0.345313 0.924769 0.019792 0.077315
1 0.364583 0.928472 0.019271 0.073611
1 0.380078 0.924769 0.025781 0.078241
0 0.404557 0.922917 0.019010 0.082870
1 0.427734 0.918056 0.022656 0.079630
1 0.443490 0.916204 0.023438 0.087037
1 0.466536 0.923380 0.027865 0.077315
1 0.483984 0.921296 0.023698 0.081481
1 0.518490 0.923843 0.038021 0.071759
1 0.545312 0.928472 0.034375 0.073611
1 0.327214 0.991667 0.016927 0.016667
0 0.345052 0.989352 0.017188 0.021296
1 0.358203 0.987500 0.014844 0.025000
0 0.374609 0.990046 0.017448 0.018981
1 0.387630 0.993056 0.008073 0.013889
1 0.396354 0.987731 0.009375 0.023611
1 0.407813 0.991667 0.011458 0.016667
1 0.432161 0.991204 0.010677 0.017593
1 0.448307 0.985880 0.013802 0.028241
1 0.466406 0.989352 0.012500 0.021296
1 0.482682 0.985417 0.013802 0.029167
1 0.496484 0.986343 0.016927 0.027315
1 0.515104 0.985880 0.013542 0.028241
1 0.563932 0.965741 0.020573 0.068519
0 0.584635 0.917130 0.022917 0.084259
1 0.752865 0.967130 0.050000 0.040741
1 0.800911 0.971528 0.042969 0.039352
1 0.862630 0.973380 0.049740 0.036574
1 0.925391 0.974769 0.054948 0.039352
1 0.097786 0.724769 0.016406 0.034722
