0 0.951603 0.079407 0.032051 0.022234
1 0.946795 0.122287 0.045513 0.059291
1 0.912019 0.195077 0.026603 0.069349
1 0.895994 0.137374 0.029808 0.061938
1 0.895513 0.192430 0.026282 0.061938
1 0.875801 0.196400 0.025962 0.069878
1 0.861538 0.037057 0.048077 0.040233
1 0.876442 0.122552 0.021474 0.060879
1 0.860256 0.123875 0.017949 0.064584
0 0.846474 0.129434 0.027564 0.062996
1 0.825000 0.123875 0.022436 0.071996
1 0.808814 0.120169 0.022115 0.064584
0 0.791827 0.127845 0.015705 0.058761
1 0.778205 0.121493 0.022436 0.075701
1 0.756731 0.120434 0.024359 0.076760
1 0.736378 0.111964 0.024679 0.077819
1 0.719231 0.107200 0.025641 0.087348
1 0.700962 0.110905 0.022436 0.072525
1 0.687179 0.110376 0.016026 0.061938
0 0.672115 0.114876 0.017949 0.071996
1 0.657692 0.102965 0.019872 0.086289
0 0.858013 0.206458 0.020513 0.063526
1 0.838622 0.206458 0.022756 0.073055
1 0.821635 0.191636 0.035577 0.068819
0 0.798237 0.197724 0.020833 0.064055
0 0.749519 0.199841 0.025962 0.065114
0 0.723558 0.159873 0.042628 0.043409
1 0.733974 0.205664 0.025641 0.067231
1 0.720032 0.207517 0.024679 0.061408
1 0.701603 0.211223 0.024359 0.074113
1 0.686859 0.195606 0.025000 0.071466
0 0.669391 0.201959 0.020833 0.070408
1 0.754167 0.030175 0.043590 0.014823
1 0.698718 0.033086 0.023718 0.008999
1 0.651763 0.209899 0.021474 0.069349
1 0.626282 0.224457 0.025641 0.063526
1 0.611538 0.223134 0.026923 0.065114
1 0.592949 0.209635 0.025000 0.074113
1 0.567949 0.129434 0.018590 0.079936
1 0.570353 0.218105 0.019551 0.062467
1 0.539744 0.135786 0.018590 0.069349
1 0.554167 0.225251 0.019872 0.071466
1 0.538622 0.227898 0.024038 0.068290
1 0.518109 0.223399 0.021474 0.071996
1 0.507212 0.055320 0.012500 0.013235
1 0.504167 0.149550 0.015385 0.062996
1 0.500160 0.224987 0.017628 0.070937
1 0.480288 0.225251 0.021474 0.067231
1 0.463622 0.232133 0.022115 0.068290
1 0.486859 0.142403 0.019872 0.083642
1 0.470192 0.136316 0.020513 0.084172
1 0.453045 0.133404 0.016987 0.079407
1 0.443590 0.150609 0.015385 0.085230
0 0.432692 0.135521 0.014103 0.050821
0 0.443590 0.229487 0.021154 0.069349
0 0.414904 0.267602 0.024679 0.065114
1 0.389904 0.126787 0.017628 0.073584
1 0.366827 0.201959 0.030449 0.062996
1 0.360577 0.288777 0.021795 0.075701
1 0.439103 0.331128 0.042949 0.035469
1 0.027083 0.316570 0.034295 0.088936
1 0.121635 0.368978 0.052244 0.030704
1 0.177885 0.370566 0.052564 0.032822
1 0.223077 0.360508 0.039103 0.026469
1 0.268429 0.350979 0.046474 0.038115
1 0.928205 0.344627 0.033333 0.070937
1 0.917308 0.362361 0.025641 0.065114
1 0.900801 0.361038 0.026603 0.083642
1 0.876122 0.346744 0.033013 0.067761
1 0.867308 0.378772 0.026923 0.074643
1 0.843750 0.367920 0.024038 0.082583
1 0.818429 0.351509 0.024679 0.074113
1 0.802724 0.359714 0.018910 0.076760
1 0.788301 0.356538 0.019551 0.080995
1 0.764904 0.361567 0.021474 0.060349
1 0.901763 0.443886 0.030449 0.074643
1 0.879487 0.460561 0.026923 0.075172
1 0.854327 0.455532 0.029167 0.065114
1 0.827083 0.439651 0.026603 0.075701
1 0.843269 0.510058 0.057692 0.029116
1 0.780929 0.435680 0.022756 0.078348
1 0.761218 0.442033 0.020513 0.076231
1 0.744071 0.359185 0.021474 0.075701
1 0.730288 0.360508 0.021474 0.073055
1 0.715865 0.362626 0.023397 0.070937
1 0.694872 0.372155 0.020513 0.071996
1 0.679487 0.359185 0.019231 0.079936
1 0.669872 0.369772 0.020513 0.072525
1 0.738141 0.441503 0.020513 0.062467
1 0.719391 0.454473 0.023397 0.074643
1 0.701763 0.451826 0.020192 0.067231
1 0.686699 0.453415 0.019551 0.076760
1 0.670353 0.455003 0.019551 0.073584
1 0.653526 0.459238 0.019872 0.074643
0 0.651282 0.368978 0.017949 0.064584
1 0.636218 0.374272 0.018590 0.059291
1 0.616827 0.372419 0.018910 0.057702
1 0.583974 0.374801 0.016667 0.059291
1 0.568590 0.373213 0.017308 0.079407
1 0.553526 0.380889 0.016667 0.070408
1 0.636699 0.461620 0.022756 0.070937
1 0.622756 0.449444 0.023718 0.075172
1 0.593269 0.460561 0.026923 0.073055
1 0.572756 0.453679 0.025641 0.076231
1 0.553365 0.464002 0.020833 0.074643
1 0.534615 0.464796 0.023077 0.065643
0 0.521795 0.383007 0.015385 0.066173
1 0.502244 0.415299 0.017308 0.056644
1 0.519551 0.466384 0.023077 0.056114
0 0.501442 0.471678 0.016987 0.070937
1 0.480609 0.490736 0.031731 0.076231
1 0.450000 0.501059 0.030769 0.067231
1 0.436699 0.425622 0.022756 0.082583
1 0.472436 0.412917 0.015385 0.071996
1 0.487340 0.403123 0.016346 0.060879
1 0.262340 0.434357 0.044551 0.036527
1 0.215385 0.448121 0.041667 0.030175
1 0.126603 0.444680 0.048718 0.040233
0 0.074840 0.455532 0.043910 0.054526
1 0.965224 0.516675 0.039423 0.046585
1 0.946474 0.521440 0.044231 0.053997
1 0.938141 0.491795 0.048077 0.051879
1 0.984936 0.665431 0.012179 0.063526
1 0.969391 0.665431 0.024679 0.077290
1 0.954647 0.649021 0.031090 0.083642
1 0.936538 0.663049 0.028846 0.074643
1 0.915064 0.674431 0.027564 0.070937
1 0.878365 0.677343 0.019551 0.073584
1 0.848077 0.675754 0.023718 0.071466
1 0.820032 0.677607 0.020833 0.067761
1 0.807212 0.685548 0.021474 0.073055
1 0.787340 0.612493 0.022756 0.078348
1 0.777564 0.684224 0.024359 0.078878
0 0.760577 0.682636 0.021154 0.071466
1 0.746955 0.610376 0.024038 0.059291
1 0.730449 0.629434 0.021154 0.061408
0 0.718269 0.627316 0.016667 0.067761
1 0.703205 0.627581 0.023077 0.079936
1 0.689263 0.628639 0.019551 0.078878
1 0.674199 0.643462 0.020192 0.065114
0 0.663301 0.649021 0.016987 0.064584
0 0.651603 0.650873 0.014103 0.062996
0 0.642468 0.651932 0.012500 0.062996
0 0.631410 0.650609 0.016026 0.062467
0 0.621474 0.654050 0.013462 0.061938
0 0.611859 0.657226 0.013462 0.066173
0 0.602564 0.638433 0.015385 0.060349
1 0.590224 0.653256 0.018269 0.060349
1 0.580609 0.652726 0.016987 0.065643
1 0.565705 0.657755 0.019231 0.075701
1 0.549038 0.649815 0.017949 0.071466
1 0.534135 0.652197 0.018269 0.075172
1 0.513301 0.659873 0.021474 0.077819
1 0.496154 0.656961 0.019231 0.061408
1 0.483013 0.615405 0.018590 0.078878
1 0.464744 0.678137 0.018590 0.060349
0 0.430929 0.675754 0.016346 0.079936
1 0.713462 0.759397 0.022436 0.074643
1 0.697917 0.740339 0.023397 0.061938
1 0.663942 0.741927 0.028526 0.075701
1 0.650160 0.726046 0.021474 0.062996
1 0.636699 0.737163 0.018910 0.059820
1 0.624038 0.735045 0.031410 0.080995
1 0.599359 0.739280 0.026923 0.065114
1 0.583173 0.742986 0.020833 0.062996
0 0.569391 0.738486 0.018910 0.066702
1 0.554006 0.753309 0.024679 0.077290
0 0.536859 0.752515 0.026282 0.068290
1 0.516667 0.749868 0.025000 0.072525
1 0.497756 0.759926 0.023718 0.056644
1 0.486058 0.751456 0.030449 0.078878
1 0.467628 0.746162 0.034615 0.061938
1 0.706891 0.841451 0.023397 0.072525
1 0.678205 0.863420 0.019872 0.066702
1 0.662981 0.865008 0.020192 0.071996
1 0.645032 0.868978 0.022115 0.067231
1 0.630769 0.867125 0.025000 0.070937
0 0.606250 0.867655 0.018910 0.076231
1 0.583654 0.867390 0.021154 0.069349
1 0.568750 0.867125 0.022756 0.077290
1 0.545994 0.876654 0.026603 0.071996
1 0.529006 0.874801 0.021474 0.073584
1 0.496635 0.881419 0.037500 0.064584
1 0.470833 0.889095 0.033333 0.067231
1 0.682853 0.921652 0.013782 0.016940
0 0.665865 0.921916 0.016987 0.020646
1 0.653686 0.922446 0.013141 0.021705
0 0.638141 0.926151 0.016026 0.017470
1 0.626122 0.930916 0.008654 0.011117
1 0.617468 0.926681 0.009936 0.021705
1 0.606090 0.931181 0.012821 0.014823
1 0.582692 0.931975 0.012179 0.017470
1 0.566827 0.929328 0.012500 0.026998
1 0.548878 0.934621 0.011218 0.020646
1 0.533173 0.933563 0.013782 0.025940
1 0.520353 0.934621 0.017628 0.025940
1 0.502244 0.936739 0.013462 0.025940
1 0.432853 0.804923 0.021474 0.076760
1 0.453526 0.924034 0.019872 0.061938
0 0.425641 0.923240 0.024359 0.068819
1 0.272115 0.946003 0.048077 0.032822
1 0.227083 0.952356 0.043269 0.034939
1 0.167308 0.961355 0.046795 0.029645
1 0.106410 0.968237 0.053846 0.034939
1 0.895353 0.659608 0.015064 0.035998
