0 0.019349 0.185048 0.032248 0.022269
1 0.027733 0.226140 0.045147 0.058855
1 0.067881 0.290032 0.026766 0.068929
1 0.079329 0.229586 0.029668 0.061506
1 0.084005 0.283669 0.026121 0.061506
1 0.103837 0.283404 0.025798 0.069459
1 0.105127 0.123277 0.047727 0.039767
1 0.097227 0.211029 0.021606 0.060445
1 0.113512 0.208643 0.018059 0.064157
0 0.127540 0.211029 0.027411 0.062566
1 0.148178 0.200689 0.022251 0.071580
1 0.163979 0.193531 0.022251 0.063627
0 0.181393 0.197508 0.015801 0.058855
1 0.194292 0.188229 0.022896 0.075292
1 0.215576 0.182927 0.024186 0.076352
1 0.234924 0.169671 0.024186 0.077413
1 0.251532 0.161453 0.025798 0.086426
1 0.269752 0.160657 0.022251 0.072110
1 0.283618 0.157211 0.015801 0.060976
0 0.298613 0.158271 0.018059 0.071580
1 0.311996 0.143690 0.019671 0.085896
0 0.122219 0.289236 0.020639 0.063097
1 0.141567 0.285525 0.022573 0.072641
1 0.157046 0.266702 0.035472 0.067869
0 0.180748 0.267762 0.020961 0.063627
0 0.228958 0.259279 0.025798 0.064687
0 0.251532 0.213945 0.042567 0.042948
1 0.244921 0.261400 0.025476 0.066808
1 0.258787 0.260339 0.024831 0.061506
1 0.277491 0.259544 0.024186 0.073701
1 0.290551 0.241251 0.025153 0.071050
0 0.308288 0.243637 0.020639 0.069459
1 0.210738 0.093319 0.043534 0.014846
1 0.265721 0.083775 0.023863 0.008484
1 0.326508 0.247614 0.021606 0.068929
1 0.352951 0.256363 0.025476 0.063097
1 0.367301 0.251856 0.027088 0.064687
1 0.384715 0.234358 0.025153 0.073171
1 0.402935 0.150053 0.018381 0.079533
1 0.407772 0.237805 0.019671 0.062036
1 0.431312 0.150053 0.018381 0.068929
1 0.424379 0.241516 0.019994 0.070520
1 0.439858 0.240721 0.023863 0.067869
1 0.459852 0.231442 0.021283 0.071580
1 0.457111 0.063627 0.012577 0.012725
1 0.467752 0.155885 0.015156 0.062566
1 0.477588 0.229056 0.017414 0.071050
1 0.497420 0.224814 0.021606 0.066808
1 0.514189 0.228261 0.022251 0.068399
1 0.484199 0.145016 0.019671 0.083245
1 0.500161 0.135207 0.020639 0.083775
1 0.516769 0.128844 0.017091 0.078473
1 0.527733 0.143425 0.015156 0.084305
0 0.537246 0.126458 0.014189 0.050371
0 0.533860 0.221633 0.020961 0.068929
0 0.565302 0.252651 0.024508 0.065217
1 0.578684 0.108431 0.017736 0.073701
1 0.607707 0.177359 0.030635 0.062036
1 0.620767 0.261400 0.021928 0.075292
1 0.546759 0.320520 0.042889 0.035525
1 0.953080 0.215801 0.034505 0.088017
1 0.863754 0.287911 0.051919 0.030753
1 0.808288 0.301962 0.052564 0.032344
1 0.762818 0.301962 0.039020 0.025981
1 0.716866 0.302492 0.046437 0.037646
1 0.064012 0.440880 0.033215 0.070520
1 0.076104 0.455992 0.025798 0.064687
1 0.092390 0.450954 0.026766 0.083245
1 0.115447 0.431601 0.032893 0.067869
1 0.126895 0.461294 0.026766 0.074231
1 0.149307 0.445122 0.023863 0.082185
1 0.173009 0.423648 0.024831 0.073171
1 0.189133 0.428420 0.019026 0.076352
1 0.203322 0.421792 0.019671 0.080064
1 0.227024 0.421527 0.021283 0.059385
1 0.098033 0.532874 0.030313 0.074231
1 0.121574 0.544274 0.027088 0.074761
1 0.146082 0.533934 0.029023 0.064687
1 0.171719 0.512195 0.026766 0.075292
1 0.161238 0.585366 0.057401 0.028632
1 0.217027 0.498409 0.022573 0.077413
1 0.237020 0.500265 0.020639 0.075822
1 0.247340 0.414899 0.021283 0.074761
1 0.261045 0.413309 0.021606 0.072641
1 0.275395 0.411983 0.023218 0.069989
1 0.296840 0.417020 0.020316 0.071580
1 0.311190 0.400848 0.019349 0.079533
1 0.321509 0.408802 0.020639 0.072110
1 0.259755 0.494433 0.020316 0.062036
1 0.279265 0.503181 0.023218 0.074231
1 0.296678 0.496819 0.019994 0.066808
1 0.311674 0.495228 0.019671 0.076352
1 0.327959 0.492842 0.019349 0.072641
1 0.344889 0.493637 0.020316 0.074231
0 0.339729 0.404295 0.017736 0.064157
1 0.355047 0.406151 0.018704 0.059385
1 0.374073 0.400053 0.018704 0.056734
1 0.406965 0.395016 0.016769 0.058324
1 0.422122 0.390244 0.017414 0.078473
1 0.437440 0.394486 0.016446 0.069989
1 0.361819 0.492047 0.022573 0.069989
1 0.374395 0.477200 0.023863 0.074231
1 0.404708 0.481442 0.027088 0.072110
1 0.424218 0.470308 0.025476 0.075292
1 0.444373 0.476405 0.020639 0.073701
1 0.462915 0.473224 0.022896 0.065217
0 0.469042 0.389714 0.015156 0.065748
1 0.490971 0.417020 0.017091 0.056734
1 0.477910 0.471103 0.023218 0.055673
0 0.496453 0.472428 0.017091 0.071050
1 0.518542 0.486479 0.031603 0.075822
1 0.549500 0.490191 0.030958 0.067338
1 0.556595 0.412778 0.022573 0.082185
1 0.520155 0.408271 0.015479 0.072110
1 0.504837 0.401909 0.016446 0.060445
1 0.729926 0.383086 0.044179 0.036585
1 0.777330 0.386532 0.041599 0.029692
1 0.865044 0.363733 0.048694 0.040297
0 0.916962 0.362937 0.043534 0.054613
1 0.041277 0.618505 0.039342 0.046129
1 0.060142 0.619035 0.044179 0.053552
1 0.065946 0.588017 0.048049 0.051962
1 0.033860 0.769353 0.012254 0.063627
1 0.049178 0.765907 0.024831 0.076882
1 0.062238 0.746288 0.030958 0.083245
1 0.081264 0.756098 0.029023 0.074231
1 0.103676 0.762725 0.027411 0.070520
1 0.140116 0.757688 0.019671 0.073171
1 0.169945 0.749470 0.023218 0.070520
1 0.197678 0.744698 0.020639 0.067338
1 0.211222 0.750000 0.021283 0.072641
1 0.224927 0.673648 0.022896 0.077943
1 0.240406 0.742312 0.024186 0.078473
0 0.257014 0.736744 0.021283 0.070520
1 0.264753 0.662778 0.023863 0.059385
1 0.282490 0.677890 0.021283 0.060976
0 0.294260 0.673118 0.016446 0.067338
1 0.309255 0.670201 0.023218 0.079533
1 0.323283 0.668081 0.019671 0.078473
1 0.339407 0.679480 0.020316 0.065217
0 0.350532 0.682662 0.016769 0.064157
0 0.362302 0.681601 0.014511 0.063097
0 0.371171 0.680541 0.012254 0.063097
0 0.382296 0.677094 0.015801 0.062566
0 0.392293 0.678420 0.013222 0.060976
0 0.402128 0.679215 0.013544 0.065748
0 0.409707 0.658802 0.015156 0.059915
1 0.423089 0.670997 0.018059 0.059915
1 0.432602 0.668081 0.017091 0.064687
1 0.447759 0.669936 0.019026 0.074761
1 0.463560 0.658006 0.017736 0.071050
1 0.478717 0.657476 0.018381 0.074231
1 0.499839 0.660392 0.021283 0.076882
1 0.516608 0.653765 0.019349 0.061506
1 0.526121 0.610021 0.018381 0.077943
1 0.549339 0.667815 0.018381 0.059915
0 0.582554 0.657741 0.016446 0.079003
1 0.309900 0.802227 0.022573 0.074231
1 0.323767 0.779958 0.023218 0.061506
1 0.357304 0.774125 0.028378 0.075292
1 0.369558 0.755567 0.021283 0.062566
1 0.383908 0.763256 0.019026 0.059915
1 0.396324 0.758749 0.030958 0.080594
1 0.420993 0.757423 0.026766 0.064157
1 0.437440 0.757423 0.020961 0.062036
0 0.450500 0.750000 0.018704 0.066278
1 0.467107 0.761135 0.024831 0.076882
0 0.484037 0.756628 0.026443 0.067869
1 0.503547 0.749735 0.024831 0.072110
1 0.523380 0.755302 0.023863 0.056734
1 0.534021 0.744433 0.030313 0.078473
1 0.551919 0.735419 0.034505 0.061506
1 0.322960 0.881230 0.022896 0.072110
1 0.353112 0.896872 0.019994 0.066278
1 0.368268 0.895016 0.019994 0.072110
1 0.386327 0.895016 0.021928 0.066808
1 0.400355 0.890244 0.024831 0.069989
0 0.424540 0.884942 0.018381 0.075292
1 0.446791 0.880170 0.020961 0.068929
1 0.461787 0.876458 0.022573 0.076352
1 0.485005 0.880965 0.026443 0.071580
1 0.501612 0.875398 0.021606 0.073171
1 0.534183 0.874867 0.037730 0.064687
1 0.560303 0.876723 0.033215 0.067338
1 0.353273 0.955461 0.013866 0.016967
0 0.370203 0.951750 0.016769 0.020148
1 0.382135 0.949629 0.012899 0.022269
0 0.397936 0.949629 0.016124 0.016967
1 0.410029 0.952015 0.008707 0.011135
1 0.418413 0.945917 0.009997 0.021209
1 0.429861 0.947773 0.012899 0.014316
1 0.453080 0.943531 0.011609 0.017497
1 0.468720 0.937434 0.012577 0.026511
1 0.486778 0.938494 0.011287 0.020148
1 0.502096 0.933987 0.013544 0.025981
1 0.514995 0.932662 0.017414 0.025451
1 0.533054 0.930541 0.013544 0.025451
1 0.590938 0.785260 0.021606 0.076352
1 0.580297 0.907211 0.019671 0.061506
0 0.607707 0.900583 0.024186 0.068399
1 0.761367 0.888918 0.047727 0.032344
1 0.806514 0.885472 0.043212 0.034995
1 0.866333 0.881230 0.046759 0.029692
1 0.926959 0.874867 0.053854 0.034995
1 0.122057 0.743637 0.015156 0.035525
