0 0.017057 0.086806 0.033073 0.024537
1 0.023828 0.133796 0.046615 0.065741
1 0.062630 0.210648 0.027344 0.076852
1 0.076953 0.144444 0.030469 0.068519
1 0.079557 0.205556 0.026823 0.068519
1 0.100000 0.207639 0.026562 0.077315
1 0.108333 0.028704 0.049479 0.044444
1 0.096484 0.125694 0.022135 0.067130
1 0.113281 0.125231 0.018229 0.071759
0 0.127604 0.129630 0.028125 0.069444
1 0.149609 0.120833 0.022656 0.079630
1 0.166276 0.114815 0.022656 0.071296
0 0.183984 0.121528 0.015885 0.065278
1 0.197786 0.112731 0.023177 0.083796
1 0.220052 0.109259 0.025000 0.085185
1 0.240625 0.097222 0.025000 0.086111
1 0.258203 0.090046 0.026302 0.096759
1 0.277083 0.091667 0.022917 0.080556
1 0.291406 0.089583 0.016146 0.068056
0 0.307031 0.092593 0.018229 0.079630
1 0.321484 0.078009 0.020052 0.095833
0 0.118880 0.216667 0.021094 0.070370
1 0.138932 0.214583 0.023177 0.081019
1 0.155729 0.195833 0.036458 0.075926
0 0.180208 0.199769 0.021354 0.070833
0 0.230599 0.196528 0.026302 0.071759
0 0.255859 0.148843 0.044010 0.047685
1 0.246875 0.201157 0.026042 0.074537
1 0.261328 0.201620 0.025260 0.068056
1 0.280599 0.203241 0.024740 0.082407
1 0.295052 0.184028 0.025521 0.079167
0 0.313411 0.189352 0.021094 0.077778
1 0.218880 0.008565 0.045052 0.016204
1 0.276302 0.005093 0.024479 0.009259
1 0.331901 0.195833 0.022135 0.076852
1 0.358854 0.209259 0.026042 0.070370
1 0.373958 0.206019 0.027604 0.072222
1 0.392708 0.188657 0.025521 0.081944
1 0.415234 0.096528 0.019010 0.088426
1 0.416406 0.195370 0.019792 0.069444
1 0.444531 0.100231 0.018750 0.077315
1 0.433333 0.201620 0.020313 0.079167
1 0.449479 0.202546 0.024479 0.075463
1 0.470573 0.194907 0.021875 0.079630
1 0.475000 0.006944 0.012500 0.013889
1 0.481901 0.111343 0.015365 0.069907
1 0.488932 0.194444 0.017969 0.078704
1 0.509635 0.192361 0.021875 0.074537
1 0.526953 0.198148 0.022656 0.075926
1 0.499479 0.101157 0.020313 0.093056
1 0.516406 0.092593 0.020833 0.093519
1 0.533984 0.087269 0.017448 0.087500
1 0.544531 0.105093 0.015625 0.094444
0 0.555078 0.087269 0.014323 0.056019
0 0.547526 0.193056 0.021615 0.076852
0 0.578776 0.231944 0.025260 0.072222
1 0.598828 0.072454 0.017969 0.081944
1 0.625781 0.153241 0.031250 0.069444
1 0.635677 0.248843 0.022396 0.083796
1 0.556510 0.305556 0.044271 0.038889
1 0.981250 0.240046 0.035417 0.098611
1 0.885807 0.309491 0.053906 0.033796
1 0.827734 0.318056 0.054427 0.036111
1 0.780729 0.312269 0.040104 0.029167
1 0.733333 0.306944 0.047917 0.041667
1 0.052083 0.378704 0.034375 0.078704
1 0.063932 0.396991 0.026302 0.071759
1 0.080859 0.393519 0.027344 0.092593
1 0.105729 0.374769 0.033854 0.075463
1 0.116276 0.409491 0.027344 0.082870
1 0.140104 0.394444 0.024479 0.091667
1 0.165625 0.373380 0.025521 0.081944
1 0.182031 0.380556 0.019271 0.085185
1 0.197005 0.375231 0.020052 0.089352
1 0.221354 0.377778 0.021875 0.066667
1 0.083333 0.485880 0.031250 0.082870
1 0.107031 0.501620 0.027604 0.083796
1 0.132812 0.493056 0.029687 0.072222
1 0.160286 0.472222 0.027344 0.084259
1 0.146354 0.552546 0.059375 0.031944
1 0.207682 0.462269 0.023177 0.086574
1 0.228385 0.467130 0.020833 0.084259
1 0.242708 0.372917 0.021875 0.083796
1 0.257031 0.372917 0.021875 0.081019
1 0.272005 0.373380 0.023698 0.078241
1 0.294010 0.381481 0.020833 0.079630
1 0.309375 0.365278 0.019792 0.088889
1 0.319661 0.375694 0.021094 0.080093
1 0.252083 0.463657 0.020833 0.068981
1 0.272005 0.475694 0.023698 0.082870
1 0.290234 0.470833 0.020573 0.074074
1 0.305859 0.470833 0.020052 0.085185
1 0.322656 0.470370 0.019792 0.081481
1 0.340234 0.473380 0.020573 0.082870
0 0.338802 0.372685 0.018229 0.071296
1 0.354557 0.376852 0.019010 0.065741
1 0.374479 0.372454 0.019271 0.063426
1 0.408724 0.371065 0.016927 0.065278
1 0.424479 0.367593 0.017708 0.087963
1 0.440234 0.374306 0.016927 0.078241
1 0.357682 0.473843 0.023177 0.078241
1 0.371484 0.458796 0.024219 0.083333
1 0.402604 0.467593 0.027604 0.080556
1 0.423307 0.457407 0.026302 0.084259
1 0.443880 0.466667 0.021094 0.082407
1 0.463151 0.465509 0.023698 0.072685
0 0.473177 0.372917 0.015625 0.073611
1 0.494661 0.406481 0.017448 0.062963
1 0.478776 0.465278 0.023698 0.062037
0 0.497786 0.468981 0.017448 0.078704
1 0.520182 0.487731 0.032552 0.084722
1 0.552083 0.495602 0.031771 0.074537
1 0.562630 0.409954 0.023177 0.091204
1 0.525260 0.400231 0.015625 0.080093
1 0.509635 0.391204 0.016667 0.067593
1 0.743099 0.398843 0.045573 0.040278
1 0.792057 0.408565 0.042969 0.032870
1 0.883724 0.394444 0.050260 0.044444
0 0.937630 0.400231 0.045052 0.060648
1 0.020833 0.574306 0.040625 0.051389
1 0.040234 0.577315 0.045573 0.059259
1 0.047656 0.543519 0.049479 0.057407
1 0.006510 0.742130 0.012500 0.070370
1 0.022526 0.740046 0.025260 0.085648
1 0.036979 0.719907 0.031771 0.092593
1 0.056250 0.733333 0.029687 0.082407
1 0.078906 0.743519 0.028125 0.078704
1 0.117057 0.742593 0.020052 0.081481
1 0.148177 0.737269 0.023958 0.079167
1 0.177083 0.735648 0.021354 0.075000
1 0.190755 0.743056 0.021615 0.080556
1 0.208333 0.659491 0.023438 0.086574
1 0.221354 0.738194 0.025000 0.087500
0 0.238802 0.734259 0.021875 0.078704
1 0.250000 0.652315 0.024479 0.065741
1 0.267708 0.671528 0.021875 0.068056
0 0.280078 0.667593 0.016927 0.075000
1 0.295703 0.666435 0.023698 0.088426
1 0.310286 0.665509 0.020052 0.087500
1 0.326432 0.680556 0.020573 0.072222
0 0.337760 0.685417 0.017188 0.071759
0 0.350000 0.685880 0.014583 0.069907
0 0.359375 0.685880 0.012500 0.069907
0 0.370833 0.683333 0.016146 0.069444
0 0.381250 0.685880 0.013542 0.068056
0 0.391406 0.688194 0.013542 0.073611
0 0.400130 0.666204 0.015365 0.066667
1 0.413411 0.681481 0.018490 0.066667
1 0.423307 0.679630 0.017448 0.072222
1 0.438932 0.683565 0.019531 0.083796
1 0.455729 0.672454 0.018229 0.079167
1 0.471354 0.673380 0.018750 0.082870
1 0.493229 0.679630 0.021875 0.086111
1 0.510807 0.674306 0.019531 0.068056
1 0.522656 0.626620 0.018750 0.087500
1 0.544010 0.693981 0.018750 0.066667
0 0.578906 0.687269 0.016667 0.088426
1 0.290625 0.814120 0.022917 0.082870
1 0.305859 0.790741 0.023698 0.068519
1 0.340885 0.788657 0.029167 0.083796
1 0.354427 0.769444 0.021875 0.069444
1 0.368880 0.780093 0.019531 0.066667
1 0.381901 0.776389 0.032031 0.089815
1 0.407552 0.778009 0.027604 0.071759
1 0.424479 0.780093 0.021354 0.069444
0 0.438281 0.773611 0.019271 0.074074
1 0.454948 0.788194 0.025521 0.085648
0 0.472656 0.785185 0.027083 0.075926
1 0.493229 0.780093 0.025521 0.080556
1 0.513281 0.788889 0.024479 0.062963
1 0.525000 0.778009 0.031250 0.087500
1 0.543880 0.769907 0.035677 0.068519
1 0.300651 0.904167 0.023698 0.080556
1 0.331250 0.925463 0.020313 0.074074
1 0.347005 0.925231 0.020573 0.080093
1 0.365625 0.927546 0.022396 0.074537
1 0.380208 0.923843 0.025521 0.078241
0 0.405599 0.921296 0.019010 0.084259
1 0.428906 0.918519 0.021354 0.076852
1 0.444401 0.916435 0.023177 0.085648
1 0.468229 0.924306 0.027083 0.080093
1 0.485677 0.920370 0.021875 0.081481
1 0.519401 0.923843 0.038802 0.071759
1 0.546354 0.929167 0.034375 0.075000
1 0.328776 0.990741 0.013802 0.018519
0 0.346354 0.988889 0.017188 0.022222
1 0.358854 0.987963 0.013021 0.024074
0 0.375130 0.990046 0.016406 0.018981
1 0.387630 0.994213 0.008594 0.011574
1 0.396484 0.988426 0.010156 0.023148
1 0.408333 0.992130 0.013021 0.015741
1 0.432552 0.990046 0.011979 0.018981
1 0.448828 0.985417 0.012760 0.029167
1 0.467578 0.988889 0.011198 0.022222
1 0.483724 0.985880 0.013802 0.028241
1 0.497005 0.985880 0.017969 0.028241
1 0.515755 0.985880 0.013802 0.028241
1 0.582031 0.831019 0.021875 0.085185
1 0.565625 0.965741 0.020313 0.068519
0 0.594401 0.961806 0.024740 0.076389
1 0.753776 0.968519 0.049219 0.036111
1 0.800651 0.970370 0.044531 0.038889
1 0.862630 0.973380 0.048177 0.032870
1 0.925651 0.973843 0.055469 0.038426
1 0.098828 0.724769 0.015365 0.039352
