0 0.983021 0.097880 0.033251 0.024938
1 0.975946 0.144327 0.046693 0.065461
1 0.937036 0.219763 0.027591 0.076683
1 0.923063 0.153990 0.030775 0.068579
1 0.920233 0.214464 0.027237 0.068579
1 0.899894 0.216334 0.026884 0.077307
1 0.892289 0.039589 0.049876 0.044264
1 0.903608 0.135287 0.022285 0.067332
1 0.886983 0.134663 0.018748 0.071072
0 0.872657 0.138716 0.028299 0.069202
1 0.850902 0.129988 0.022993 0.079177
1 0.834277 0.123753 0.022993 0.070449
0 0.816413 0.130299 0.016272 0.064838
1 0.802794 0.121259 0.023700 0.082918
1 0.780686 0.117830 0.025469 0.084788
1 0.760170 0.105362 0.025469 0.086035
1 0.742660 0.098192 0.026530 0.096633
1 0.723912 0.099439 0.022993 0.080424
1 0.709586 0.097257 0.016272 0.067332
0 0.694022 0.100062 0.018394 0.079177
1 0.679696 0.085411 0.020163 0.094763
0 0.880969 0.224751 0.021578 0.070449
1 0.860983 0.222569 0.023346 0.081047
1 0.844358 0.203865 0.036788 0.076060
0 0.820127 0.207294 0.021578 0.070449
0 0.769897 0.203554 0.026530 0.071696
0 0.744782 0.156172 0.044216 0.048005
1 0.753626 0.207918 0.026530 0.074190
1 0.739300 0.208229 0.025469 0.067332
1 0.720021 0.209476 0.025115 0.082294
1 0.705695 0.190461 0.025469 0.079177
0 0.687301 0.195449 0.021224 0.077930
1 0.782101 0.018080 0.045278 0.016209
1 0.725150 0.014027 0.024761 0.009352
1 0.668907 0.201683 0.022639 0.076683
1 0.642023 0.214464 0.026176 0.069825
1 0.626990 0.211035 0.027945 0.071696
1 0.608419 0.193890 0.025469 0.081047
1 0.586311 0.102556 0.019455 0.087905
1 0.584719 0.200436 0.019809 0.069202
1 0.557128 0.105985 0.019102 0.077307
1 0.567917 0.206047 0.020870 0.079177
1 0.551822 0.206983 0.024761 0.074813
1 0.530775 0.199190 0.022285 0.079177
1 0.527060 0.013404 0.012734 0.014339
1 0.519986 0.116584 0.015564 0.069825
1 0.512557 0.198254 0.018394 0.078554
1 0.491864 0.196072 0.022285 0.074190
1 0.474531 0.201683 0.022993 0.075436
1 0.502299 0.105985 0.020516 0.092269
1 0.485674 0.097569 0.021224 0.092893
1 0.467987 0.091958 0.017687 0.086658
1 0.457552 0.109414 0.015918 0.094140
0 0.447117 0.091646 0.014857 0.056110
0 0.454192 0.196072 0.021931 0.076683
0 0.423063 0.234102 0.025469 0.071696
1 0.403608 0.076372 0.018394 0.081671
1 0.376548 0.156172 0.031482 0.069202
1 0.366112 0.250312 0.022639 0.082918
1 0.444818 0.307045 0.044216 0.039277
1 0.022108 0.237219 0.035727 0.097880
1 0.116908 0.307045 0.054121 0.034289
1 0.174744 0.316085 0.054475 0.036160
1 0.221436 0.311097 0.040325 0.029925
1 0.268836 0.306421 0.048108 0.041771
1 0.946940 0.385599 0.034666 0.077930
1 0.935090 0.403678 0.026530 0.071696
1 0.918288 0.399938 0.027591 0.091646
1 0.893527 0.381234 0.033958 0.075436
1 0.882915 0.415212 0.027591 0.082294
1 0.859215 0.400249 0.024761 0.091022
1 0.833923 0.379052 0.025822 0.081047
1 0.817474 0.385910 0.019809 0.084788
1 0.802618 0.380611 0.020516 0.089152
1 0.778387 0.382793 0.022285 0.066085
1 0.915281 0.491272 0.031482 0.082294
1 0.891581 0.506234 0.027945 0.083541
1 0.866112 0.497506 0.030067 0.072319
1 0.838698 0.476621 0.027591 0.084165
1 0.852317 0.556110 0.059781 0.032419
1 0.791652 0.466334 0.023346 0.086035
1 0.770959 0.470698 0.020870 0.083541
1 0.756986 0.377805 0.021931 0.083541
1 0.742837 0.377494 0.021931 0.080424
1 0.727980 0.377494 0.024054 0.077930
1 0.705872 0.385599 0.020870 0.079177
1 0.690661 0.369077 0.020163 0.088529
1 0.680403 0.379364 0.021578 0.079177
1 0.747435 0.466958 0.021224 0.068579
1 0.727450 0.478803 0.023700 0.082294
1 0.709409 0.473815 0.020870 0.073566
1 0.693845 0.473504 0.020163 0.084165
1 0.677043 0.472569 0.019809 0.081047
1 0.659533 0.475686 0.020870 0.082294
0 0.661302 0.375935 0.018748 0.071072
1 0.645561 0.379988 0.019102 0.065461
1 0.625929 0.375623 0.019455 0.062968
1 0.591617 0.373753 0.017333 0.065461
1 0.576052 0.370012 0.018040 0.087905
1 0.560311 0.376559 0.016979 0.077307
1 0.642023 0.475998 0.023346 0.077930
1 0.628405 0.461035 0.024407 0.082918
1 0.597453 0.469140 0.027591 0.080424
1 0.576760 0.458853 0.026530 0.083541
1 0.556420 0.467581 0.021224 0.082294
1 0.537142 0.466334 0.023700 0.072319
0 0.527591 0.374688 0.015918 0.073566
1 0.505837 0.407419 0.017687 0.062968
1 0.521578 0.466022 0.023700 0.061721
0 0.502653 0.469451 0.017687 0.078554
1 0.480191 0.487531 0.032897 0.084788
1 0.448532 0.494701 0.031836 0.074190
1 0.438274 0.410224 0.023346 0.091022
1 0.475593 0.400873 0.015918 0.079800
1 0.490980 0.392145 0.016979 0.067332
1 0.258578 0.396820 0.045985 0.040524
1 0.209763 0.406172 0.043155 0.033042
1 0.118500 0.390898 0.050230 0.044888
0 0.064733 0.396197 0.045278 0.060474
1 0.977184 0.579177 0.040679 0.051122
1 0.957906 0.581983 0.045985 0.059227
1 0.950654 0.548628 0.049876 0.057357
1 0.990803 0.745012 0.012734 0.069825
1 0.974885 0.742830 0.025469 0.085411
1 0.960559 0.722880 0.032190 0.091646
1 0.941281 0.735661 0.029713 0.082294
1 0.918642 0.745636 0.028299 0.078554
1 0.880792 0.744389 0.020516 0.081047
1 0.849664 0.738466 0.024054 0.079177
1 0.820835 0.736596 0.021578 0.074190
1 0.807216 0.743766 0.021931 0.079800
1 0.790060 0.660848 0.023700 0.086035
1 0.776972 0.738466 0.025115 0.086658
0 0.759462 0.734414 0.021931 0.078554
1 0.748674 0.653367 0.024407 0.066085
1 0.730987 0.672382 0.022285 0.067955
0 0.718606 0.668329 0.017333 0.074813
1 0.703219 0.666771 0.024054 0.087905
1 0.688539 0.665835 0.020163 0.087282
1 0.672444 0.680486 0.020516 0.071696
0 0.661125 0.684850 0.017687 0.071696
0 0.649098 0.685162 0.014857 0.069825
0 0.639547 0.685162 0.012734 0.069825
0 0.628228 0.682357 0.016272 0.069202
0 0.617793 0.684850 0.013796 0.067955
0 0.607711 0.687032 0.014149 0.073566
0 0.599222 0.665212 0.015564 0.066085
1 0.585957 0.680175 0.018748 0.066085
1 0.575875 0.678304 0.017687 0.072319
1 0.560311 0.682045 0.019809 0.083541
1 0.543686 0.670823 0.018394 0.078554
1 0.528122 0.671446 0.019102 0.082294
1 0.506367 0.677369 0.022285 0.085411
1 0.488857 0.671758 0.019809 0.067955
1 0.477184 0.624688 0.019102 0.087282
1 0.455607 0.690773 0.019102 0.066085
0 0.420941 0.683603 0.016979 0.087905
1 0.707641 0.812656 0.022993 0.082918
1 0.692607 0.789277 0.024054 0.068579
1 0.657764 0.786783 0.029360 0.083541
1 0.644146 0.767768 0.021931 0.069202
1 0.629643 0.778055 0.019809 0.066085
1 0.616732 0.774314 0.032190 0.089776
1 0.591263 0.775561 0.027945 0.071072
1 0.574284 0.777120 0.021578 0.069202
0 0.560665 0.770885 0.019809 0.074190
1 0.544040 0.784913 0.025469 0.084788
0 0.526530 0.781796 0.027237 0.076060
1 0.506013 0.776496 0.025822 0.080424
1 0.486028 0.784913 0.024761 0.062344
1 0.474178 0.774002 0.031482 0.086658
1 0.455607 0.765898 0.036081 0.067955
1 0.697206 0.901496 0.024054 0.079800
1 0.666785 0.922070 0.020516 0.073566
1 0.651044 0.921446 0.020870 0.079800
1 0.632473 0.923628 0.022639 0.074190
1 0.617793 0.919888 0.025822 0.077930
0 0.592678 0.917082 0.019455 0.083541
1 0.569331 0.913965 0.021578 0.076060
1 0.553944 0.911783 0.023346 0.085411
1 0.530244 0.919264 0.027591 0.079177
1 0.512911 0.915212 0.021931 0.081047
1 0.479307 0.918017 0.038911 0.071696
1 0.452423 0.923005 0.034666 0.074190
1 0.668907 0.986596 0.014149 0.019327
0 0.651397 0.984414 0.017333 0.022444
1 0.638840 0.983479 0.013442 0.024314
0 0.622745 0.985349 0.016625 0.019327
1 0.610364 0.989090 0.008843 0.011845
1 0.601521 0.983479 0.010258 0.023067
1 0.589671 0.986908 0.013442 0.016209
1 0.565440 0.984726 0.012381 0.019327
1 0.549346 0.979738 0.012734 0.029302
1 0.530598 0.983167 0.011319 0.022444
1 0.514680 0.980050 0.014149 0.028678
1 0.501415 0.979738 0.018040 0.028055
1 0.482667 0.979426 0.013796 0.028678
1 0.417227 0.825748 0.022285 0.084165
1 0.432968 0.958853 0.020516 0.068579
0 0.404492 0.954489 0.025115 0.076060
1 0.245667 0.959476 0.049169 0.036160
1 0.198974 0.960411 0.044924 0.039277
1 0.137248 0.962905 0.048108 0.033042
1 0.074461 0.962594 0.055536 0.038653
1 0.898833 0.726621 0.015564 0.039277
