0 0.016797 0.913194 0.033073 0.024537
1 0.023568 0.866204 0.046615 0.065741
1 0.062370 0.789352 0.027344 0.076852
1 0.076693 0.855556 0.030469 0.068519
1 0.079297 0.794444 0.026823 0.068519
1 0.099740 0.792361 0.026562 0.077315
1 0.108073 0.971296 0.049479 0.044444
1 0.096224 0.874306 0.022135 0.067130
1 0.113021 0.874769 0.018229 0.071759
0 0.127344 0.870370 0.028125 0.069444
1 0.149349 0.879167 0.022656 0.079630
1 0.166016 0.885185 0.022656 0.071296
0 0.183724 0.878472 0.015885 0.065278
1 0.197526 0.887269 0.023177 0.083796
1 0.219792 0.890741 0.025000 0.085185
1 0.240365 0.902778 0.025000 0.086111
1 0.257943 0.909954 0.026302 0.096759
1 0.276823 0.908333 0.022917 0.080556
1 0.291146 0.910417 0.016146 0.068056
0 0.306771 0.907407 0.018229 0.079630
1 0.321224 0.921991 0.020052 0.095833
0 0.118620 0.783333 0.021094 0.070370
1 0.138672 0.785417 0.023177 0.081019
1 0.155469 0.804167 0.036458 0.075926
0 0.179948 0.800231 0.021354 0.070833
0 0.230339 0.803472 0.026302 0.071759
0 0.255599 0.851157 0.044010 0.047685
1 0.246615 0.798843 0.026042 0.074537
1 0.261068 0.798380 0.025260 0.068056
1 0.280339 0.796759 0.024740 0.082407
1 0.294792 0.815972 0.025521 0.079167
0 0.313151 0.810648 0.021094 0.077778
1 0.218620 0.991435 0.045052 0.016204
1 0.276042 0.994907 0.024479 0.009259
1 0.331641 0.804167 0.022135 0.076852
1 0.358594 0.790741 0.026042 0.070370
1 0.373698 0.793981 0.027604 0.072222
1 0.392448 0.811343 0.025521 0.081944
1 0.414974 0.903472 0.019010 0.088426
1 0.416146 0.804630 0.019792 0.069444
1 0.444271 0.899769 0.018750 0.077315
1 0.433073 0.798380 0.020313 0.079167
1 0.449219 0.797454 0.024479 0.075463
1 0.470313 0.805093 0.021875 0.079630
1 0.474740 0.993056 0.012500 0.013889
1 0.481641 0.888657 0.015365 0.069907
1 0.488672 0.805556 0.017969 0.078704
1 0.509375 0.807639 0.021875 0.074537
1 0.526693 0.801852 0.022656 0.075926
1 0.499219 0.898843 0.020313 0.093056
1 0.516146 0.907407 0.020833 0.093519
1 0.533724 0.912731 0.017448 0.087500
1 0.544271 0.894907 0.015625 0.094444
0 0.554818 0.912731 0.014323 0.056019
0 0.547266 0.806944 0.021615 0.076852
0 0.578516 0.768056 0.025260 0.072222
1 0.598568 0.927546 0.017969 0.081944
1 0.625521 0.846759 0.031250 0.069444
1 0.635417 0.751157 0.022396 0.083796
1 0.556250 0.694444 0.044271 0.038889
1 0.980990 0.759954 0.035417 0.098611
1 0.885547 0.690509 0.053906 0.033796
1 0.827474 0.681944 0.054427 0.036111
1 0.780469 0.687731 0.040104 0.029167
1 0.733073 0.693056 0.047917 0.041667
1 0.051823 0.621296 0.034375 0.078704
1 0.063672 0.603009 0.026302 0.071759
1 0.080599 0.606481 0.027344 0.092593
1 0.105469 0.625231 0.033854 0.075463
1 0.116016 0.590509 0.027344 0.082870
1 0.139844 0.605556 0.024479 0.091667
1 0.165365 0.626620 0.025521 0.081944
1 0.181771 0.619444 0.019271 0.085185
1 0.196745 0.624769 0.020052 0.089352
1 0.221094 0.622222 0.021875 0.066667
1 0.083073 0.514120 0.031250 0.082870
1 0.106771 0.498380 0.027604 0.083796
1 0.132552 0.506944 0.029687 0.072222
1 0.160026 0.527778 0.027344 0.084259
1 0.146094 0.447454 0.059375 0.031944
1 0.207422 0.537731 0.023177 0.086574
1 0.228125 0.532870 0.020833 0.084259
1 0.242448 0.627083 0.021875 0.083796
1 0.256771 0.627083 0.021875 0.081019
1 0.271745 0.626620 0.023698 0.078241
1 0.293750 0.618519 0.020833 0.079630
1 0.309115 0.634722 0.019792 0.088889
1 0.319401 0.624306 0.021094 0.080093
1 0.251823 0.536343 0.020833 0.068981
1 0.271745 0.524306 0.023698 0.082870
1 0.289974 0.529167 0.020573 0.074074
1 0.305599 0.529167 0.020052 0.085185
1 0.322396 0.529630 0.019792 0.081481
1 0.339974 0.526620 0.020573 0.082870
0 0.338542 0.627315 0.018229 0.071296
1 0.354297 0.623148 0.019010 0.065741
1 0.374219 0.627546 0.019271 0.063426
1 0.408464 0.628935 0.016927 0.065278
1 0.424219 0.632407 0.017708 0.087963
1 0.439974 0.625694 0.016927 0.078241
1 0.357422 0.526157 0.023177 0.078241
1 0.371224 0.541204 0.024219 0.083333
1 0.402344 0.532407 0.027604 0.080556
1 0.423047 0.542593 0.026302 0.084259
1 0.443620 0.533333 0.021094 0.082407
1 0.462891 0.534491 0.023698 0.072685
0 0.472917 0.627083 0.015625 0.073611
1 0.494401 0.593519 0.017448 0.062963
1 0.478516 0.534722 0.023698 0.062037
0 0.497526 0.531019 0.017448 0.078704
1 0.519922 0.512269 0.032552 0.084722
1 0.551823 0.504398 0.031771 0.074537
1 0.562370 0.590046 0.023177 0.091204
1 0.525000 0.599769 0.015625 0.080093
1 0.509375 0.608796 0.016667 0.067593
1 0.742839 0.601157 0.045573 0.040278
1 0.791797 0.591435 0.042969 0.032870
1 0.883464 0.605556 0.050260 0.044444
0 0.937370 0.599769 0.045052 0.060648
1 0.020573 0.425694 0.040625 0.051389
1 0.039974 0.422685 0.045573 0.059259
1 0.047396 0.456481 0.049479 0.057407
1 0.006250 0.257870 0.012500 0.070370
1 0.022266 0.259954 0.025260 0.085648
1 0.036719 0.280093 0.031771 0.092593
1 0.055990 0.266667 0.029687 0.082407
1 0.078646 0.256481 0.028125 0.078704
1 0.116797 0.257407 0.020052 0.081481
1 0.147917 0.262731 0.023958 0.079167
1 0.176823 0.264352 0.021354 0.075000
1 0.190495 0.256944 0.021615 0.080556
1 0.208073 0.340509 0.023438 0.086574
1 0.221094 0.261806 0.025000 0.087500
0 0.238542 0.265741 0.021875 0.078704
1 0.249740 0.347685 0.024479 0.065741
1 0.267448 0.328472 0.021875 0.068056
0 0.279818 0.332407 0.016927 0.075000
1 0.295443 0.333565 0.023698 0.088426
1 0.310026 0.334491 0.020052 0.087500
1 0.326172 0.319444 0.020573 0.072222
0 0.337500 0.314583 0.017188 0.071759
0 0.349740 0.314120 0.014583 0.069907
0 0.359115 0.314120 0.012500 0.069907
0 0.370573 0.316667 0.016146 0.069444
0 0.380990 0.314120 0.013542 0.068056
0 0.391146 0.311806 0.013542 0.073611
0 0.399870 0.333796 0.015365 0.066667
1 0.413151 0.318519 0.018490 0.066667
1 0.423047 0.320370 0.017448 0.072222
1 0.438672 0.316435 0.019531 0.083796
1 0.455469 0.327546 0.018229 0.079167
1 0.471094 0.326620 0.018750 0.082870
1 0.492969 0.320370 0.021875 0.086111
1 0.510547 0.325694 0.019531 0.068056
1 0.522396 0.373380 0.018750 0.087500
1 0.543750 0.306019 0.018750 0.066667
0 0.578646 0.312731 0.016667 0.088426
1 0.290365 0.185880 0.022917 0.082870
1 0.305599 0.209259 0.023698 0.068519
1 0.340625 0.211343 0.029167 0.083796
1 0.354167 0.230556 0.021875 0.069444
1 0.368620 0.219907 0.019531 0.066667
1 0.381641 0.223611 0.032031 0.089815
1 0.407292 0.221991 0.027604 0.071759
1 0.424219 0.219907 0.021354 0.069444
0 0.438021 0.226389 0.019271 0.074074
1 0.454688 0.211806 0.025521 0.085648
0 0.472396 0.214815 0.027083 0.075926
1 0.492969 0.219907 0.025521 0.080556
1 0.513021 0.211111 0.024479 0.062963
1 0.524740 0.221991 0.031250 0.087500
1 0.543620 0.230093 0.035677 0.068519
1 0.300391 0.095833 0.023698 0.080556
1 0.330990 0.074537 0.020313 0.074074
1 0.346745 0.074769 0.020573 0.080093
1 0.365365 0.072454 0.022396 0.074537
1 0.379948 0.076157 0.025521 0.078241
0 0.405339 0.078704 0.019010 0.084259
1 0.428646 0.081481 0.021354 0.076852
1 0.444141 0.083565 0.023177 0.085648
1 0.467969 0.075694 0.027083 0.080093
1 0.485417 0.079630 0.021875 0.081481
1 0.519141 0.076157 0.038802 0.071759
1 0.546094 0.070833 0.034375 0.075000
1 0.328516 0.009259 0.013802 0.018519
0 0.346094 0.011111 0.017188 0.022222
1 0.358594 0.012037 0.013021 0.024074
0 0.374870 0.009954 0.016406 0.018981
1 0.387370 0.005787 0.008594 0.011574
1 0.396224 0.011574 0.010156 0.023148
1 0.408073 0.007870 0.013021 0.015741
1 0.432292 0.009954 0.011979 0.018981
1 0.448568 0.014583 0.012760 0.029167
1 0.467318 0.011111 0.011198 0.022222
1 0.483464 0.014120 0.013802 0.028241
1 0.496745 0.014120 0.017969 0.028241
1 0.515495 0.014120 0.013802 0.028241
1 0.581771 0.168981 0.021875 0.085185
1 0.565365 0.034259 0.020313 0.068519
0 0.594141 0.038194 0.024740 0.076389
1 0.753516 0.031481 0.049219 0.036111
1 0.800391 0.029630 0.044531 0.038889
1 0.862370 0.026620 0.048177 0.032870
1 0.925391 0.026157 0.055469 0.038426
1 0.098568 0.275231 0.015365 0.039352
