0 0.982943 0.086806 0.033073 0.024537
1 0.976172 0.133796 0.046615 0.065741
1 0.937370 0.210648 0.027344 0.076852
1 0.923047 0.144444 0.030469 0.068519
1 0.920443 0.205556 0.026823 0.068519
1 0.900000 0.207639 0.026562 0.077315
1 0.891667 0.028704 0.049479 0.044444
1 0.903516 0.125694 0.022135 0.067130
1 0.886719 0.125231 0.018229 0.071759
0 0.872396 0.129630 0.028125 0.069444
1 0.850391 0.120833 0.022656 0.079630
1 0.833724 0.114815 0.022656 0.071296
0 0.816016 0.121528 0.015885 0.065278
1 0.802214 0.112731 0.023177 0.083796
1 0.779948 0.109259 0.025000 0.085185
1 0.759375 0.097222 0.025000 0.086111
1 0.741797 0.090046 0.026302 0.096759
1 0.722917 0.091667 0.022917 0.080556
1 0.708594 0.089583 0.016146 0.068056
0 0.692969 0.092593 0.018229 0.079630
1 0.678516 0.078009 0.020052 0.095833
0 0.881120 0.216667 0.021094 0.070370
1 0.861068 0.214583 0.023177 0.081019
1 0.844271 0.195833 0.036458 0.075926
0 0.819792 0.199769 0.021354 0.070833
0 0.769401 0.196528 0.026302 0.071759
0 0.744141 0.148843 0.044010 0.047685
1 0.753125 0.201157 0.026042 0.074537
1 0.738672 0.201620 0.025260 0.068056
1 0.719401 0.203241 0.024740 0.082407
1 0.704948 0.184028 0.025521 0.079167
0 0.686589 0.189352 0.021094 0.077778
1 0.781120 0.008565 0.045052 0.016204
1 0.723698 0.005093 0.024479 0.009259
1 0.668099 0.195833 0.022135 0.076852
1 0.641146 0.209259 0.026042 0.070370
1 0.626042 0.206019 0.027604 0.072222
1 0.607292 0.188657 0.025521 0.081944
1 0.584766 0.096528 0.019010 0.088426
1 0.583594 0.195370 0.019792 0.069444
1 0.555469 0.100231 0.018750 0.077315
1 0.566667 0.201620 0.020313 0.079167
1 0.550521 0.202546 0.024479 0.075463
1 0.529427 0.194907 0.021875 0.079630
1 0.525000 0.006944 0.012500 0.013889
1 0.518099 0.111343 0.015365 0.069907
1 0.511068 0.194444 0.017969 0.078704
1 0.490365 0.192361 0.021875 0.074537
1 0.473047 0.198148 0.022656 0.075926
1 0.500521 0.101157 0.020313 0.093056
1 0.483594 0.092593 0.020833 0.093519
1 0.466016 0.087269 0.017448 0.087500
1 0.455469 0.105093 0.015625 0.094444
0 0.444922 0.087269 0.014323 0.056019
0 0.452474 0.193056 0.021615 0.076852
0 0.421224 0.231944 0.025260 0.072222
1 0.401172 0.072454 0.017969 0.081944
1 0.374219 0.153241 0.031250 0.069444
1 0.364323 0.248843 0.022396 0.083796
1 0.443490 0.305556 0.044271 0.038889
1 0.018750 0.240046 0.035417 0.098611
1 0.114193 0.309491 0.053906 0.033796
1 0.172266 0.318056 0.054427 0.036111
1 0.219271 0.312269 0.040104 0.029167
1 0.266667 0.306944 0.047917 0.041667
1 0.947917 0.378704 0.034375 0.078704
1 0.936068 0.396991 0.026302 0.071759
1 0.919141 0.393519 0.027344 0.092593
1 0.894271 0.374769 0.033854 0.075463
1 0.883724 0.409491 0.027344 0.082870
1 0.859896 0.394444 0.024479 0.091667
1 0.834375 0.373380 0.025521 0.081944
1 0.817969 0.380556 0.019271 0.085185
1 0.802995 0.375231 0.020052 0.089352
1 0.778646 0.377778 0.021875 0.066667
1 0.916667 0.485880 0.031250 0.082870
1 0.892969 0.501620 0.027604 0.083796
1 0.867188 0.493056 0.029687 0.072222
1 0.839714 0.472222 0.027344 0.084259
1 0.853646 0.552546 0.059375 0.031944
1 0.792318 0.462269 0.023177 0.086574
1 0.771615 0.467130 0.020833 0.084259
1 0.757292 0.372917 0.021875 0.083796
1 0.742969 0.372917 0.021875 0.081019
1 0.727995 0.373380 0.023698 0.078241
1 0.705990 0.381481 0.020833 0.079630
1 0.690625 0.365278 0.019792 0.088889
1 0.680339 0.375694 0.021094 0.080093
1 0.747917 0.463657 0.020833 0.068981
1 0.727995 0.475694 0.023698 0.082870
1 0.709766 0.470833 0.020573 0.074074
1 0.694141 0.470833 0.020052 0.085185
1 0.677344 0.470370 0.019792 0.081481
1 0.659766 0.473380 0.020573 0.082870
0 0.661198 0.372685 0.018229 0.071296
1 0.645443 0.376852 0.019010 0.065741
1 0.625521 0.372454 0.019271 0.063426
1 0.591276 0.371065 0.016927 0.065278
1 0.575521 0.367593 0.017708 0.087963
1 0.559766 0.374306 0.016927 0.078241
1 0.642318 0.473843 0.023177 0.078241
1 0.628516 0.458796 0.024219 0.083333
1 0.597396 0.467593 0.027604 0.080556
1 0.576693 0.457407 0.026302 0.084259
1 0.556120 0.466667 0.021094 0.082407
1 0.536849 0.465509 0.023698 0.072685
0 0.526823 0.372917 0.015625 0.073611
1 0.505339 0.406481 0.017448 0.062963
1 0.521224 0.465278 0.023698 0.062037
0 0.502214 0.468981 0.017448 0.078704
1 0.479818 0.487731 0.032552 0.084722
1 0.447917 0.495602 0.031771 0.074537
1 0.437370 0.409954 0.023177 0.091204
1 0.474740 0.400231 0.015625 0.080093
1 0.490365 0.391204 0.016667 0.067593
1 0.256901 0.398843 0.045573 0.040278
1 0.207943 0.408565 0.042969 0.032870
1 0.116276 0.394444 0.050260 0.044444
0 0.062370 0.400231 0.045052 0.060648
1 0.979167 0.574306 0.040625 0.051389
1 0.959766 0.577315 0.045573 0.059259
1 0.952344 0.543519 0.049479 0.057407
1 0.993490 0.742130 0.012500 0.070370
1 0.977474 0.740046 0.025260 0.085648
1 0.963021 0.719907 0.031771 0.092593
1 0.943750 0.733333 0.029687 0.082407
1 0.921094 0.743519 0.028125 0.078704
1 0.882943 0.742593 0.020052 0.081481
1 0.851823 0.737269 0.023958 0.079167
1 0.822917 0.735648 0.021354 0.075000
1 0.809245 0.743056 0.021615 0.080556
1 0.791667 0.659491 0.023438 0.086574
1 0.778646 0.738194 0.025000 0.087500
0 0.761198 0.734259 0.021875 0.078704
1 0.750000 0.652315 0.024479 0.065741
1 0.732292 0.671528 0.021875 0.068056
0 0.719922 0.667593 0.016927 0.075000
1 0.704297 0.666435 0.023698 0.088426
1 0.689714 0.665509 0.020052 0.087500
1 0.673568 0.680556 0.020573 0.072222
0 0.662240 0.685417 0.017188 0.071759
0 0.650000 0.685880 0.014583 0.069907
0 0.640625 0.685880 0.012500 0.069907
0 0.629167 0.683333 0.016146 0.069444
0 0.618750 0.685880 0.013542 0.068056
0 0.608594 0.688194 0.013542 0.073611
0 0.599870 0.666204 0.015365 0.066667
1 0.586589 0.681481 0.018490 0.066667
1 0.576693 0.679630 0.017448 0.072222
1 0.561068 0.683565 0.019531 0.083796
1 0.544271 0.672454 0.018229 0.079167
1 0.528646 0.673380 0.018750 0.082870
1 0.506771 0.679630 0.021875 0.086111
1 0.489193 0.674306 0.019531 0.068056
1 0.477344 0.626620 0.018750 0.087500
1 0.455990 0.693981 0.018750 0.066667
0 0.421094 0.687269 0.016667 0.088426
1 0.709375 0.814120 0.022917 0.082870
1 0.694141 0.790741 0.023698 0.068519
1 0.659115 0.788657 0.029167 0.083796
1 0.645573 0.769444 0.021875 0.069444
1 0.631120 0.780093 0.019531 0.066667
1 0.618099 0.776389 0.032031 0.089815
1 0.592448 0.778009 0.027604 0.071759
1 0.575521 0.780093 0.021354 0.069444
0 0.561719 0.773611 0.019271 0.074074
1 0.545052 0.788194 0.025521 0.085648
0 0.527344 0.785185 0.027083 0.075926
1 0.506771 0.780093 0.025521 0.080556
1 0.486719 0.788889 0.024479 0.062963
1 0.475000 0.778009 0.031250 0.087500
1 0.456120 0.769907 0.035677 0.068519
1 0.699349 0.904167 0.023698 0.080556
1 0.668750 0.925463 0.020313 0.074074
1 0.652995 0.925231 0.020573 0.080093
1 0.634375 0.927546 0.022396 0.074537
1 0.619792 0.923843 0.025521 0.078241
0 0.594401 0.921296 0.019010 0.084259
1 0.571094 0.918519 0.021354 0.076852
1 0.555599 0.916435 0.023177 0.085648
1 0.531771 0.924306 0.027083 0.080093
1 0.514323 0.920370 0.021875 0.081481
1 0.480599 0.923843 0.038802 0.071759
1 0.453646 0.929167 0.034375 0.075000
1 0.671224 0.990741 0.013802 0.018519
0 0.653646 0.988889 0.017188 0.022222
1 0.641146 0.987963 0.013021 0.024074
0 0.624870 0.990046 0.016406 0.018981
1 0.612370 0.994213 0.008594 0.011574
1 0.603516 0.988426 0.010156 0.023148
1 0.591667 0.992130 0.013021 0.015741
1 0.567448 0.990046 0.011979 0.018981
1 0.551172 0.985417 0.012760 0.029167
1 0.532422 0.988889 0.011198 0.022222
1 0.516276 0.985880 0.013802 0.028241
1 0.502995 0.985880 0.017969 0.028241
1 0.484245 0.985880 0.013802 0.028241
1 0.417969 0.831019 0.021875 0.085185
1 0.434375 0.965741 0.020313 0.068519
0 0.405599 0.961806 0.024740 0.076389
1 0.246224 0.968519 0.049219 0.036111
1 0.199349 0.970370 0.044531 0.038889
1 0.137370 0.973380 0.048177 0.032870
1 0.074349 0.973843 0.055469 0.038426
1 0.901172 0.724769 0.015365 0.039352
