0 0.023417 0.085113 0.032982 0.024812
1 0.029848 0.131275 0.046504 0.065205
1 0.067777 0.207444 0.027375 0.075591
1 0.082454 0.142816 0.030343 0.067513
1 0.084433 0.202827 0.027045 0.067513
1 0.104716 0.205136 0.026715 0.075591
1 0.114446 0.030583 0.049472 0.043855
1 0.101913 0.124928 0.022427 0.066359
1 0.118734 0.124928 0.018470 0.070975
0 0.132751 0.129544 0.028034 0.068667
1 0.154683 0.121466 0.023087 0.077900
1 0.171339 0.115984 0.022757 0.070398
0 0.188819 0.122908 0.016161 0.064628
1 0.202672 0.114541 0.023417 0.082516
1 0.224604 0.111656 0.025066 0.083670
1 0.245218 0.100404 0.025396 0.084247
1 0.262863 0.093768 0.026385 0.095211
1 0.281332 0.095788 0.023087 0.079631
1 0.295679 0.094057 0.016161 0.066936
0 0.311181 0.097519 0.018140 0.078477
1 0.325693 0.083381 0.020119 0.094057
0 0.123516 0.214368 0.021438 0.069821
1 0.143305 0.212926 0.023417 0.079631
1 0.160125 0.194749 0.036609 0.074437
0 0.184532 0.199365 0.021438 0.069821
0 0.234499 0.197346 0.026385 0.070398
0 0.259894 0.151183 0.044195 0.047317
1 0.250660 0.202250 0.026385 0.073283
1 0.265007 0.203116 0.025396 0.066936
1 0.284136 0.204847 0.024736 0.080785
1 0.298483 0.186671 0.025726 0.077900
0 0.316788 0.192152 0.021438 0.076168
1 0.224274 0.013272 0.044855 0.016157
1 0.281332 0.011252 0.024406 0.009810
1 0.335092 0.198788 0.022427 0.075591
1 0.361807 0.212637 0.026385 0.069821
1 0.376649 0.209752 0.027704 0.070975
1 0.395449 0.193306 0.025726 0.080785
1 0.418536 0.103578 0.019129 0.087132
1 0.419030 0.200519 0.020119 0.068667
1 0.447559 0.107905 0.019129 0.076168
1 0.435686 0.206867 0.020449 0.077900
1 0.451682 0.208021 0.024736 0.074437
1 0.472790 0.201096 0.022098 0.077900
1 0.478562 0.017600 0.012533 0.014426
1 0.484664 0.119735 0.015501 0.068667
1 0.490930 0.201096 0.018140 0.077900
1 0.511544 0.199365 0.021768 0.073283
1 0.528694 0.205713 0.023087 0.074437
1 0.502144 0.110214 0.020778 0.091171
1 0.518964 0.102424 0.020778 0.091748
1 0.536445 0.097230 0.017480 0.085978
1 0.546834 0.115118 0.015831 0.092902
0 0.557388 0.098096 0.014512 0.055395
0 0.549142 0.201096 0.021768 0.075591
0 0.579980 0.239758 0.025396 0.070975
1 0.601088 0.084247 0.018140 0.080785
1 0.627144 0.163878 0.031332 0.068090
1 0.636214 0.257646 0.022427 0.082516
1 0.557223 0.311310 0.044525 0.038661
1 0.979387 0.256780 0.035290 0.096942
1 0.884070 0.322562 0.053760 0.033468
1 0.826352 0.329486 0.054420 0.035776
1 0.779683 0.322851 0.040237 0.029429
1 0.732685 0.316503 0.047823 0.040969
1 0.056069 0.371033 0.034301 0.077323
1 0.067612 0.389209 0.026385 0.070975
1 0.084433 0.386324 0.027704 0.090594
1 0.109334 0.368436 0.033971 0.074437
1 0.119558 0.402481 0.027375 0.081362
1 0.143305 0.388344 0.024736 0.090017
1 0.168865 0.368725 0.025726 0.080785
1 0.184861 0.375938 0.019459 0.083670
1 0.199868 0.371033 0.020449 0.087709
1 0.224109 0.373918 0.022098 0.065782
1 0.086247 0.476630 0.031332 0.081939
1 0.109499 0.492499 0.027704 0.082516
1 0.135224 0.484709 0.029683 0.071552
1 0.162764 0.465089 0.027375 0.083093
1 0.148417 0.543278 0.059367 0.031737
1 0.209927 0.456434 0.023417 0.085401
1 0.230376 0.461627 0.020778 0.083093
1 0.245218 0.369590 0.022098 0.082516
1 0.259400 0.370167 0.022098 0.080208
1 0.274406 0.371033 0.023747 0.077323
1 0.296174 0.379400 0.021108 0.077900
1 0.311511 0.363820 0.020119 0.087132
1 0.321570 0.374207 0.021108 0.079054
1 0.253958 0.458742 0.021108 0.068090
1 0.273582 0.470860 0.024077 0.081939
1 0.291722 0.466532 0.020778 0.073283
1 0.307223 0.467109 0.020119 0.083670
1 0.323879 0.467109 0.019789 0.080208
1 0.341194 0.470283 0.020778 0.081939
0 0.340699 0.371610 0.018470 0.070398
1 0.356201 0.376226 0.019129 0.064628
1 0.376154 0.372475 0.019459 0.062897
1 0.409960 0.371898 0.017150 0.064051
1 0.425792 0.368725 0.017810 0.086555
1 0.441293 0.375649 0.017150 0.077323
1 0.358674 0.471148 0.023417 0.076746
1 0.372361 0.456434 0.024406 0.081939
1 0.403364 0.465955 0.027704 0.079054
1 0.423813 0.456434 0.026385 0.083093
1 0.444261 0.465955 0.021108 0.081362
1 0.463391 0.465089 0.023747 0.071552
0 0.473945 0.375072 0.015831 0.072706
1 0.495053 0.408540 0.017810 0.062320
1 0.478892 0.465666 0.023747 0.061166
0 0.497691 0.469706 0.017810 0.077323
1 0.519954 0.488171 0.032652 0.083093
1 0.551451 0.496538 0.031662 0.073283
1 0.562500 0.413445 0.023417 0.089440
1 0.525396 0.403058 0.015831 0.079054
1 0.510059 0.393826 0.016821 0.066359
1 0.741755 0.406520 0.045515 0.039815
1 0.790237 0.417196 0.042876 0.032314
1 0.881431 0.405655 0.050462 0.043855
0 0.934861 0.412579 0.045185 0.060012
1 0.023582 0.561454 0.040567 0.050779
1 0.042876 0.564916 0.045515 0.058857
1 0.050462 0.532025 0.049472 0.056549
1 0.008080 0.725332 0.012863 0.069244
1 0.023912 0.723601 0.025396 0.084247
1 0.038423 0.703982 0.031992 0.091171
1 0.057553 0.717542 0.030013 0.081362
1 0.079980 0.728217 0.028034 0.077323
1 0.117909 0.727928 0.020119 0.080208
1 0.148747 0.723889 0.024406 0.077900
1 0.177441 0.722447 0.021768 0.073860
1 0.190963 0.730237 0.021768 0.079054
1 0.209103 0.649163 0.023747 0.085401
1 0.221306 0.726197 0.025066 0.085978
0 0.238621 0.722735 0.022098 0.077900
1 0.250495 0.642816 0.024736 0.064628
1 0.267975 0.662147 0.022098 0.067513
0 0.280343 0.658396 0.017150 0.073860
1 0.295679 0.657819 0.024077 0.086555
1 0.310191 0.657242 0.020119 0.086555
1 0.326022 0.672245 0.020778 0.071552
0 0.337236 0.677149 0.017480 0.070975
0 0.349439 0.678015 0.014842 0.069244
0 0.358839 0.678304 0.012533 0.068667
0 0.370218 0.675995 0.016161 0.068667
0 0.380607 0.678592 0.013852 0.066936
0 0.390501 0.681189 0.013852 0.072129
0 0.399406 0.660127 0.015831 0.065782
1 0.412434 0.675130 0.018799 0.065782
1 0.422328 0.673687 0.017480 0.070975
1 0.437665 0.677726 0.019789 0.082516
1 0.454485 0.667340 0.018470 0.077900
1 0.469987 0.668494 0.019129 0.081362
1 0.491590 0.675130 0.022098 0.084247
1 0.509235 0.670514 0.019789 0.066936
1 0.521273 0.624062 0.018799 0.085978
1 0.542051 0.690133 0.018799 0.065782
0 0.576682 0.684651 0.016821 0.087132
1 0.289578 0.801789 0.023087 0.081362
1 0.304914 0.779284 0.024077 0.067513
1 0.339545 0.778130 0.029354 0.082516
1 0.353232 0.759665 0.021768 0.068667
1 0.367414 0.770340 0.019789 0.065782
1 0.380442 0.767167 0.031992 0.088286
1 0.406003 0.769186 0.027704 0.070398
1 0.422658 0.771783 0.021438 0.068667
0 0.436511 0.765724 0.019459 0.072706
1 0.452836 0.780150 0.025726 0.084247
0 0.470482 0.777842 0.027375 0.075014
1 0.490930 0.773226 0.025396 0.079631
1 0.510719 0.782458 0.024736 0.062320
1 0.522592 0.771783 0.031332 0.085978
1 0.541227 0.764282 0.035620 0.067513
1 0.298813 0.890075 0.023747 0.079054
1 0.329156 0.911714 0.020449 0.072706
1 0.344822 0.911714 0.020778 0.078477
1 0.363127 0.914310 0.022427 0.073283
1 0.377639 0.911137 0.025726 0.077323
0 0.403034 0.909406 0.019129 0.083093
1 0.426121 0.907098 0.021768 0.076168
1 0.441458 0.905366 0.023417 0.084247
1 0.465040 0.913733 0.027045 0.079054
1 0.482355 0.910271 0.022098 0.080208
1 0.515831 0.914310 0.038918 0.070975
1 0.542546 0.920369 0.034301 0.073860
1 0.326187 0.975188 0.013852 0.018465
0 0.343668 0.974033 0.017150 0.021927
1 0.356036 0.973456 0.013522 0.024235
0 0.372197 0.975765 0.016821 0.019619
1 0.384565 0.980092 0.008575 0.012118
1 0.393470 0.974611 0.010554 0.023081
1 0.405013 0.978650 0.013193 0.016157
1 0.429255 0.977207 0.012203 0.019042
1 0.445416 0.972879 0.012863 0.028852
1 0.463885 0.976630 0.011544 0.022504
1 0.480046 0.974322 0.014182 0.028275
1 0.493239 0.974322 0.018140 0.028275
1 0.511873 0.974899 0.013852 0.028275
1 0.578661 0.825159 0.022098 0.084247
1 0.561346 0.956434 0.020449 0.067513
0 0.590040 0.953260 0.025066 0.075014
1 0.748186 0.963358 0.049142 0.036353
1 0.794690 0.966244 0.044525 0.038661
1 0.856201 0.970571 0.048153 0.032314
1 0.918865 0.972302 0.055409 0.038084
1 0.099769 0.710329 0.015501 0.039238
