0 0.980654 0.183690 0.032021 0.022515
1 0.972315 0.224876 0.045364 0.058759
1 0.932288 0.289401 0.026684 0.069193
1 0.920781 0.228446 0.029686 0.061505
1 0.916111 0.282812 0.026351 0.061505
1 0.896264 0.282537 0.026017 0.069742
1 0.894930 0.122186 0.048032 0.040088
1 0.902769 0.209775 0.021681 0.060406
1 0.886591 0.207578 0.018012 0.064800
0 0.872582 0.209775 0.027352 0.062603
1 0.851734 0.199890 0.022348 0.071389
1 0.835891 0.192477 0.022015 0.064250
0 0.818712 0.196870 0.015677 0.058759
1 0.805537 0.187260 0.022682 0.075783
1 0.784356 0.181768 0.024350 0.076881
1 0.765010 0.168863 0.024350 0.077430
1 0.748332 0.160351 0.025684 0.086766
1 0.729987 0.159802 0.022348 0.072488
1 0.716311 0.156507 0.015677 0.061505
0 0.701134 0.157606 0.018012 0.071389
1 0.687959 0.143053 0.019680 0.086216
0 0.877919 0.288578 0.020680 0.063152
1 0.858572 0.284459 0.022682 0.072488
1 0.843062 0.265788 0.035690 0.068094
0 0.819380 0.266886 0.021014 0.063701
0 0.771014 0.258375 0.025684 0.064250
0 0.748499 0.213070 0.042695 0.042834
1 0.755170 0.260846 0.025350 0.066996
1 0.741161 0.259747 0.024683 0.061505
1 0.722482 0.258924 0.024016 0.074135
1 0.709306 0.240253 0.025017 0.070840
0 0.691461 0.242998 0.020680 0.069742
1 0.789026 0.091982 0.043696 0.014827
1 0.733989 0.082921 0.023682 0.008786
1 0.673449 0.246842 0.021348 0.068644
1 0.647098 0.255903 0.025350 0.063701
1 0.632588 0.251510 0.027018 0.064800
1 0.615243 0.233937 0.025017 0.073586
1 0.596731 0.149368 0.018679 0.079077
1 0.592061 0.237232 0.019346 0.062603
1 0.568546 0.149368 0.018346 0.069193
1 0.575550 0.241076 0.019680 0.071389
1 0.560040 0.240253 0.024016 0.067545
1 0.540027 0.231192 0.021348 0.071389
1 0.542528 0.062878 0.012342 0.012630
1 0.532188 0.155409 0.015010 0.062603
1 0.522181 0.228720 0.017678 0.070840
1 0.502335 0.224602 0.021348 0.066996
1 0.485490 0.227897 0.022348 0.068094
1 0.515677 0.144426 0.020013 0.083471
1 0.499500 0.134816 0.020347 0.084020
1 0.482822 0.128226 0.017011 0.078528
1 0.471981 0.143053 0.015344 0.085118
0 0.462642 0.125755 0.014009 0.050522
0 0.465977 0.221307 0.021348 0.069193
0 0.434290 0.252334 0.024683 0.065349
1 0.421114 0.108182 0.017678 0.073586
1 0.392095 0.177100 0.030354 0.062054
1 0.378919 0.261120 0.022015 0.075233
1 0.453135 0.320428 0.043029 0.035695
1 0.046531 0.216090 0.034356 0.088413
1 0.135924 0.288303 0.052368 0.030752
1 0.191461 0.302306 0.052702 0.032400
1 0.236991 0.302032 0.039026 0.026359
1 0.282688 0.302581 0.046364 0.037342
1 0.936124 0.440143 0.033689 0.070840
1 0.924116 0.455244 0.025684 0.064800
1 0.907939 0.450302 0.026684 0.083471
1 0.884590 0.430807 0.032688 0.067545
1 0.873249 0.460736 0.026684 0.074684
1 0.850734 0.444811 0.023682 0.082372
1 0.827051 0.423394 0.025017 0.073586
1 0.810874 0.427787 0.018679 0.076881
1 0.796698 0.421197 0.019680 0.080176
1 0.773182 0.420923 0.021348 0.059857
1 0.902101 0.532400 0.030354 0.074135
1 0.878753 0.543932 0.027018 0.075233
1 0.854069 0.533498 0.029019 0.065349
1 0.828552 0.511807 0.026684 0.075783
1 0.838893 0.585118 0.057372 0.029105
1 0.783189 0.497803 0.022682 0.077430
1 0.763009 0.500000 0.020347 0.075233
1 0.752835 0.414333 0.021348 0.075233
1 0.738993 0.412960 0.021681 0.072488
1 0.724483 0.411862 0.023349 0.070291
1 0.702969 0.416529 0.020347 0.071938
1 0.688793 0.400329 0.019346 0.080176
1 0.678452 0.408841 0.020680 0.071938
1 0.740327 0.494509 0.020347 0.062054
1 0.720814 0.503020 0.023349 0.074684
1 0.703469 0.496705 0.020013 0.066447
1 0.688292 0.495058 0.019680 0.076332
1 0.672115 0.492861 0.019346 0.073037
1 0.655103 0.493410 0.020013 0.074135
0 0.660274 0.403899 0.017678 0.064250
1 0.644930 0.405821 0.018346 0.059308
1 0.625917 0.399780 0.019013 0.057111
1 0.593062 0.394563 0.016678 0.058759
1 0.578052 0.389896 0.017345 0.079077
1 0.562542 0.394289 0.016344 0.070291
1 0.638426 0.492037 0.022682 0.070291
1 0.625584 0.477210 0.023682 0.074684
1 0.595230 0.481604 0.027018 0.072488
1 0.575884 0.470071 0.025684 0.075783
1 0.555704 0.476387 0.020680 0.074135
1 0.537191 0.473092 0.023015 0.065349
0 0.530854 0.389621 0.015677 0.066447
1 0.508839 0.417079 0.017011 0.056562
1 0.522015 0.471170 0.023349 0.056013
0 0.503669 0.472543 0.017345 0.070840
1 0.481488 0.486820 0.031688 0.076332
1 0.450467 0.490390 0.031021 0.066996
1 0.443296 0.412685 0.022682 0.081823
1 0.479653 0.408292 0.015344 0.071938
1 0.495163 0.401702 0.016344 0.060956
1 0.270013 0.383306 0.044363 0.036244
1 0.222648 0.386875 0.041694 0.030203
1 0.134757 0.364360 0.048699 0.040088
0 0.082555 0.363537 0.043696 0.054915
1 0.958973 0.618067 0.039360 0.046678
1 0.940127 0.618616 0.044363 0.053267
1 0.934290 0.587589 0.048032 0.051620
1 0.966478 0.769083 0.012342 0.063152
1 0.951301 0.765513 0.024683 0.076881
1 0.938125 0.746019 0.031021 0.082921
1 0.919113 0.755903 0.029019 0.074135
1 0.896931 0.762493 0.027352 0.070840
1 0.860073 0.757551 0.019680 0.073037
1 0.830220 0.749588 0.023349 0.071389
1 0.802535 0.744920 0.020680 0.067545
1 0.789193 0.750137 0.021348 0.072488
1 0.775350 0.673806 0.023015 0.077979
1 0.759840 0.742449 0.024683 0.079077
0 0.743162 0.737232 0.021348 0.070840
1 0.735490 0.662823 0.024016 0.059308
1 0.717812 0.677924 0.021348 0.060956
0 0.705804 0.672982 0.016678 0.067545
1 0.690961 0.670511 0.023015 0.079077
1 0.676951 0.668040 0.019680 0.078528
1 0.660774 0.679846 0.020013 0.064800
0 0.649767 0.682867 0.016678 0.064250
0 0.637925 0.681768 0.014343 0.063152
0 0.628919 0.680945 0.012342 0.062603
0 0.617912 0.677375 0.015677 0.062054
0 0.607738 0.678473 0.013342 0.060956
0 0.598065 0.679572 0.013342 0.066447
0 0.590394 0.658979 0.015344 0.060406
1 0.577051 0.671060 0.018012 0.060406
1 0.567545 0.668314 0.017011 0.064800
1 0.552368 0.670236 0.019346 0.075233
1 0.536691 0.658429 0.018012 0.071389
1 0.521514 0.657606 0.018346 0.074135
1 0.500334 0.660901 0.021348 0.077430
1 0.483489 0.654311 0.019013 0.060956
1 0.473816 0.610379 0.018346 0.078528
1 0.450801 0.668040 0.018346 0.059857
0 0.417445 0.658429 0.016344 0.079077
1 0.690294 0.802581 0.022348 0.074135
1 0.676618 0.780340 0.023015 0.061505
1 0.642929 0.774574 0.028352 0.075233
1 0.630420 0.755903 0.021348 0.062054
1 0.616244 0.763866 0.019013 0.060406
1 0.603903 0.759198 0.031021 0.080725
1 0.579053 0.757825 0.026684 0.064800
1 0.562708 0.757825 0.020680 0.062603
0 0.549700 0.750412 0.018679 0.066447
1 0.533022 0.761669 0.024683 0.076881
0 0.516177 0.757276 0.026351 0.068094
1 0.496498 0.750412 0.025017 0.071938
1 0.476985 0.755903 0.024016 0.056562
1 0.465977 0.744920 0.030687 0.078528
1 0.447965 0.735859 0.034690 0.061505
1 0.677285 0.881933 0.023015 0.072488
1 0.647098 0.897584 0.020013 0.066447
1 0.631921 0.895662 0.020347 0.072488
1 0.613909 0.895662 0.021681 0.066996
1 0.600067 0.890719 0.024683 0.070291
0 0.575717 0.885777 0.018679 0.075783
1 0.553369 0.880835 0.020680 0.069193
1 0.538359 0.877265 0.022682 0.077430
1 0.515177 0.881658 0.026351 0.071938
1 0.498666 0.876167 0.021348 0.073037
1 0.466144 0.875892 0.037692 0.064800
1 0.439960 0.877814 0.033356 0.067545
1 0.647098 0.955794 0.013342 0.017024
0 0.630254 0.952499 0.017011 0.020319
1 0.618245 0.950302 0.013009 0.022515
0 0.602402 0.950577 0.016011 0.017573
1 0.590394 0.952773 0.008672 0.010983
1 0.582055 0.946733 0.010007 0.020868
1 0.570380 0.948655 0.012675 0.014827
1 0.547198 0.943987 0.011674 0.017573
1 0.531688 0.938221 0.012675 0.026908
1 0.513509 0.939319 0.011007 0.020319
1 0.498165 0.934926 0.013676 0.025810
1 0.485157 0.933553 0.017678 0.025261
1 0.467145 0.931631 0.013676 0.025810
1 0.409106 0.786107 0.021681 0.076332
1 0.419947 0.908292 0.020013 0.061505
0 0.392428 0.901428 0.024350 0.068644
1 0.238659 0.890170 0.047698 0.032949
1 0.193462 0.886875 0.043362 0.035146
1 0.133756 0.882757 0.046698 0.030203
1 0.072882 0.876442 0.053702 0.035146
1 0.878419 0.743822 0.015010 0.035695
