0 0.982678 0.108091 0.033201 0.022756
1 0.974738 0.153919 0.047636 0.063843
1 0.892458 0.049621 0.050523 0.043616
1 0.921148 0.161820 0.032118 0.063211
1 0.935944 0.228192 0.029231 0.074589
1 0.919163 0.222187 0.029592 0.068900
1 0.899314 0.222503 0.027427 0.079646
0 0.880729 0.231985 0.024179 0.072061
1 0.860159 0.231353 0.024901 0.082174
1 0.843739 0.213654 0.040419 0.077118
0 0.818658 0.214918 0.022014 0.068268
0 0.769578 0.210809 0.026344 0.068900
0 0.743414 0.162137 0.042584 0.048673
1 0.903104 0.146018 0.021292 0.065740
1 0.886864 0.144437 0.017683 0.071429
0 0.871887 0.147914 0.027427 0.065740
1 0.851498 0.140329 0.024901 0.077118
1 0.834717 0.129899 0.023096 0.068900
0 0.816673 0.138748 0.015879 0.062579
1 0.781667 0.026549 0.046914 0.017699
1 0.801335 0.128951 0.022735 0.084703
1 0.780585 0.125790 0.023096 0.083439
1 0.760375 0.112516 0.022375 0.082174
1 0.742512 0.105879 0.022014 0.096713
1 0.723926 0.108091 0.024540 0.078382
1 0.710213 0.106195 0.018766 0.069532
0 0.693973 0.107775 0.018044 0.080278
1 0.680079 0.092604 0.019848 0.095449
1 0.725911 0.021808 0.024901 0.009482
1 0.753158 0.216182 0.025983 0.075853
1 0.738722 0.214918 0.024540 0.069532
1 0.719957 0.215866 0.026705 0.084071
1 0.704800 0.197219 0.025983 0.074589
0 0.687297 0.201327 0.023457 0.079014
1 0.669614 0.207332 0.024179 0.074589
1 0.641826 0.220607 0.027788 0.072061
1 0.627030 0.217130 0.028510 0.073957
1 0.528510 0.021492 0.011909 0.017699
1 0.587514 0.108407 0.019488 0.086599
1 0.558824 0.110936 0.022014 0.077750
1 0.520931 0.122630 0.016240 0.070796
1 0.503428 0.111884 0.017322 0.089760
1 0.488091 0.102402 0.021292 0.091024
1 0.469145 0.098293 0.015879 0.085335
1 0.459401 0.113464 0.011548 0.094185
0 0.448394 0.095765 0.013353 0.054994
0 0.455792 0.199431 0.019488 0.075221
0 0.422772 0.224083 0.021292 0.072693
1 0.608264 0.200379 0.026344 0.082174
1 0.585348 0.205120 0.019488 0.068900
1 0.567485 0.212705 0.019127 0.075221
1 0.551786 0.210809 0.023096 0.076485
1 0.531397 0.205120 0.021292 0.075221
1 0.512089 0.202592 0.019488 0.076485
1 0.492422 0.200063 0.019848 0.072693
1 0.475460 0.207016 0.019127 0.070164
1 0.402743 0.114412 0.018044 0.082174
1 0.366474 0.184576 0.029953 0.074589
1 0.439913 0.305942 0.042584 0.042984
1 0.371887 0.289507 0.020570 0.075853
1 0.269217 0.308154 0.048358 0.041087
1 0.223024 0.312579 0.040419 0.033502
1 0.176471 0.314791 0.054854 0.032870
1 0.117286 0.306890 0.054132 0.033502
1 0.021833 0.270860 0.031397 0.094185
1 0.944244 0.390961 0.033562 0.075221
1 0.932876 0.411820 0.027427 0.067636
1 0.914291 0.405499 0.023457 0.087863
1 0.894984 0.388432 0.037532 0.072693
1 0.881631 0.422882 0.025262 0.082174
1 0.858354 0.408660 0.023457 0.087863
1 0.832551 0.384008 0.025262 0.081542
1 0.818116 0.392541 0.022375 0.082174
1 0.802418 0.385904 0.021292 0.084071
1 0.777698 0.389064 0.021653 0.066372
1 0.756225 0.383375 0.022735 0.085335
1 0.743594 0.382743 0.024179 0.080278
1 0.726813 0.383692 0.025262 0.075853
1 0.704439 0.390329 0.020931 0.077750
1 0.690364 0.375158 0.020209 0.086599
1 0.679899 0.384640 0.021653 0.076485
0 0.659870 0.382427 0.017683 0.074589
1 0.975641 0.584387 0.040780 0.052465
1 0.954890 0.587547 0.044027 0.056258
1 0.949296 0.553413 0.048719 0.057522
1 0.914291 0.497788 0.031397 0.084071
1 0.889210 0.513906 0.029592 0.082174
1 0.864670 0.502845 0.029592 0.071429
1 0.837243 0.482617 0.028870 0.082807
1 0.789787 0.453540 0.021292 0.082807
1 0.769036 0.475348 0.021653 0.079646
1 0.746842 0.471555 0.020570 0.065740
1 0.851678 0.563211 0.057741 0.035398
1 0.726813 0.482933 0.026705 0.082174
1 0.708228 0.478824 0.020570 0.076485
1 0.693793 0.479456 0.022014 0.082807
1 0.674666 0.477244 0.020570 0.080910
1 0.657705 0.479456 0.019848 0.081542
1 0.644352 0.385272 0.019127 0.063843
1 0.624684 0.379583 0.019488 0.065107
1 0.591664 0.377054 0.019127 0.067636
1 0.575424 0.372630 0.019127 0.085335
1 0.560087 0.380215 0.017322 0.081542
0 0.526525 0.378319 0.015157 0.075221
1 0.506315 0.410872 0.017322 0.065740
1 0.489715 0.398230 0.016601 0.064475
1 0.474377 0.404867 0.016240 0.080278
1 0.438650 0.412453 0.021292 0.089128
1 0.640383 0.479772 0.021292 0.078382
1 0.624323 0.466498 0.019488 0.083439
1 0.596716 0.473135 0.027066 0.081542
1 0.575063 0.459861 0.024179 0.081542
1 0.555576 0.470607 0.018405 0.080278
1 0.536268 0.467762 0.023818 0.074589
1 0.521472 0.466498 0.022375 0.063211
0 0.500902 0.471239 0.018044 0.080278
1 0.480512 0.489570 0.031397 0.081542
1 0.447492 0.495575 0.031757 0.070796
1 0.258751 0.400442 0.044749 0.037295
1 0.210574 0.406764 0.045110 0.032238
1 0.119091 0.390645 0.049802 0.044248
0 0.049982 0.420038 0.042223 0.056258
1 0.988091 0.751580 0.012992 0.068268
1 0.973475 0.746207 0.024179 0.084071
1 0.955431 0.728192 0.027066 0.096081
1 0.936846 0.739570 0.028870 0.087231
1 0.917178 0.748420 0.023457 0.075853
1 0.877120 0.747155 0.020570 0.082174
1 0.846806 0.740518 0.022014 0.076485
1 0.819560 0.740518 0.020209 0.076485
1 0.806207 0.744627 0.023096 0.082174
1 0.787622 0.664665 0.024179 0.085335
1 0.773908 0.741783 0.024179 0.084071
0 0.756767 0.737990 0.021653 0.076485
1 0.747203 0.653919 0.024901 0.066372
1 0.729159 0.676043 0.020570 0.066372
0 0.716167 0.671302 0.016961 0.075853
1 0.701191 0.670038 0.023818 0.085967
1 0.687117 0.669090 0.020209 0.085335
1 0.670877 0.682680 0.019488 0.069532
0 0.659509 0.686473 0.017683 0.074589
0 0.646698 0.687421 0.013713 0.072693
0 0.638578 0.685841 0.012631 0.073325
0 0.625947 0.683944 0.013353 0.070796
0 0.616745 0.687105 0.013713 0.069532
0 0.606821 0.688685 0.014796 0.073957
0 0.597799 0.666877 0.016961 0.069532
1 0.584626 0.682048 0.019488 0.064475
1 0.573620 0.677307 0.014796 0.072693
1 0.559184 0.683312 0.017683 0.080910
1 0.542403 0.671934 0.019488 0.075853
1 0.526886 0.670670 0.018044 0.084703
1 0.505594 0.677939 0.021653 0.084071
1 0.486647 0.671618 0.020570 0.070164
1 0.705882 0.814475 0.023096 0.082807
1 0.690004 0.790771 0.020931 0.068268
1 0.654637 0.787611 0.028870 0.082174
1 0.641646 0.770544 0.020209 0.069532
1 0.628473 0.779077 0.019848 0.066372
1 0.615482 0.775917 0.031397 0.089128
1 0.589318 0.775601 0.027427 0.069532
1 0.573620 0.777813 0.021292 0.066372
0 0.560267 0.772440 0.019127 0.073325
0 0.524901 0.780657 0.025623 0.072061
1 0.542945 0.785714 0.026344 0.088496
1 0.503789 0.777181 0.022375 0.081542
1 0.485565 0.784766 0.022014 0.061315
1 0.472212 0.774336 0.030675 0.085967
1 0.454168 0.764539 0.036449 0.070164
1 0.453988 0.689949 0.018044 0.067636
1 0.474919 0.620101 0.020931 0.084703
0 0.418441 0.723451 0.016961 0.087863
1 0.694154 0.900759 0.024179 0.079646
1 0.664201 0.922250 0.019127 0.072061
1 0.649224 0.920670 0.020209 0.077750
1 0.629376 0.922882 0.023096 0.073325
1 0.614399 0.920038 0.026344 0.079014
0 0.590761 0.918142 0.020209 0.081542
1 0.568567 0.911820 0.022735 0.079014
1 0.552508 0.910240 0.024540 0.084703
1 0.528870 0.914349 0.027788 0.077750
1 0.510826 0.914349 0.024179 0.080278
1 0.477806 0.915929 0.038253 0.069532
1 0.450018 0.925727 0.035366 0.084071
1 0.667629 0.985777 0.017322 0.017067
0 0.649224 0.982933 0.016601 0.022756
0 0.620173 0.983881 0.016961 0.019595
1 0.636413 0.981985 0.013353 0.023388
1 0.608445 0.986410 0.009383 0.013274
1 0.597979 0.981353 0.011548 0.022124
1 0.586792 0.984513 0.012992 0.015803
1 0.563154 0.983249 0.012631 0.018331
1 0.547275 0.977244 0.014074 0.029077
1 0.528329 0.980405 0.013713 0.021492
1 0.512270 0.976928 0.016240 0.028445
1 0.498196 0.976928 0.017683 0.027181
1 0.480873 0.976928 0.014074 0.027181
1 0.408336 0.868205 0.024179 0.081542
1 0.432335 0.955436 0.020931 0.067636
1 0.243775 0.953856 0.049441 0.040455
1 0.198484 0.955752 0.044749 0.039191
1 0.136774 0.956384 0.049802 0.035398
1 0.073620 0.955120 0.054132 0.039191
1 0.898232 0.730405 0.016601 0.038559
