0 0.019489 0.154511 0.032588 0.021610
1 0.027955 0.197731 0.046965 0.060508
1 0.107188 0.094543 0.049521 0.041059
1 0.080990 0.202323 0.031629 0.059968
1 0.067412 0.266343 0.028754 0.071313
1 0.083866 0.259860 0.029073 0.064830
1 0.103355 0.259049 0.027157 0.075095
0 0.121885 0.267423 0.023962 0.068071
1 0.142173 0.265802 0.024281 0.077796
1 0.158147 0.247974 0.039617 0.073474
0 0.182748 0.247974 0.021725 0.064830
0 0.230671 0.241221 0.026198 0.065370
0 0.255591 0.194219 0.042173 0.045921
1 0.098403 0.186656 0.021086 0.062129
1 0.114058 0.184225 0.017252 0.068071
0 0.128914 0.186926 0.027157 0.062669
1 0.149042 0.178822 0.024601 0.073474
1 0.165335 0.168287 0.022684 0.065370
0 0.183067 0.175581 0.015335 0.059427
1 0.215655 0.067261 0.046006 0.016748
1 0.198083 0.165316 0.022364 0.079957
1 0.218371 0.161264 0.022684 0.079417
1 0.238019 0.147488 0.021725 0.077796
1 0.255591 0.140465 0.021725 0.090762
1 0.273802 0.141545 0.024281 0.074554
1 0.287380 0.139384 0.018850 0.065910
0 0.303355 0.139654 0.017572 0.076175
1 0.316773 0.124797 0.019489 0.090762
1 0.270607 0.059697 0.024281 0.009184
1 0.247125 0.246083 0.025240 0.071853
1 0.261342 0.244192 0.024281 0.065910
1 0.279712 0.243652 0.025879 0.079957
1 0.294249 0.225014 0.025559 0.070773
0 0.311502 0.228255 0.023003 0.075095
1 0.329073 0.233117 0.023642 0.069692
1 0.356390 0.244462 0.027157 0.068612
1 0.370927 0.240140 0.028115 0.069692
1 0.464537 0.049433 0.011502 0.016748
1 0.408147 0.135062 0.018850 0.082118
1 0.436262 0.135873 0.021406 0.072934
1 0.473962 0.145327 0.016294 0.066991
1 0.490895 0.133982 0.016933 0.085359
1 0.505911 0.124257 0.020767 0.086440
1 0.524441 0.119395 0.015655 0.081037
1 0.534026 0.133171 0.011182 0.089141
0 0.544728 0.115883 0.012780 0.052404
0 0.539137 0.214479 0.019489 0.071313
0 0.572204 0.236359 0.021086 0.068612
1 0.389137 0.223393 0.026198 0.077256
1 0.411821 0.226634 0.019169 0.065370
1 0.429553 0.233117 0.018850 0.070773
1 0.444888 0.230416 0.022684 0.072934
1 0.464856 0.224203 0.021086 0.071313
1 0.483706 0.220692 0.019169 0.072934
1 0.503195 0.217180 0.019808 0.069152
1 0.519968 0.222853 0.018850 0.066451
1 0.589776 0.131280 0.017891 0.077796
1 0.626837 0.196110 0.029393 0.070232
1 0.556550 0.314695 0.041534 0.040519
1 0.623323 0.296056 0.020447 0.072393
1 0.724601 0.308482 0.047284 0.038898
1 0.770128 0.310373 0.039936 0.031875
1 0.815974 0.310103 0.053674 0.030254
1 0.873962 0.299298 0.053355 0.031334
1 0.967093 0.260400 0.030671 0.089681
1 0.062141 0.421394 0.032907 0.071313
1 0.073482 0.440303 0.026837 0.063749
1 0.091693 0.433820 0.023003 0.083198
1 0.110543 0.416532 0.037061 0.068071
1 0.124281 0.448676 0.024920 0.078336
1 0.146965 0.433820 0.023003 0.083198
1 0.171885 0.409238 0.024920 0.077256
1 0.186262 0.416532 0.021725 0.077796
1 0.201438 0.409238 0.020767 0.080497
1 0.225719 0.411129 0.021406 0.063749
1 0.246965 0.404646 0.022364 0.081037
1 0.259265 0.403296 0.023323 0.076175
1 0.275719 0.403566 0.024920 0.071313
1 0.297923 0.408428 0.020767 0.073474
1 0.311502 0.393301 0.019808 0.082118
1 0.322045 0.401945 0.021086 0.072393
0 0.341693 0.398703 0.017572 0.070232
1 0.034665 0.606699 0.039936 0.049703
1 0.054952 0.608590 0.043450 0.053485
1 0.060064 0.576175 0.047923 0.054565
1 0.093450 0.521340 0.030351 0.079957
1 0.118371 0.535386 0.029073 0.077796
1 0.142332 0.523771 0.029073 0.067531
1 0.168850 0.502701 0.028435 0.078336
1 0.215176 0.473258 0.020767 0.078876
1 0.235942 0.492707 0.021406 0.075635
1 0.257668 0.487844 0.020128 0.062669
1 0.156070 0.580227 0.056550 0.033495
1 0.277636 0.497839 0.026198 0.078336
1 0.295687 0.492707 0.020128 0.072393
1 0.309904 0.492437 0.021725 0.078336
1 0.328754 0.489465 0.020447 0.076715
1 0.345208 0.491086 0.019489 0.077796
1 0.356869 0.400864 0.018530 0.060508
1 0.376198 0.394381 0.019489 0.061588
1 0.408626 0.390059 0.018530 0.063749
1 0.424601 0.385197 0.018530 0.081037
1 0.439776 0.391410 0.016933 0.077256
0 0.472843 0.387898 0.014696 0.071313
1 0.493131 0.417882 0.016933 0.062129
1 0.509265 0.405186 0.015974 0.060508
1 0.524441 0.410589 0.016294 0.075635
1 0.559585 0.415991 0.020767 0.084279
1 0.362300 0.490276 0.021086 0.074014
1 0.377955 0.477039 0.019169 0.078876
1 0.405431 0.481632 0.026837 0.077256
1 0.426358 0.468125 0.023962 0.077256
1 0.445687 0.477310 0.017891 0.076175
1 0.464537 0.473528 0.023642 0.070773
1 0.479233 0.471637 0.021725 0.060508
0 0.499521 0.475149 0.017572 0.076175
1 0.519968 0.491626 0.030990 0.077796
1 0.552556 0.495678 0.030990 0.067531
1 0.736262 0.395462 0.043770 0.034576
1 0.784185 0.399244 0.044409 0.030254
1 0.873642 0.378984 0.048882 0.041599
0 0.942013 0.403836 0.041853 0.053485
1 0.024920 0.766072 0.012780 0.064830
1 0.039617 0.760130 0.023642 0.079957
1 0.057029 0.742301 0.026518 0.091842
1 0.075399 0.752026 0.028115 0.082118
1 0.094728 0.759860 0.023323 0.071853
1 0.134026 0.755808 0.020128 0.077796
1 0.163898 0.748244 0.021725 0.072393
1 0.190895 0.746623 0.020128 0.072393
1 0.203834 0.750405 0.023003 0.077796
1 0.220767 0.673690 0.023642 0.081037
1 0.235463 0.745543 0.023642 0.079957
0 0.252396 0.741491 0.021086 0.071853
1 0.260383 0.661264 0.024920 0.062669
1 0.278594 0.680983 0.020447 0.063209
0 0.291374 0.676121 0.016613 0.071853
1 0.305911 0.673960 0.023323 0.081578
1 0.319808 0.672609 0.019808 0.081037
1 0.335942 0.684495 0.018850 0.065910
0 0.347284 0.687466 0.017252 0.070773
0 0.359904 0.688006 0.013738 0.068612
0 0.367732 0.686116 0.012780 0.069152
0 0.380032 0.683414 0.013099 0.066991
0 0.389457 0.685845 0.013419 0.066451
0 0.399042 0.686656 0.014696 0.070232
0 0.407508 0.665586 0.016294 0.065910
1 0.420767 0.679903 0.019169 0.061048
1 0.431629 0.674500 0.014696 0.068612
1 0.445847 0.679633 0.017572 0.076715
1 0.462141 0.667747 0.019489 0.072393
1 0.477316 0.665856 0.017891 0.080497
1 0.498243 0.671799 0.021406 0.079417
1 0.516933 0.664506 0.020447 0.065910
1 0.303674 0.811183 0.022684 0.078336
1 0.319169 0.788223 0.020447 0.064830
1 0.353834 0.783090 0.028435 0.078336
1 0.366134 0.766343 0.019808 0.065370
1 0.379233 0.773906 0.019169 0.063209
1 0.392013 0.770124 0.030671 0.084819
1 0.417732 0.768504 0.026518 0.066451
1 0.433387 0.769854 0.020767 0.063749
0 0.446326 0.764182 0.018530 0.069692
0 0.481310 0.770124 0.025240 0.068612
1 0.463578 0.775797 0.026198 0.084279
1 0.501917 0.765802 0.021725 0.077256
1 0.519808 0.772015 0.021725 0.058347
1 0.532907 0.761480 0.030032 0.081578
1 0.550479 0.750945 0.035783 0.066991
1 0.549201 0.680443 0.017891 0.064290
1 0.527476 0.615073 0.020447 0.080497
0 0.584824 0.710427 0.016294 0.083198
1 0.316773 0.893031 0.023323 0.075635
1 0.346645 0.911399 0.018530 0.068071
1 0.361342 0.909508 0.019808 0.074014
1 0.380831 0.910589 0.022364 0.069692
1 0.395527 0.906807 0.025559 0.075095
0 0.418690 0.903836 0.020128 0.077796
1 0.440575 0.896813 0.022364 0.074554
1 0.456070 0.894652 0.023962 0.079957
1 0.479553 0.897353 0.027476 0.073474
1 0.497444 0.896272 0.023642 0.075635
1 0.529712 0.896002 0.037700 0.065370
1 0.557348 0.904106 0.034824 0.079417
1 0.344409 0.972447 0.017252 0.016207
0 0.362300 0.968395 0.016613 0.021070
0 0.391054 0.967585 0.016613 0.018368
1 0.374920 0.967045 0.013099 0.021610
1 0.402556 0.969746 0.008946 0.012966
1 0.412939 0.964614 0.011182 0.021070
1 0.423962 0.967045 0.012780 0.015127
1 0.446965 0.964614 0.012141 0.016748
1 0.462620 0.958131 0.014058 0.027553
1 0.481150 0.960292 0.013419 0.019989
1 0.496965 0.955700 0.015655 0.027012
1 0.510863 0.955159 0.017252 0.025932
1 0.527955 0.954079 0.013738 0.025932
1 0.597284 0.847380 0.023323 0.077256
1 0.575399 0.931388 0.020447 0.063749
1 0.760703 0.920313 0.048562 0.038358
1 0.805431 0.919773 0.044089 0.037277
1 0.865815 0.917342 0.049201 0.033495
1 0.928275 0.912750 0.053355 0.037277
1 0.113099 0.741491 0.016613 0.036197
