0 0.034375 0.082398 0.032639 0.021855
1 0.040799 0.126698 0.046875 0.060839
1 0.125000 0.034259 0.050000 0.041347
1 0.093576 0.138807 0.031597 0.060248
1 0.077083 0.201122 0.029167 0.071471
1 0.093750 0.196988 0.029167 0.065564
1 0.113194 0.198760 0.027083 0.076196
0 0.131424 0.209687 0.023958 0.068517
1 0.151736 0.210573 0.024306 0.078559
1 0.168576 0.195216 0.039931 0.073833
0 0.193056 0.198464 0.021528 0.064973
0 0.241493 0.198464 0.026042 0.066155
0 0.268576 0.154460 0.042014 0.046663
1 0.111806 0.125222 0.020833 0.062611
1 0.127778 0.125222 0.017361 0.068517
0 0.142361 0.129652 0.027083 0.063201
1 0.162847 0.124335 0.025000 0.073833
1 0.179514 0.115771 0.022917 0.066155
0 0.197049 0.125812 0.015625 0.060248
1 0.234896 0.021559 0.046181 0.017129
1 0.212500 0.117543 0.022222 0.080331
1 0.232986 0.116361 0.022917 0.080331
1 0.253299 0.105434 0.021875 0.078559
1 0.271007 0.100413 0.021875 0.092144
1 0.289236 0.104253 0.024306 0.075015
1 0.302778 0.103662 0.018750 0.066745
0 0.318924 0.106320 0.017708 0.076787
1 0.332986 0.093325 0.019444 0.090963
1 0.289931 0.021559 0.024306 0.008860
1 0.257639 0.205257 0.025694 0.072652
1 0.271875 0.205257 0.024306 0.066745
1 0.290104 0.207620 0.026042 0.080921
1 0.305556 0.190786 0.025694 0.070880
0 0.322917 0.196102 0.022917 0.075605
1 0.339931 0.203780 0.023611 0.070880
1 0.366840 0.218842 0.027431 0.069108
1 0.381771 0.216480 0.028125 0.070289
1 0.484201 0.037803 0.011458 0.016539
1 0.423785 0.116066 0.019097 0.083284
1 0.452083 0.120791 0.021528 0.073833
1 0.489063 0.135558 0.016319 0.067927
1 0.506424 0.126403 0.017014 0.086237
1 0.521875 0.118724 0.020833 0.087419
1 0.540799 0.116066 0.015625 0.082103
1 0.549826 0.131719 0.011458 0.089781
0 0.561111 0.115771 0.013194 0.053160
0 0.551042 0.213822 0.019444 0.072061
0 0.582812 0.240697 0.021181 0.069108
1 0.400521 0.202008 0.026042 0.077968
1 0.423090 0.208801 0.019097 0.065564
1 0.440625 0.217661 0.018750 0.071471
1 0.456076 0.216775 0.022569 0.073243
1 0.476215 0.213231 0.021181 0.072061
1 0.495312 0.212345 0.019097 0.073833
1 0.514931 0.211754 0.019444 0.069108
1 0.531250 0.219728 0.018750 0.067336
1 0.605556 0.137330 0.018056 0.078559
1 0.639410 0.207620 0.029514 0.071471
1 0.563542 0.317484 0.041667 0.040756
1 0.631076 0.307442 0.020486 0.072652
1 0.731597 0.334022 0.047222 0.039575
1 0.777257 0.341996 0.039931 0.031896
1 0.822917 0.348198 0.054167 0.031305
1 0.881250 0.345540 0.053472 0.031896
1 0.976389 0.319256 0.031250 0.090372
1 0.064236 0.356172 0.033333 0.072061
1 0.074826 0.377141 0.027431 0.064383
1 0.093403 0.372711 0.022917 0.083875
1 0.113021 0.358240 0.037153 0.069108
1 0.125000 0.392203 0.025000 0.079149
1 0.148611 0.380390 0.022917 0.083875
1 0.174653 0.359126 0.025000 0.077968
1 0.188542 0.368576 0.021528 0.079149
1 0.203993 0.363260 0.021181 0.080331
1 0.228299 0.368576 0.021181 0.063792
1 0.249826 0.365032 0.022569 0.081512
1 0.262153 0.365328 0.023611 0.076196
1 0.278646 0.367395 0.024653 0.072061
1 0.300694 0.375665 0.020833 0.074424
1 0.314931 0.362374 0.020139 0.083284
1 0.325000 0.372416 0.021528 0.072652
0 0.344792 0.372120 0.017361 0.070880
1 0.027951 0.538689 0.039931 0.050797
1 0.048090 0.543414 0.043403 0.054341
1 0.054688 0.511518 0.048264 0.055523
1 0.090799 0.461016 0.030903 0.080921
1 0.114931 0.478441 0.029167 0.079149
1 0.139583 0.470171 0.029167 0.068517
1 0.167014 0.453042 0.028472 0.079149
1 0.214583 0.429120 0.020833 0.079740
1 0.234549 0.451861 0.021181 0.075605
1 0.256597 0.450089 0.020139 0.063792
1 0.150521 0.528943 0.056597 0.033668
1 0.276042 0.462493 0.026389 0.079149
1 0.294271 0.460130 0.020486 0.073243
1 0.308507 0.461902 0.021875 0.079149
1 0.327604 0.461607 0.020486 0.077377
1 0.344097 0.465151 0.019444 0.078559
1 0.359896 0.376255 0.018403 0.061429
1 0.379514 0.372120 0.019444 0.062611
1 0.412153 0.372416 0.018750 0.064383
1 0.428125 0.369758 0.018750 0.081512
1 0.443229 0.378027 0.017014 0.077968
0 0.476215 0.379209 0.014931 0.072061
1 0.495312 0.411991 0.017014 0.063201
1 0.511979 0.401654 0.016319 0.061429
1 0.526910 0.409333 0.016319 0.076787
1 0.561806 0.419374 0.020833 0.085056
1 0.361111 0.466627 0.020833 0.074424
1 0.377257 0.455700 0.019097 0.079740
1 0.404340 0.464265 0.026736 0.077968
1 0.426042 0.453337 0.023611 0.077377
1 0.444965 0.465446 0.018403 0.076787
1 0.463889 0.463969 0.023611 0.071471
1 0.478646 0.464560 0.021875 0.060839
0 0.498958 0.470762 0.017361 0.076787
1 0.518576 0.489959 0.030903 0.078559
1 0.550694 0.498228 0.031250 0.067927
1 0.739410 0.422918 0.044097 0.035440
1 0.786806 0.433255 0.044444 0.030124
1 0.877257 0.425576 0.048958 0.041937
0 0.944618 0.459539 0.042014 0.054341
1 0.010937 0.697578 0.012847 0.066155
1 0.025521 0.693739 0.023958 0.080921
1 0.043924 0.678086 0.026736 0.092144
1 0.061632 0.690490 0.028125 0.082693
1 0.080729 0.700827 0.023264 0.072652
1 0.120313 0.702599 0.020486 0.078559
1 0.150521 0.699055 0.021875 0.072652
1 0.177431 0.701122 0.020139 0.073243
1 0.190278 0.706734 0.022917 0.078559
1 0.210764 0.631424 0.023611 0.081512
1 0.222049 0.706143 0.023958 0.080921
0 0.239236 0.704076 0.021528 0.073243
1 0.250868 0.624631 0.024653 0.063201
1 0.268229 0.647076 0.020486 0.063201
0 0.281250 0.643532 0.016667 0.072652
1 0.295833 0.643828 0.023611 0.082693
1 0.309896 0.644123 0.019792 0.082103
1 0.325347 0.658299 0.018750 0.066745
0 0.336458 0.663024 0.017361 0.071471
0 0.349132 0.665092 0.013542 0.069699
0 0.356944 0.664206 0.012500 0.070289
0 0.369444 0.663615 0.013194 0.067927
0 0.378646 0.667159 0.013542 0.066745
0 0.388194 0.669226 0.014583 0.070880
0 0.397743 0.649439 0.016319 0.066745
1 0.410417 0.665387 0.019444 0.062020
1 0.421528 0.661252 0.014583 0.069108
1 0.435417 0.668931 0.017361 0.077377
1 0.452257 0.658890 0.019792 0.072652
1 0.467535 0.659185 0.017708 0.081512
1 0.488194 0.668045 0.021528 0.080331
1 0.507292 0.663320 0.020139 0.067336
1 0.286979 0.781453 0.022569 0.079149
1 0.303472 0.760484 0.020833 0.065564
1 0.338368 0.760189 0.028819 0.079149
1 0.351562 0.744832 0.019792 0.066155
1 0.364236 0.754282 0.019444 0.063792
1 0.377257 0.752215 0.030903 0.085647
1 0.402951 0.754282 0.026736 0.067336
1 0.418576 0.757826 0.021181 0.063792
0 0.431944 0.753396 0.018750 0.070289
0 0.466493 0.764619 0.025347 0.069108
1 0.448437 0.767868 0.026042 0.085056
1 0.487326 0.763142 0.021875 0.077968
1 0.505035 0.771707 0.021875 0.059657
1 0.518576 0.763142 0.030208 0.082693
1 0.536458 0.754873 0.036111 0.067336
1 0.538715 0.683698 0.017708 0.064383
1 0.519965 0.615180 0.020486 0.080921
0 0.572917 0.718547 0.016667 0.084465
1 0.296181 0.865328 0.023611 0.075605
1 0.325347 0.888069 0.018750 0.069108
1 0.339931 0.887773 0.020139 0.074424
1 0.359549 0.891613 0.022569 0.070289
1 0.374306 0.890136 0.025694 0.075605
0 0.397569 0.890136 0.020139 0.077968
1 0.419618 0.886297 0.022569 0.075015
1 0.435417 0.886297 0.024306 0.080921
1 0.458681 0.892499 0.027083 0.074424
1 0.476562 0.893680 0.023958 0.076787
1 0.508854 0.897815 0.037847 0.066155
1 0.536285 0.909628 0.035069 0.080331
1 0.320139 0.948907 0.017361 0.015948
0 0.338021 0.947431 0.016319 0.021264
0 0.366840 0.950679 0.017014 0.018311
1 0.350694 0.948021 0.013194 0.022445
1 0.378299 0.954519 0.009375 0.012995
1 0.388889 0.950679 0.011111 0.020673
1 0.399826 0.954519 0.012847 0.015357
1 0.422917 0.955109 0.012500 0.016539
1 0.438889 0.950679 0.013889 0.027761
1 0.457292 0.955405 0.013889 0.020673
1 0.473264 0.953337 0.015972 0.027171
1 0.487153 0.954519 0.017361 0.025989
1 0.504514 0.955700 0.013889 0.025989
1 0.578819 0.858240 0.023611 0.077968
1 0.552604 0.939752 0.020486 0.064973
1 0.738715 0.954223 0.048958 0.038393
1 0.783160 0.959835 0.044097 0.037803
1 0.843750 0.965446 0.049306 0.033668
1 0.906250 0.969581 0.053472 0.037212
1 0.100000 0.684584 0.016667 0.036621
