0 0.978933 0.873570 0.033006 0.021674
1 0.970681 0.829320 0.047402 0.062011
1 0.890098 0.932872 0.049860 0.041541
1 0.917310 0.823299 0.031952 0.060807
1 0.931355 0.758579 0.029143 0.072246
1 0.914853 0.764600 0.029143 0.066225
1 0.895190 0.765202 0.027037 0.077062
0 0.876580 0.756472 0.024228 0.069235
1 0.856215 0.757676 0.024228 0.080072
1 0.839888 0.775436 0.040028 0.074654
0 0.815309 0.774834 0.021770 0.066225
0 0.766854 0.780554 0.025983 0.066827
0 0.741573 0.828417 0.042135 0.046960
1 0.899579 0.839253 0.021067 0.063817
1 0.883778 0.841361 0.017556 0.069235
0 0.868855 0.838049 0.027037 0.063817
1 0.848490 0.846177 0.024930 0.075256
1 0.832163 0.856412 0.023174 0.066827
0 0.814431 0.848585 0.015801 0.060807
1 0.780723 0.958459 0.046699 0.016857
1 0.799157 0.858820 0.022472 0.081276
1 0.778617 0.862733 0.022823 0.080674
1 0.758778 0.875978 0.021770 0.079470
1 0.741222 0.882902 0.021770 0.093317
1 0.722788 0.881397 0.024228 0.075858
1 0.709094 0.883805 0.018610 0.067429
0 0.692942 0.882601 0.017907 0.078266
1 0.679424 0.897652 0.019663 0.092715
1 0.725421 0.964780 0.024579 0.009031
1 0.750527 0.775436 0.025632 0.073450
1 0.736306 0.777243 0.024579 0.067429
1 0.717697 0.777243 0.025983 0.081878
1 0.702774 0.795906 0.025632 0.072246
0 0.685393 0.792595 0.023174 0.076460
1 0.667837 0.787176 0.023876 0.071644
1 0.640449 0.774834 0.027388 0.069837
1 0.625702 0.778748 0.028090 0.071644
1 0.530021 0.971704 0.011587 0.016857
1 0.587781 0.885310 0.018961 0.083685
1 0.559164 0.883805 0.021419 0.074654
1 0.521419 0.873570 0.016152 0.068633
1 0.504389 0.884407 0.017205 0.086695
1 0.489115 0.894341 0.021067 0.088501
1 0.470506 0.898856 0.015449 0.083082
1 0.460850 0.884407 0.011587 0.091511
0 0.449965 0.901866 0.012992 0.054184
0 0.456285 0.801626 0.019312 0.072848
0 0.423455 0.778447 0.021067 0.069837
1 0.607268 0.795605 0.026334 0.078868
1 0.584445 0.791692 0.019312 0.066225
1 0.566713 0.784768 0.018961 0.072848
1 0.551088 0.787477 0.022823 0.074654
1 0.531250 0.793197 0.021067 0.072848
1 0.512114 0.796508 0.019312 0.074654
1 0.492451 0.799518 0.020014 0.069837
1 0.475772 0.793197 0.018961 0.068031
1 0.404670 0.885009 0.017907 0.079470
1 0.367978 0.818182 0.029494 0.072246
1 0.439607 0.698675 0.042135 0.041541
1 0.372367 0.716737 0.020716 0.074052
1 0.270716 0.701686 0.047753 0.040337
1 0.224719 0.698977 0.040028 0.032511
1 0.178546 0.698374 0.054424 0.031306
1 0.120260 0.707706 0.053722 0.031908
1 0.026159 0.745334 0.031250 0.091511
1 0.937676 0.600241 0.033357 0.073450
1 0.926440 0.580674 0.027037 0.065623
1 0.908006 0.587297 0.023174 0.084889
1 0.889045 0.604455 0.037219 0.069837
1 0.875527 0.571644 0.024930 0.080072
1 0.852528 0.586093 0.023174 0.084889
1 0.827247 0.610476 0.025281 0.079470
1 0.813027 0.602649 0.022121 0.079470
1 0.797753 0.609874 0.021067 0.081878
1 0.772999 0.607465 0.021419 0.065021
1 0.751756 0.613787 0.022472 0.082480
1 0.739291 0.614690 0.023525 0.077062
1 0.722788 0.614389 0.024930 0.072848
1 0.700316 0.608669 0.020716 0.074654
1 0.686622 0.624022 0.020014 0.083685
1 0.676088 0.614991 0.021419 0.074052
0 0.656250 0.617399 0.017556 0.071644
1 0.966819 0.412101 0.040379 0.051174
1 0.946454 0.409693 0.043890 0.054786
1 0.941187 0.442806 0.048104 0.055990
1 0.906952 0.497893 0.030899 0.081878
1 0.882198 0.483143 0.029143 0.080072
1 0.857795 0.494582 0.029494 0.069235
1 0.831110 0.515051 0.028792 0.080072
1 0.784235 0.544551 0.020716 0.080072
1 0.763518 0.524082 0.021419 0.076460
1 0.741573 0.528597 0.020365 0.063817
1 0.844452 0.436484 0.056882 0.033715
1 0.721559 0.518061 0.026685 0.080072
1 0.703301 0.522577 0.020365 0.073450
1 0.689256 0.522276 0.021770 0.080072
1 0.670119 0.524985 0.020716 0.078266
1 0.653441 0.523480 0.019663 0.078868
1 0.641152 0.615593 0.018961 0.062011
1 0.621664 0.621613 0.019312 0.063215
1 0.589010 0.625226 0.018610 0.065623
1 0.573034 0.629741 0.018961 0.083082
1 0.557584 0.623119 0.016854 0.079470
0 0.524403 0.625828 0.015098 0.072848
1 0.504038 0.594822 0.017205 0.063817
1 0.487711 0.607766 0.016152 0.062011
1 0.472612 0.601746 0.016152 0.077664
1 0.437149 0.595725 0.021067 0.086093
1 0.636236 0.524082 0.021067 0.075256
1 0.620611 0.537026 0.019312 0.080674
1 0.592872 0.531908 0.027037 0.078868
1 0.571629 0.545154 0.023876 0.078868
1 0.552317 0.535220 0.018258 0.078266
1 0.533357 0.538832 0.023876 0.072246
1 0.518610 0.540337 0.021770 0.062011
0 0.498244 0.536123 0.017556 0.077664
1 0.477704 0.519266 0.031250 0.078868
1 0.445049 0.514148 0.031250 0.068633
1 0.259305 0.612583 0.043890 0.035521
1 0.211201 0.607766 0.044593 0.030704
1 0.120962 0.626430 0.049508 0.042745
0 0.052317 0.599940 0.042135 0.054786
1 0.977704 0.249849 0.012992 0.066225
1 0.963132 0.255569 0.023876 0.081276
1 0.945225 0.273329 0.026685 0.093919
1 0.926966 0.262793 0.028090 0.083685
1 0.907479 0.254666 0.023525 0.073450
1 0.867626 0.257676 0.020365 0.079470
1 0.837781 0.264600 0.021770 0.074052
1 0.810569 0.265804 0.020014 0.074052
1 0.797402 0.261890 0.023174 0.079470
1 0.780197 0.339856 0.023876 0.082480
1 0.765801 0.266105 0.023876 0.081878
0 0.748596 0.270018 0.021067 0.074052
1 0.739993 0.351595 0.024930 0.063817
1 0.721910 0.331126 0.020365 0.063817
0 0.709094 0.335942 0.016503 0.073450
1 0.694347 0.337748 0.023525 0.083082
1 0.680302 0.338952 0.020014 0.083082
1 0.664326 0.326309 0.018961 0.067429
0 0.652739 0.322697 0.017556 0.072246
0 0.640274 0.322396 0.013694 0.070439
0 0.632374 0.324202 0.012640 0.070439
0 0.619733 0.326309 0.013343 0.068633
0 0.610428 0.323901 0.013694 0.067429
0 0.600772 0.322998 0.014747 0.071644
0 0.592170 0.343769 0.016503 0.067429
1 0.578827 0.329320 0.019312 0.062613
1 0.567942 0.334738 0.014396 0.069837
1 0.553722 0.328718 0.017556 0.078266
1 0.537219 0.340759 0.019663 0.073450
1 0.521945 0.342264 0.017907 0.082480
1 0.500702 0.335942 0.021770 0.081878
1 0.482093 0.342866 0.020365 0.068031
1 0.697507 0.197772 0.022823 0.080072
1 0.681882 0.220951 0.021067 0.066225
1 0.647121 0.225467 0.028792 0.080072
1 0.634656 0.242324 0.020014 0.066827
1 0.621313 0.234196 0.019312 0.065021
1 0.608497 0.237809 0.030899 0.086695
1 0.582690 0.238712 0.027037 0.068031
1 0.566713 0.237207 0.021067 0.065021
0 0.553722 0.242926 0.018961 0.071644
0 0.518610 0.235701 0.025281 0.070439
1 0.536517 0.230283 0.025983 0.086093
1 0.497893 0.239916 0.021770 0.078868
1 0.479810 0.233293 0.022121 0.059603
1 0.466643 0.243528 0.030197 0.083685
1 0.448912 0.253763 0.036166 0.068031
1 0.449614 0.326008 0.017907 0.065623
1 0.471032 0.393137 0.020716 0.081878
0 0.413975 0.294702 0.016854 0.084889
1 0.685042 0.114088 0.023876 0.076460
1 0.655021 0.094521 0.018610 0.069837
1 0.640274 0.096328 0.020014 0.075858
1 0.620611 0.094822 0.022823 0.071644
1 0.606039 0.098435 0.025983 0.076460
0 0.582690 0.100843 0.020014 0.078868
1 0.560744 0.107465 0.022472 0.076460
1 0.544768 0.109573 0.024228 0.081878
1 0.521419 0.106261 0.027388 0.075256
1 0.503511 0.106863 0.023876 0.077664
1 0.470857 0.106261 0.037921 0.066827
1 0.443118 0.097532 0.035112 0.080674
1 0.657830 0.032511 0.017205 0.016857
0 0.639923 0.036123 0.016503 0.021674
0 0.610955 0.036123 0.016854 0.019266
1 0.627107 0.037327 0.013343 0.022878
1 0.599192 0.034016 0.009480 0.012643
1 0.588834 0.038832 0.011236 0.021072
1 0.577774 0.036123 0.012992 0.015653
1 0.554600 0.038230 0.012289 0.017459
1 0.538799 0.044852 0.013694 0.028296
1 0.520190 0.041842 0.013694 0.021072
1 0.504213 0.046057 0.016152 0.027092
1 0.490169 0.046358 0.017556 0.026490
1 0.472963 0.047562 0.014045 0.026490
1 0.402388 0.154726 0.023876 0.079470
1 0.425211 0.069536 0.020365 0.065623
1 0.238588 0.076761 0.048806 0.039133
1 0.193645 0.076460 0.044593 0.038531
1 0.132725 0.077363 0.049157 0.034317
1 0.070049 0.080975 0.053722 0.037929
1 0.888694 0.273028 0.016854 0.036725
