0 0.016797 0.087269 0.033073 0.022685
1 0.024349 0.134259 0.047656 0.064815
1 0.108073 0.029630 0.050521 0.043519
1 0.078516 0.143519 0.032031 0.063889
1 0.063021 0.211111 0.029167 0.075926
1 0.079818 0.205556 0.029427 0.069444
1 0.099870 0.206019 0.027344 0.080556
0 0.118620 0.216435 0.024219 0.072685
1 0.139323 0.216204 0.024479 0.083333
1 0.156120 0.198380 0.040365 0.078241
0 0.181250 0.200231 0.021875 0.068981
0 0.230599 0.196991 0.026302 0.069907
0 0.257292 0.148148 0.042708 0.049074
1 0.096745 0.127778 0.021094 0.066667
1 0.112891 0.126620 0.017448 0.072685
0 0.127995 0.130556 0.027344 0.066667
1 0.148698 0.123380 0.025000 0.078241
1 0.165625 0.113194 0.022917 0.069907
0 0.183594 0.122454 0.015625 0.063426
1 0.219792 0.008796 0.046875 0.017593
1 0.199219 0.112731 0.022396 0.085648
1 0.220052 0.109954 0.022917 0.084722
1 0.240625 0.096759 0.021875 0.083333
1 0.258594 0.090509 0.021875 0.097685
1 0.277344 0.093056 0.024479 0.079630
1 0.291146 0.091667 0.018750 0.070370
0 0.307552 0.093519 0.017708 0.081481
1 0.321615 0.078472 0.019792 0.096759
1 0.276042 0.005093 0.024479 0.009259
1 0.247266 0.203241 0.025781 0.076852
1 0.261719 0.202315 0.024479 0.070370
1 0.280599 0.203472 0.026302 0.085648
1 0.295964 0.184491 0.025781 0.075463
0 0.313672 0.189120 0.023177 0.080093
1 0.331250 0.195833 0.023958 0.075000
1 0.359115 0.210185 0.027604 0.073148
1 0.374089 0.206713 0.028385 0.074537
1 0.474740 0.009028 0.011458 0.017130
1 0.414714 0.096759 0.019010 0.087963
1 0.443620 0.099769 0.021615 0.078241
1 0.481771 0.112731 0.016146 0.071759
1 0.499349 0.102083 0.016927 0.091204
1 0.514974 0.092593 0.021094 0.092593
1 0.534115 0.088889 0.015625 0.087037
1 0.543620 0.104630 0.011198 0.095370
0 0.554948 0.086806 0.013021 0.056019
0 0.546745 0.192361 0.019531 0.076389
0 0.579818 0.218519 0.021094 0.073148
1 0.393099 0.190046 0.026302 0.082870
1 0.416146 0.195370 0.019271 0.069444
1 0.434245 0.203704 0.019010 0.075926
1 0.450000 0.201852 0.022917 0.077778
1 0.470443 0.196759 0.021094 0.075926
1 0.489844 0.194444 0.019271 0.077778
1 0.509896 0.192361 0.019792 0.073611
1 0.526823 0.199769 0.018750 0.070833
1 0.600651 0.106944 0.017969 0.083333
1 0.636849 0.179398 0.029948 0.075463
1 0.561849 0.301620 0.042448 0.043056
1 0.630599 0.286343 0.020573 0.077315
1 0.733724 0.307870 0.048177 0.041667
1 0.780339 0.313194 0.040365 0.033796
1 0.827214 0.316667 0.054948 0.032407
1 0.886719 0.309722 0.054167 0.033333
1 0.983073 0.275231 0.031250 0.095833
1 0.053516 0.377546 0.033594 0.076389
1 0.064714 0.398843 0.027344 0.068056
1 0.083464 0.393056 0.023177 0.088889
1 0.103125 0.375926 0.037500 0.073148
1 0.116276 0.411343 0.025260 0.083796
1 0.139974 0.397222 0.023177 0.088889
1 0.166016 0.372917 0.025260 0.082870
1 0.180469 0.381944 0.021875 0.083333
1 0.196224 0.375231 0.021094 0.085648
1 0.221094 0.379167 0.021354 0.067593
1 0.242839 0.373843 0.022656 0.086574
1 0.255599 0.373380 0.023698 0.081019
1 0.272396 0.374769 0.025000 0.076389
1 0.295052 0.381944 0.020833 0.078704
1 0.309245 0.366667 0.020052 0.087963
1 0.319792 0.376620 0.021354 0.077315
0 0.339974 0.375000 0.017448 0.075000
1 0.020573 0.574306 0.040625 0.053241
1 0.041276 0.578009 0.044010 0.056944
1 0.047266 0.543519 0.048698 0.058333
1 0.082943 0.487269 0.030990 0.085648
1 0.107943 0.504167 0.029427 0.083333
1 0.132943 0.493519 0.029427 0.072222
1 0.160547 0.473380 0.028906 0.083796
1 0.208594 0.444907 0.020833 0.084259
1 0.229427 0.467593 0.021354 0.080556
1 0.251823 0.464120 0.020313 0.067130
1 0.145443 0.555556 0.057552 0.035185
1 0.271875 0.476157 0.026562 0.083796
1 0.290495 0.472454 0.020573 0.077315
1 0.304948 0.473380 0.021875 0.083796
1 0.324349 0.471528 0.020573 0.081944
1 0.341276 0.474306 0.019531 0.082870
1 0.355469 0.378241 0.018750 0.064815
1 0.375391 0.372685 0.019531 0.065741
1 0.408594 0.370833 0.018750 0.068519
1 0.425000 0.366898 0.018750 0.086574
1 0.440495 0.374769 0.016927 0.082870
0 0.474349 0.373611 0.014844 0.075926
1 0.494401 0.407407 0.016927 0.066667
1 0.511198 0.394907 0.016146 0.064815
1 0.526563 0.402083 0.016146 0.081019
1 0.562370 0.410417 0.021094 0.090278
1 0.358724 0.474769 0.021094 0.079167
1 0.375000 0.461806 0.019271 0.084722
1 0.402865 0.468981 0.027083 0.082407
1 0.424740 0.456019 0.023958 0.082407
1 0.444271 0.467593 0.018229 0.081481
1 0.463672 0.464815 0.023698 0.075926
1 0.478646 0.464120 0.021875 0.064352
0 0.499349 0.469444 0.017448 0.081481
1 0.519792 0.488657 0.031250 0.082870
1 0.552995 0.495602 0.031510 0.071759
1 0.743620 0.402315 0.044531 0.037037
1 0.792318 0.409954 0.045052 0.031944
1 0.884375 0.395370 0.050000 0.044444
0 0.953776 0.427083 0.042448 0.056944
1 0.006641 0.744907 0.012760 0.069444
1 0.021615 0.739815 0.023958 0.085185
1 0.039974 0.721759 0.026823 0.098148
1 0.058464 0.733796 0.028385 0.087963
1 0.078125 0.743519 0.023438 0.076852
1 0.118490 0.742593 0.020313 0.083333
1 0.149219 0.736806 0.021875 0.077315
1 0.176693 0.737269 0.020052 0.077315
1 0.189974 0.742130 0.023177 0.083333
1 0.209115 0.660880 0.023958 0.086574
1 0.222396 0.739583 0.023958 0.085648
0 0.239844 0.736343 0.021354 0.077315
1 0.250000 0.650694 0.025000 0.067130
1 0.268099 0.673380 0.020573 0.067130
0 0.281250 0.668981 0.016667 0.076852
1 0.296224 0.667824 0.023698 0.087500
1 0.310547 0.667361 0.020052 0.086574
1 0.326693 0.681481 0.019010 0.070370
0 0.338151 0.685880 0.017448 0.075463
0 0.351042 0.687269 0.013542 0.073611
0 0.359115 0.685648 0.012500 0.074074
0 0.371875 0.684028 0.013021 0.071759
0 0.381250 0.687269 0.013542 0.070833
0 0.391146 0.688889 0.014583 0.075000
0 0.400391 0.667130 0.016406 0.070370
1 0.413542 0.683102 0.019271 0.065278
1 0.424740 0.678241 0.014583 0.073148
1 0.439193 0.684954 0.017448 0.081944
1 0.456120 0.673380 0.019531 0.077315
1 0.471745 0.672685 0.017969 0.086111
1 0.493099 0.680556 0.021615 0.085185
1 0.512240 0.674306 0.020313 0.070833
1 0.290365 0.815509 0.022917 0.083796
1 0.306771 0.791667 0.020833 0.069444
1 0.342318 0.789120 0.028906 0.083796
1 0.355339 0.771991 0.020052 0.069907
1 0.368620 0.781019 0.019531 0.067593
1 0.381771 0.778009 0.031250 0.090278
1 0.408073 0.778472 0.027083 0.070833
1 0.424089 0.781019 0.021094 0.067593
0 0.437500 0.775694 0.018750 0.074537
0 0.473047 0.785185 0.025260 0.073148
1 0.454818 0.789815 0.026302 0.089815
1 0.494271 0.781944 0.021875 0.082407
1 0.512500 0.790046 0.021875 0.062500
1 0.526172 0.779861 0.030469 0.087500
1 0.544271 0.769907 0.036458 0.071296
1 0.544922 0.693981 0.017969 0.068519
1 0.524349 0.621991 0.020573 0.085648
0 0.580469 0.728935 0.016667 0.089352
1 0.301693 0.904167 0.023698 0.080556
1 0.331771 0.926389 0.018750 0.073148
1 0.346745 0.925231 0.020052 0.079167
1 0.366797 0.928009 0.022656 0.074537
1 0.381771 0.925231 0.026042 0.080093
0 0.405599 0.923843 0.020052 0.082870
1 0.427995 0.918056 0.022656 0.079630
1 0.444141 0.916898 0.024219 0.085648
1 0.467969 0.921759 0.027604 0.078704
1 0.486198 0.921991 0.023958 0.081019
1 0.519401 0.924306 0.038281 0.069907
1 0.547396 0.934954 0.035417 0.084722
1 0.327865 0.991667 0.017188 0.016667
0 0.346224 0.988889 0.016406 0.022222
0 0.375651 0.990278 0.016927 0.019444
1 0.359115 0.988426 0.013021 0.023148
1 0.387370 0.993519 0.009115 0.012963
1 0.398047 0.988657 0.011198 0.021759
1 0.409245 0.992130 0.012760 0.015741
1 0.432943 0.991204 0.012240 0.017593
1 0.449089 0.985417 0.013802 0.029167
1 0.467969 0.989352 0.013542 0.021296
1 0.484245 0.985880 0.015885 0.028241
1 0.498568 0.986343 0.017448 0.027315
1 0.516016 0.986343 0.013802 0.027315
1 0.589714 0.877083 0.023698 0.082870
1 0.564974 0.965741 0.020573 0.068519
1 0.754948 0.968519 0.049479 0.040741
1 0.800521 0.971296 0.044792 0.039815
1 0.862500 0.973380 0.050000 0.035648
1 0.926302 0.973380 0.054167 0.039352
1 0.097396 0.725231 0.016667 0.038426
