0 0.049935 0.079539 0.032206 0.020889
1 0.055303 0.122389 0.046194 0.058382
1 0.139883 0.038029 0.048796 0.039636
1 0.107352 0.136583 0.031230 0.057847
1 0.089785 0.195233 0.028627 0.068024
1 0.106213 0.192019 0.028953 0.062667
1 0.125569 0.194697 0.026675 0.072309
0 0.143136 0.205678 0.023422 0.065345
1 0.163142 0.207820 0.023748 0.074987
1 0.179896 0.193626 0.039037 0.070166
0 0.203969 0.198179 0.021470 0.062132
0 0.251627 0.200589 0.025699 0.062667
0 0.279278 0.159882 0.041314 0.044456
1 0.125407 0.124264 0.020494 0.059989
1 0.141021 0.125335 0.017241 0.065345
0 0.155498 0.130155 0.026675 0.059989
1 0.175504 0.126138 0.024398 0.070166
1 0.192258 0.118907 0.022121 0.063203
0 0.209174 0.129084 0.015615 0.056776
1 0.248211 0.031601 0.045543 0.016069
1 0.224626 0.122121 0.021796 0.077129
1 0.244795 0.121853 0.022446 0.076593
1 0.265127 0.112480 0.021470 0.074987
1 0.282694 0.108731 0.021470 0.087841
1 0.300586 0.113016 0.024073 0.071773
1 0.313923 0.113016 0.018217 0.063203
0 0.329701 0.116497 0.017241 0.073380
1 0.343689 0.104981 0.019193 0.086770
1 0.302537 0.034280 0.024073 0.008570
1 0.267567 0.208088 0.025049 0.069095
1 0.281555 0.208891 0.023748 0.063203
1 0.299610 0.211837 0.025374 0.076593
1 0.315062 0.196572 0.025049 0.067488
0 0.331978 0.202464 0.022446 0.071773
1 0.348731 0.210498 0.023422 0.067488
1 0.374919 0.226299 0.027001 0.065881
1 0.389558 0.224692 0.027651 0.066952
1 0.493656 0.059454 0.011386 0.016069
1 0.432824 0.131227 0.018543 0.079272
1 0.460475 0.136851 0.021145 0.070166
1 0.496584 0.152651 0.015940 0.064274
1 0.514151 0.144885 0.016591 0.081950
1 0.529440 0.138457 0.020494 0.083021
1 0.547983 0.137118 0.015290 0.078200
1 0.556604 0.152116 0.011061 0.085699
0 0.568152 0.137386 0.012687 0.050884
0 0.556441 0.230852 0.019193 0.068559
0 0.587183 0.257365 0.020820 0.065881
1 0.408426 0.211837 0.025699 0.074451
1 0.430384 0.219336 0.018868 0.062667
1 0.447463 0.228709 0.018543 0.068559
1 0.462752 0.228709 0.022446 0.069630
1 0.482759 0.226299 0.020820 0.068024
1 0.501464 0.226299 0.019193 0.070166
1 0.520820 0.226567 0.019519 0.066417
1 0.536923 0.234869 0.018543 0.063739
1 0.611418 0.160150 0.017892 0.074987
1 0.643624 0.228977 0.028953 0.068024
1 0.566851 0.329673 0.041314 0.039100
1 0.633702 0.323514 0.020169 0.069630
1 0.732108 0.354044 0.046519 0.037493
1 0.776838 0.363685 0.039037 0.031066
1 0.821731 0.371987 0.053351 0.029459
1 0.879473 0.371987 0.052375 0.030530
1 0.973487 0.351634 0.030254 0.086235
1 0.074496 0.342528 0.032531 0.069095
1 0.084580 0.362614 0.026675 0.061061
1 0.102798 0.359668 0.022772 0.079807
1 0.122316 0.346277 0.036435 0.065881
1 0.133702 0.379486 0.024723 0.075522
1 0.157124 0.369309 0.022772 0.079807
1 0.183149 0.350562 0.024723 0.074451
1 0.196649 0.360204 0.021145 0.074451
1 0.212101 0.355919 0.020820 0.076593
1 0.235849 0.362078 0.020820 0.061061
1 0.256994 0.359668 0.022121 0.077665
1 0.269193 0.360471 0.023097 0.072844
1 0.285459 0.363685 0.024398 0.068559
1 0.306929 0.372791 0.020494 0.070702
1 0.321243 0.360471 0.019844 0.079272
1 0.331002 0.370648 0.021145 0.069630
0 0.350520 0.371184 0.017241 0.067488
1 0.035621 0.514462 0.039362 0.047670
1 0.055303 0.520086 0.042941 0.051419
1 0.062297 0.490091 0.047170 0.052491
1 0.098731 0.443492 0.030254 0.077129
1 0.122316 0.461168 0.028627 0.074987
1 0.146714 0.454472 0.028627 0.064810
1 0.174040 0.439475 0.027977 0.075522
1 0.221373 0.419389 0.020494 0.076058
1 0.240566 0.441618 0.021145 0.072309
1 0.262362 0.441082 0.019844 0.060525
1 0.156474 0.511248 0.055953 0.031601
1 0.281067 0.453937 0.026025 0.075522
1 0.299284 0.452598 0.020169 0.069630
1 0.313110 0.455276 0.021145 0.074987
1 0.331815 0.455544 0.020169 0.073380
1 0.348081 0.459829 0.018868 0.074451
1 0.365322 0.375736 0.018217 0.058382
1 0.384678 0.373058 0.019193 0.059454
1 0.416721 0.374665 0.018217 0.061596
1 0.432661 0.373058 0.018217 0.077665
1 0.447137 0.381628 0.016591 0.074451
0 0.479993 0.384574 0.014639 0.068559
1 0.497885 0.416711 0.016591 0.059989
1 0.514639 0.407338 0.015615 0.058382
1 0.529115 0.415640 0.015940 0.072844
1 0.563273 0.426888 0.020494 0.081414
1 0.364834 0.462239 0.020494 0.070702
1 0.380937 0.452598 0.018868 0.076058
1 0.407450 0.461703 0.026350 0.073915
1 0.429083 0.452598 0.023422 0.073915
1 0.447463 0.465185 0.017892 0.073380
1 0.466331 0.464649 0.023097 0.068024
1 0.480807 0.465453 0.021470 0.057847
0 0.500488 0.472683 0.017241 0.073380
1 0.519519 0.491966 0.030579 0.074451
1 0.551074 0.501875 0.030579 0.064274
1 0.738289 0.439207 0.043266 0.033208
1 0.784808 0.451259 0.043917 0.029459
1 0.873943 0.448045 0.048471 0.040171
0 0.939655 0.484199 0.041314 0.051419
1 0.015777 0.664971 0.012687 0.062667
1 0.030416 0.662292 0.023097 0.076593
1 0.048796 0.648099 0.026025 0.087841
1 0.066200 0.660686 0.027651 0.078736
1 0.084743 0.671398 0.023097 0.069095
1 0.123617 0.675147 0.020169 0.074451
1 0.153383 0.673273 0.021145 0.069630
1 0.179896 0.676486 0.019519 0.069630
1 0.192420 0.682378 0.022446 0.074987
1 0.213891 0.611944 0.023097 0.077665
1 0.223813 0.683717 0.023422 0.076593
0 0.240729 0.682646 0.020820 0.069095
1 0.253578 0.607392 0.024398 0.059989
1 0.270332 0.629620 0.020169 0.060525
0 0.283019 0.626942 0.016265 0.069095
1 0.297495 0.627477 0.023097 0.078736
1 0.311321 0.628548 0.019519 0.077665
1 0.326448 0.643278 0.018543 0.063203
0 0.337183 0.648366 0.017241 0.068024
0 0.349545 0.650777 0.013338 0.066417
0 0.357515 0.650241 0.012362 0.066417
0 0.369714 0.650241 0.012687 0.064274
0 0.378822 0.654258 0.013338 0.063739
0 0.388094 0.656668 0.014314 0.067488
0 0.397853 0.638457 0.016265 0.063203
1 0.409889 0.653990 0.018868 0.058918
1 0.420950 0.650777 0.014314 0.065345
1 0.434613 0.658275 0.016916 0.073915
1 0.451366 0.649705 0.019193 0.069630
1 0.466493 0.650777 0.017567 0.077129
1 0.486500 0.660150 0.021145 0.076593
1 0.505368 0.656936 0.019844 0.063739
1 0.286435 0.758704 0.022446 0.075522
1 0.303025 0.739154 0.020494 0.062132
1 0.337508 0.740761 0.028302 0.074987
1 0.350683 0.726834 0.019519 0.063203
1 0.363045 0.736476 0.018868 0.061061
1 0.375895 0.735137 0.030254 0.080878
1 0.401269 0.738350 0.026350 0.063739
1 0.416558 0.742367 0.020494 0.061061
0 0.429571 0.738886 0.018543 0.066952
0 0.463565 0.751205 0.024723 0.065881
1 0.445836 0.753615 0.025699 0.080343
1 0.484060 0.750937 0.021470 0.073915
1 0.501301 0.759775 0.021470 0.056240
1 0.514802 0.752276 0.029603 0.078736
1 0.532694 0.745581 0.035459 0.064274
1 0.536109 0.677825 0.017567 0.061596
1 0.518868 0.611409 0.020169 0.076593
0 0.568966 0.712908 0.016265 0.080343
1 0.294079 0.839047 0.023422 0.072309
1 0.322219 0.862078 0.018543 0.065881
1 0.336695 0.862614 0.019519 0.071237
1 0.355888 0.867434 0.022121 0.066952
1 0.370527 0.866363 0.025374 0.072309
0 0.393299 0.867970 0.019519 0.074451
1 0.415094 0.865024 0.022121 0.071773
1 0.430872 0.865828 0.023748 0.076593
1 0.453643 0.872523 0.027001 0.070702
1 0.471047 0.874665 0.023422 0.072844
1 0.502928 0.880557 0.037085 0.063203
1 0.529603 0.892876 0.034483 0.076058
1 0.316038 0.919925 0.016591 0.015533
0 0.333767 0.919389 0.016265 0.020889
0 0.362232 0.923674 0.016591 0.017675
1 0.346291 0.920461 0.012687 0.020889
1 0.373129 0.927959 0.009109 0.012319
1 0.383865 0.924746 0.011061 0.019818
1 0.394437 0.929031 0.012687 0.014462
1 0.417209 0.930905 0.012036 0.016069
1 0.432986 0.927424 0.013663 0.026245
1 0.451041 0.933048 0.013338 0.019282
1 0.466818 0.931441 0.015615 0.025710
1 0.480644 0.933583 0.017241 0.024638
1 0.497398 0.935458 0.013663 0.025174
1 0.572381 0.846010 0.023097 0.074451
1 0.545218 0.922603 0.020169 0.061596
1 0.728204 0.945367 0.047820 0.036422
1 0.771958 0.952866 0.043591 0.036422
1 0.831653 0.961435 0.048471 0.032137
1 0.892973 0.968131 0.052700 0.035886
1 0.103936 0.657472 0.016591 0.034815
