0 0.983203 0.087269 0.033073 0.022685
1 0.975651 0.134259 0.047656 0.064815
1 0.891927 0.029630 0.050521 0.043519
1 0.921484 0.143519 0.032031 0.063889
1 0.936979 0.211111 0.029167 0.075926
1 0.920182 0.205556 0.029427 0.069444
1 0.900130 0.206019 0.027344 0.080556
0 0.881380 0.216435 0.024219 0.072685
1 0.860677 0.216204 0.024479 0.083333
1 0.843880 0.198380 0.040365 0.078241
0 0.818750 0.200231 0.021875 0.068981
0 0.769401 0.196991 0.026302 0.069907
0 0.742708 0.148148 0.042708 0.049074
1 0.903255 0.127778 0.021094 0.066667
1 0.887109 0.126620 0.017448 0.072685
0 0.872005 0.130556 0.027344 0.066667
1 0.851302 0.123380 0.025000 0.078241
1 0.834375 0.113194 0.022917 0.069907
0 0.816406 0.122454 0.015625 0.063426
1 0.780208 0.008796 0.046875 0.017593
1 0.800781 0.112731 0.022396 0.085648
1 0.779948 0.109954 0.022917 0.084722
1 0.759375 0.096759 0.021875 0.083333
1 0.741406 0.090509 0.021875 0.097685
1 0.722656 0.093056 0.024479 0.079630
1 0.708854 0.091667 0.018750 0.070370
0 0.692448 0.093519 0.017708 0.081481
1 0.678385 0.078472 0.019792 0.096759
1 0.723958 0.005093 0.024479 0.009259
1 0.752734 0.203241 0.025781 0.076852
1 0.738281 0.202315 0.024479 0.070370
1 0.719401 0.203472 0.026302 0.085648
1 0.704036 0.184491 0.025781 0.075463
0 0.686328 0.189120 0.023177 0.080093
1 0.668750 0.195833 0.023958 0.075000
1 0.640885 0.210185 0.027604 0.073148
1 0.625911 0.206713 0.028385 0.074537
1 0.525260 0.009028 0.011458 0.017130
1 0.585286 0.096759 0.019010 0.087963
1 0.556380 0.099769 0.021615 0.078241
1 0.518229 0.112731 0.016146 0.071759
1 0.500651 0.102083 0.016927 0.091204
1 0.485026 0.092593 0.021094 0.092593
1 0.465885 0.088889 0.015625 0.087037
1 0.456380 0.104630 0.011198 0.095370
0 0.445052 0.086806 0.013021 0.056019
0 0.453255 0.192361 0.019531 0.076389
0 0.420182 0.218519 0.021094 0.073148
1 0.606901 0.190046 0.026302 0.082870
1 0.583854 0.195370 0.019271 0.069444
1 0.565755 0.203704 0.019010 0.075926
1 0.550000 0.201852 0.022917 0.077778
1 0.529557 0.196759 0.021094 0.075926
1 0.510156 0.194444 0.019271 0.077778
1 0.490104 0.192361 0.019792 0.073611
1 0.473177 0.199769 0.018750 0.070833
1 0.399349 0.106944 0.017969 0.083333
1 0.363151 0.179398 0.029948 0.075463
1 0.438151 0.301620 0.042448 0.043056
1 0.369401 0.286343 0.020573 0.077315
1 0.266276 0.307870 0.048177 0.041667
1 0.219661 0.313194 0.040365 0.033796
1 0.172786 0.316667 0.054948 0.032407
1 0.113281 0.309722 0.054167 0.033333
1 0.016927 0.275231 0.031250 0.095833
1 0.946484 0.377546 0.033594 0.076389
1 0.935286 0.398843 0.027344 0.068056
1 0.916536 0.393056 0.023177 0.088889
1 0.896875 0.375926 0.037500 0.073148
1 0.883724 0.411343 0.025260 0.083796
1 0.860026 0.397222 0.023177 0.088889
1 0.833984 0.372917 0.025260 0.082870
1 0.819531 0.381944 0.021875 0.083333
1 0.803776 0.375231 0.021094 0.085648
1 0.778906 0.379167 0.021354 0.067593
1 0.757161 0.373843 0.022656 0.086574
1 0.744401 0.373380 0.023698 0.081019
1 0.727604 0.374769 0.025000 0.076389
1 0.704948 0.381944 0.020833 0.078704
1 0.690755 0.366667 0.020052 0.087963
1 0.680208 0.376620 0.021354 0.077315
0 0.660026 0.375000 0.017448 0.075000
1 0.979427 0.574306 0.040625 0.053241
1 0.958724 0.578009 0.044010 0.056944
1 0.952734 0.543519 0.048698 0.058333
1 0.917057 0.487269 0.030990 0.085648
1 0.892057 0.504167 0.029427 0.083333
1 0.867057 0.493519 0.029427 0.072222
1 0.839453 0.473380 0.028906 0.083796
1 0.791406 0.444907 0.020833 0.084259
1 0.770573 0.467593 0.021354 0.080556
1 0.748177 0.464120 0.020313 0.067130
1 0.854557 0.555556 0.057552 0.035185
1 0.728125 0.476157 0.026562 0.083796
1 0.709505 0.472454 0.020573 0.077315
1 0.695052 0.473380 0.021875 0.083796
1 0.675651 0.471528 0.020573 0.081944
1 0.658724 0.474306 0.019531 0.082870
1 0.644531 0.378241 0.018750 0.064815
1 0.624609 0.372685 0.019531 0.065741
1 0.591406 0.370833 0.018750 0.068519
1 0.575000 0.366898 0.018750 0.086574
1 0.559505 0.374769 0.016927 0.082870
0 0.525651 0.373611 0.014844 0.075926
1 0.505599 0.407407 0.016927 0.066667
1 0.488802 0.394907 0.016146 0.064815
1 0.473438 0.402083 0.016146 0.081019
1 0.437630 0.410417 0.021094 0.090278
1 0.641276 0.474769 0.021094 0.079167
1 0.625000 0.461806 0.019271 0.084722
1 0.597135 0.468981 0.027083 0.082407
1 0.575260 0.456019 0.023958 0.082407
1 0.555729 0.467593 0.018229 0.081481
1 0.536328 0.464815 0.023698 0.075926
1 0.521354 0.464120 0.021875 0.064352
0 0.500651 0.469444 0.017448 0.081481
1 0.480208 0.488657 0.031250 0.082870
1 0.447005 0.495602 0.031510 0.071759
1 0.256380 0.402315 0.044531 0.037037
1 0.207682 0.409954 0.045052 0.031944
1 0.115625 0.395370 0.050000 0.044444
0 0.046224 0.427083 0.042448 0.056944
1 0.993359 0.744907 0.012760 0.069444
1 0.978385 0.739815 0.023958 0.085185
1 0.960026 0.721759 0.026823 0.098148
1 0.941536 0.733796 0.028385 0.087963
1 0.921875 0.743519 0.023438 0.076852
1 0.881510 0.742593 0.020313 0.083333
1 0.850781 0.736806 0.021875 0.077315
1 0.823307 0.737269 0.020052 0.077315
1 0.810026 0.742130 0.023177 0.083333
1 0.790885 0.660880 0.023958 0.086574
1 0.777604 0.739583 0.023958 0.085648
0 0.760156 0.736343 0.021354 0.077315
1 0.750000 0.650694 0.025000 0.067130
1 0.731901 0.673380 0.020573 0.067130
0 0.718750 0.668981 0.016667 0.076852
1 0.703776 0.667824 0.023698 0.087500
1 0.689453 0.667361 0.020052 0.086574
1 0.673307 0.681481 0.019010 0.070370
0 0.661849 0.685880 0.017448 0.075463
0 0.648958 0.687269 0.013542 0.073611
0 0.640885 0.685648 0.012500 0.074074
0 0.628125 0.684028 0.013021 0.071759
0 0.618750 0.687269 0.013542 0.070833
0 0.608854 0.688889 0.014583 0.075000
0 0.599609 0.667130 0.016406 0.070370
1 0.586458 0.683102 0.019271 0.065278
1 0.575260 0.678241 0.014583 0.073148
1 0.560807 0.684954 0.017448 0.081944
1 0.543880 0.673380 0.019531 0.077315
1 0.528255 0.672685 0.017969 0.086111
1 0.506901 0.680556 0.021615 0.085185
1 0.487760 0.674306 0.020313 0.070833
1 0.709635 0.815509 0.022917 0.083796
1 0.693229 0.791667 0.020833 0.069444
1 0.657682 0.789120 0.028906 0.083796
1 0.644661 0.771991 0.020052 0.069907
1 0.631380 0.781019 0.019531 0.067593
1 0.618229 0.778009 0.031250 0.090278
1 0.591927 0.778472 0.027083 0.070833
1 0.575911 0.781019 0.021094 0.067593
0 0.562500 0.775694 0.018750 0.074537
0 0.526953 0.785185 0.025260 0.073148
1 0.545182 0.789815 0.026302 0.089815
1 0.505729 0.781944 0.021875 0.082407
1 0.487500 0.790046 0.021875 0.062500
1 0.473828 0.779861 0.030469 0.087500
1 0.455729 0.769907 0.036458 0.071296
1 0.455078 0.693981 0.017969 0.068519
1 0.475651 0.621991 0.020573 0.085648
0 0.419531 0.728935 0.016667 0.089352
1 0.698307 0.904167 0.023698 0.080556
1 0.668229 0.926389 0.018750 0.073148
1 0.653255 0.925231 0.020052 0.079167
1 0.633203 0.928009 0.022656 0.074537
1 0.618229 0.925231 0.026042 0.080093
0 0.594401 0.923843 0.020052 0.082870
1 0.572005 0.918056 0.022656 0.079630
1 0.555859 0.916898 0.024219 0.085648
1 0.532031 0.921759 0.027604 0.078704
1 0.513802 0.921991 0.023958 0.081019
1 0.480599 0.924306 0.038281 0.069907
1 0.452604 0.934954 0.035417 0.084722
1 0.672135 0.991667 0.017188 0.016667
0 0.653776 0.988889 0.016406 0.022222
0 0.624349 0.990278 0.016927 0.019444
1 0.640885 0.988426 0.013021 0.023148
1 0.612630 0.993519 0.009115 0.012963
1 0.601953 0.988657 0.011198 0.021759
1 0.590755 0.992130 0.012760 0.015741
1 0.567057 0.991204 0.012240 0.017593
1 0.550911 0.985417 0.013802 0.029167
1 0.532031 0.989352 0.013542 0.021296
1 0.515755 0.985880 0.015885 0.028241
1 0.501432 0.986343 0.017448 0.027315
1 0.483984 0.986343 0.013802 0.027315
1 0.410286 0.877083 0.023698 0.082870
1 0.435026 0.965741 0.020573 0.068519
1 0.245052 0.968519 0.049479 0.040741
1 0.199479 0.971296 0.044792 0.039815
1 0.137500 0.973380 0.050000 0.035648
1 0.073698 0.973380 0.054167 0.039352
1 0.902604 0.725231 0.016667 0.038426
