0 0.983203 0.912731 0.033073 0.022685
1 0.975651 0.865741 0.047656 0.064815
1 0.891927 0.970370 0.050521 0.043519
1 0.921484 0.856481 0.032031 0.063889
1 0.936979 0.788889 0.029167 0.075926
1 0.920182 0.794444 0.029427 0.069444
1 0.900130 0.793981 0.027344 0.080556
0 0.881380 0.783565 0.024219 0.072685
1 0.860677 0.783796 0.024479 0.083333
1 0.843880 0.801620 0.040365 0.078241
0 0.818750 0.799769 0.021875 0.068981
0 0.769401 0.803009 0.026302 0.069907
0 0.742708 0.851852 0.042708 0.049074
1 0.903255 0.872222 0.021094 0.066667
1 0.887109 0.873380 0.017448 0.072685
0 0.872005 0.869444 0.027344 0.066667
1 0.851302 0.876620 0.025000 0.078241
1 0.834375 0.886806 0.022917 0.069907
0 0.816406 0.877546 0.015625 0.063426
1 0.780208 0.991204 0.046875 0.017593
1 0.800781 0.887269 0.022396 0.085648
1 0.779948 0.890046 0.022917 0.084722
1 0.759375 0.903241 0.021875 0.083333
1 0.741406 0.909491 0.021875 0.097685
1 0.722656 0.906944 0.024479 0.079630
1 0.708854 0.908333 0.018750 0.070370
0 0.692448 0.906481 0.017708 0.081481
1 0.678385 0.921528 0.019792 0.096759
1 0.723958 0.994907 0.024479 0.009259
1 0.752734 0.796759 0.025781 0.076852
1 0.738281 0.797685 0.024479 0.070370
1 0.719401 0.796528 0.026302 0.085648
1 0.704036 0.815509 0.025781 0.075463
0 0.686328 0.810880 0.023177 0.080093
1 0.668750 0.804167 0.023958 0.075000
1 0.640885 0.789815 0.027604 0.073148
1 0.625911 0.793287 0.028385 0.074537
1 0.525260 0.990972 0.011458 0.017130
1 0.585286 0.903241 0.019010 0.087963
1 0.556380 0.900231 0.021615 0.078241
1 0.518229 0.887269 0.016146 0.071759
1 0.500651 0.897917 0.016927 0.091204
1 0.485026 0.907407 0.021094 0.092593
1 0.465885 0.911111 0.015625 0.087037
1 0.456380 0.895370 0.011198 0.095370
0 0.445052 0.913194 0.013021 0.056019
0 0.453255 0.807639 0.019531 0.076389
0 0.420182 0.781481 0.021094 0.073148
1 0.606901 0.809954 0.026302 0.082870
1 0.583854 0.804630 0.019271 0.069444
1 0.565755 0.796296 0.019010 0.075926
1 0.550000 0.798148 0.022917 0.077778
1 0.529557 0.803241 0.021094 0.075926
1 0.510156 0.805556 0.019271 0.077778
1 0.490104 0.807639 0.019792 0.073611
1 0.473177 0.800231 0.018750 0.070833
1 0.399349 0.893056 0.017969 0.083333
1 0.363151 0.820602 0.029948 0.075463
1 0.438151 0.698380 0.042448 0.043056
1 0.369401 0.713657 0.020573 0.077315
1 0.266276 0.692130 0.048177 0.041667
1 0.219661 0.686806 0.040365 0.033796
1 0.172786 0.683333 0.054948 0.032407
1 0.113281 0.690278 0.054167 0.033333
1 0.016927 0.724769 0.031250 0.095833
1 0.946484 0.622454 0.033594 0.076389
1 0.935286 0.601157 0.027344 0.068056
1 0.916536 0.606944 0.023177 0.088889
1 0.896875 0.624074 0.037500 0.073148
1 0.883724 0.588657 0.025260 0.083796
1 0.860026 0.602778 0.023177 0.088889
1 0.833984 0.627083 0.025260 0.082870
1 0.819531 0.618056 0.021875 0.083333
1 0.803776 0.624769 0.021094 0.085648
1 0.778906 0.620833 0.021354 0.067593
1 0.757161 0.626157 0.022656 0.086574
1 0.744401 0.626620 0.023698 0.081019
1 0.727604 0.625231 0.025000 0.076389
1 0.704948 0.618056 0.020833 0.078704
1 0.690755 0.633333 0.020052 0.087963
1 0.680208 0.623380 0.021354 0.077315
0 0.660026 0.625000 0.017448 0.075000
1 0.979427 0.425694 0.040625 0.053241
1 0.958724 0.421991 0.044010 0.056944
1 0.952734 0.456481 0.048698 0.058333
1 0.917057 0.512731 0.030990 0.085648
1 0.892057 0.495833 0.029427 0.083333
1 0.867057 0.506481 0.029427 0.072222
1 0.839453 0.526620 0.028906 0.083796
1 0.791406 0.555093 0.020833 0.084259
1 0.770573 0.532407 0.021354 0.080556
1 0.748177 0.535880 0.020313 0.067130
1 0.854557 0.444444 0.057552 0.035185
1 0.728125 0.523843 0.026562 0.083796
1 0.709505 0.527546 0.020573 0.077315
1 0.695052 0.526620 0.021875 0.083796
1 0.675651 0.528472 0.020573 0.081944
1 0.658724 0.525694 0.019531 0.082870
1 0.644531 0.621759 0.018750 0.064815
1 0.624609 0.627315 0.019531 0.065741
1 0.591406 0.629167 0.018750 0.068519
1 0.575000 0.633102 0.018750 0.086574
1 0.559505 0.625231 0.016927 0.082870
0 0.525651 0.626389 0.014844 0.075926
1 0.505599 0.592593 0.016927 0.066667
1 0.488802 0.605093 0.016146 0.064815
1 0.473438 0.597917 0.016146 0.081019
1 0.437630 0.589583 0.021094 0.090278
1 0.641276 0.525231 0.021094 0.079167
1 0.625000 0.538194 0.019271 0.084722
1 0.597135 0.531019 0.027083 0.082407
1 0.575260 0.543981 0.023958 0.082407
1 0.555729 0.532407 0.018229 0.081481
1 0.536328 0.535185 0.023698 0.075926
1 0.521354 0.535880 0.021875 0.064352
0 0.500651 0.530556 0.017448 0.081481
1 0.480208 0.511343 0.031250 0.082870
1 0.447005 0.504398 0.031510 0.071759
1 0.256380 0.597685 0.044531 0.037037
1 0.207682 0.590046 0.045052 0.031944
1 0.115625 0.604630 0.050000 0.044444
0 0.046224 0.572917 0.042448 0.056944
1 0.993359 0.255093 0.012760 0.069444
1 0.978385 0.260185 0.023958 0.085185
1 0.960026 0.278241 0.026823 0.098148
1 0.941536 0.266204 0.028385 0.087963
1 0.921875 0.256481 0.023438 0.076852
1 0.881510 0.257407 0.020313 0.083333
1 0.850781 0.263194 0.021875 0.077315
1 0.823307 0.262731 0.020052 0.077315
1 0.810026 0.257870 0.023177 0.083333
1 0.790885 0.339120 0.023958 0.086574
1 0.777604 0.260417 0.023958 0.085648
0 0.760156 0.263657 0.021354 0.077315
1 0.750000 0.349306 0.025000 0.067130
1 0.731901 0.326620 0.020573 0.067130
0 0.718750 0.331019 0.016667 0.076852
1 0.703776 0.332176 0.023698 0.087500
1 0.689453 0.332639 0.020052 0.086574
1 0.673307 0.318519 0.019010 0.070370
0 0.661849 0.314120 0.017448 0.075463
0 0.648958 0.312731 0.013542 0.073611
0 0.640885 0.314352 0.012500 0.074074
0 0.628125 0.315972 0.013021 0.071759
0 0.618750 0.312731 0.013542 0.070833
0 0.608854 0.311111 0.014583 0.075000
0 0.599609 0.332870 0.016406 0.070370
1 0.586458 0.316898 0.019271 0.065278
1 0.575260 0.321759 0.014583 0.073148
1 0.560807 0.315046 0.017448 0.081944
1 0.543880 0.326620 0.019531 0.077315
1 0.528255 0.327315 0.017969 0.086111
1 0.506901 0.319444 0.021615 0.085185
1 0.487760 0.325694 0.020313 0.070833
1 0.709635 0.184491 0.022917 0.083796
1 0.693229 0.208333 0.020833 0.069444
1 0.657682 0.210880 0.028906 0.083796
1 0.644661 0.228009 0.020052 0.069907
1 0.631380 0.218981 0.019531 0.067593
1 0.618229 0.221991 0.031250 0.090278
1 0.591927 0.221528 0.027083 0.070833
1 0.575911 0.218981 0.021094 0.067593
0 0.562500 0.224306 0.018750 0.074537
0 0.526953 0.214815 0.025260 0.073148
1 0.545182 0.210185 0.026302 0.089815
1 0.505729 0.218056 0.021875 0.082407
1 0.487500 0.209954 0.021875 0.062500
1 0.473828 0.220139 0.030469 0.087500
1 0.455729 0.230093 0.036458 0.071296
1 0.455078 0.306019 0.017969 0.068519
1 0.475651 0.378009 0.020573 0.085648
0 0.419531 0.271065 0.016667 0.089352
1 0.698307 0.095833 0.023698 0.080556
1 0.668229 0.073611 0.018750 0.073148
1 0.653255 0.074769 0.020052 0.079167
1 0.633203 0.071991 0.022656 0.074537
1 0.618229 0.074769 0.026042 0.080093
0 0.594401 0.076157 0.020052 0.082870
1 0.572005 0.081944 0.022656 0.079630
1 0.555859 0.083102 0.024219 0.085648
1 0.532031 0.078241 0.027604 0.078704
1 0.513802 0.078009 0.023958 0.081019
1 0.480599 0.075694 0.038281 0.069907
1 0.452604 0.065046 0.035417 0.084722
1 0.672135 0.008333 0.017188 0.016667
0 0.653776 0.011111 0.016406 0.022222
0 0.624349 0.009722 0.016927 0.019444
1 0.640885 0.011574 0.013021 0.023148
1 0.612630 0.006481 0.009115 0.012963
1 0.601953 0.011343 0.011198 0.021759
1 0.590755 0.007870 0.012760 0.015741
1 0.567057 0.008796 0.012240 0.017593
1 0.550911 0.014583 0.013802 0.029167
1 0.532031 0.010648 0.013542 0.021296
1 0.515755 0.014120 0.015885 0.028241
1 0.501432 0.013657 0.017448 0.027315
1 0.483984 0.013657 0.013802 0.027315
1 0.410286 0.122917 0.023698 0.082870
1 0.435026 0.034259 0.020573 0.068519
1 0.245052 0.031481 0.049479 0.040741
1 0.199479 0.028704 0.044792 0.039815
1 0.137500 0.026620 0.050000 0.035648
1 0.073698 0.026620 0.054167 0.039352
1 0.902604 0.274769 0.016667 0.038426
