0 0.947802 0.079021 0.032280 0.020810
1 0.942479 0.121766 0.046360 0.057930
1 0.857830 0.038526 0.048764 0.038808
1 0.890797 0.136108 0.030907 0.057368
1 0.908310 0.194038 0.028159 0.067492
1 0.891999 0.191226 0.028503 0.061867
1 0.872768 0.193757 0.026442 0.071429
0 0.855254 0.205006 0.023695 0.064679
1 0.835337 0.207537 0.023695 0.074241
1 0.818338 0.193476 0.039148 0.069741
0 0.794299 0.197975 0.021291 0.061867
0 0.746738 0.201069 0.025755 0.062430
0 0.719265 0.160855 0.041552 0.043870
1 0.872596 0.124297 0.020604 0.059618
1 0.857143 0.125141 0.017170 0.064679
0 0.842720 0.130202 0.026786 0.059055
1 0.822630 0.126265 0.024382 0.070304
1 0.805804 0.118954 0.022321 0.062430
0 0.788977 0.129640 0.015453 0.056805
1 0.749657 0.032902 0.045330 0.016310
1 0.773695 0.122610 0.021978 0.076490
1 0.753606 0.122610 0.022321 0.075366
1 0.733173 0.113048 0.021291 0.074241
1 0.715659 0.109955 0.021291 0.087177
1 0.697802 0.114173 0.024038 0.070866
1 0.684581 0.114736 0.018201 0.062992
0 0.668784 0.118110 0.017514 0.073116
1 0.654705 0.106580 0.019574 0.086052
1 0.695570 0.036277 0.023695 0.008436
1 0.730941 0.208099 0.025069 0.068616
1 0.717205 0.209224 0.023695 0.062992
1 0.699004 0.212317 0.025755 0.075928
1 0.683551 0.197413 0.025069 0.067492
0 0.666724 0.203318 0.022321 0.071429
1 0.650069 0.211192 0.023352 0.066929
1 0.623970 0.227222 0.026786 0.065242
1 0.609375 0.225816 0.027816 0.066929
1 0.504979 0.062430 0.011332 0.015748
1 0.565934 0.133296 0.018544 0.078740
1 0.538462 0.139483 0.021291 0.069741
1 0.502232 0.155231 0.016140 0.064117
1 0.484890 0.147638 0.016484 0.081552
1 0.469437 0.141170 0.020604 0.082115
1 0.451065 0.140045 0.015453 0.077615
1 0.442651 0.154949 0.010989 0.084927
0 0.430975 0.140326 0.013049 0.050056
0 0.442995 0.233127 0.019231 0.068054
0 0.412431 0.259843 0.020604 0.065242
1 0.590488 0.213442 0.025755 0.073678
1 0.568510 0.220754 0.018887 0.062430
1 0.551511 0.230034 0.018544 0.067492
1 0.536229 0.230315 0.022321 0.069179
1 0.516484 0.228065 0.020604 0.068054
1 0.497768 0.228346 0.018887 0.069741
1 0.478365 0.228628 0.019231 0.065804
1 0.462397 0.237345 0.018201 0.062992
1 0.387878 0.163667 0.017514 0.074241
1 0.355941 0.231721 0.029190 0.067492
1 0.432692 0.331552 0.041209 0.038808
1 0.366243 0.325928 0.020261 0.069179
1 0.267857 0.356862 0.046703 0.037683
1 0.223386 0.366704 0.038805 0.030371
1 0.178400 0.375141 0.053228 0.029246
1 0.121051 0.375984 0.052541 0.029809
1 0.027129 0.356580 0.030220 0.085489
1 0.923935 0.340270 0.032624 0.068616
1 0.914148 0.360517 0.026786 0.060742
1 0.895948 0.357424 0.022665 0.079303
1 0.876374 0.344488 0.036401 0.065804
1 0.865041 0.377109 0.024725 0.074803
1 0.841690 0.367548 0.022665 0.079303
1 0.815762 0.348988 0.024382 0.073678
1 0.802198 0.358830 0.021291 0.074241
1 0.786745 0.354612 0.020604 0.075928
1 0.763221 0.360799 0.020948 0.060180
1 0.742102 0.358549 0.021978 0.077053
1 0.729739 0.359674 0.023352 0.072553
1 0.713771 0.363048 0.024382 0.068054
1 0.692136 0.372047 0.020261 0.070304
1 0.678056 0.359955 0.019574 0.078740
1 0.668269 0.370079 0.020604 0.068616
0 0.648695 0.370922 0.017170 0.066929
1 0.963427 0.510405 0.039492 0.047807
1 0.943681 0.516310 0.042582 0.050619
1 0.936641 0.486220 0.047047 0.052306
1 0.900069 0.440664 0.030220 0.075928
1 0.876717 0.458380 0.028846 0.074241
1 0.852335 0.451912 0.028846 0.064679
1 0.825034 0.437289 0.027816 0.074803
1 0.777644 0.417604 0.020261 0.074803
1 0.758757 0.440101 0.020948 0.071429
1 0.736951 0.439539 0.019918 0.060180
1 0.842720 0.508436 0.055632 0.031496
1 0.718235 0.452475 0.025755 0.074803
1 0.700206 0.451350 0.019918 0.069179
1 0.686298 0.453881 0.021635 0.074241
1 0.667582 0.454443 0.019918 0.073116
1 0.651442 0.458943 0.019231 0.074241
1 0.634100 0.375422 0.018201 0.057930
1 0.614698 0.372891 0.019231 0.058493
1 0.582761 0.374859 0.018544 0.061305
1 0.566793 0.373453 0.018201 0.077615
1 0.552198 0.382171 0.016484 0.073678
0 0.519746 0.384983 0.014766 0.068054
1 0.501717 0.417323 0.016484 0.059618
1 0.485234 0.408043 0.015797 0.057930
1 0.470639 0.416198 0.016140 0.071991
1 0.436470 0.427728 0.020604 0.080427
1 0.634615 0.461192 0.020604 0.070866
1 0.618647 0.451631 0.018887 0.075366
1 0.592205 0.461192 0.026442 0.073116
1 0.570742 0.452475 0.023352 0.073678
1 0.552198 0.464848 0.017857 0.072553
1 0.533482 0.464567 0.023008 0.067492
1 0.519231 0.465692 0.021291 0.057368
0 0.499313 0.472722 0.017170 0.072553
1 0.480598 0.492126 0.030563 0.074241
1 0.449004 0.502250 0.030563 0.064117
1 0.262191 0.441226 0.042926 0.033183
1 0.215831 0.453600 0.043613 0.028684
1 0.126717 0.451350 0.048077 0.039933
0 0.061298 0.487345 0.040865 0.051181
1 0.983516 0.659730 0.012363 0.061867
1 0.969093 0.657199 0.023352 0.075928
1 0.950549 0.643138 0.026099 0.087177
1 0.933379 0.656074 0.027473 0.078178
1 0.914835 0.667042 0.022665 0.068616
1 0.876030 0.670697 0.019918 0.074803
1 0.846154 0.669010 0.021291 0.069179
1 0.819883 0.672666 0.019574 0.068616
1 0.807349 0.678290 0.022665 0.074241
1 0.785714 0.608830 0.023352 0.077053
1 0.776099 0.679978 0.023352 0.076490
0 0.759272 0.679134 0.020604 0.069179
1 0.746051 0.604331 0.024382 0.060180
1 0.729567 0.626547 0.020261 0.059618
0 0.716861 0.624297 0.016140 0.068616
1 0.702438 0.625141 0.023008 0.078178
1 0.688702 0.626265 0.019574 0.077053
1 0.673764 0.640607 0.018544 0.062992
0 0.662775 0.645669 0.017170 0.067492
0 0.650584 0.648481 0.013393 0.065242
0 0.642514 0.647919 0.012363 0.066367
0 0.630323 0.647919 0.012706 0.064117
0 0.621394 0.651856 0.013393 0.062992
0 0.611951 0.654387 0.014423 0.066929
0 0.602163 0.636389 0.016140 0.062430
1 0.590144 0.651856 0.018887 0.058493
1 0.579327 0.649044 0.014423 0.065242
1 0.565762 0.656355 0.016827 0.073116
1 0.549107 0.648200 0.019231 0.069179
1 0.533997 0.649325 0.017857 0.077053
1 0.513736 0.658886 0.021291 0.075928
1 0.495192 0.655512 0.019918 0.063555
1 0.713771 0.755062 0.022321 0.074803
1 0.697115 0.735658 0.020604 0.061867
1 0.662775 0.737627 0.028159 0.074803
1 0.649554 0.724128 0.019574 0.062430
1 0.637363 0.733408 0.019231 0.060742
1 0.624657 0.732283 0.030220 0.080990
1 0.599416 0.735658 0.026442 0.062992
1 0.584135 0.739876 0.020604 0.060180
0 0.570913 0.736783 0.018201 0.066367
0 0.537088 0.749156 0.024725 0.065242
1 0.554773 0.751125 0.025755 0.080427
1 0.516655 0.748594 0.021635 0.073116
1 0.499485 0.757874 0.021635 0.055681
1 0.485920 0.750562 0.029533 0.078178
1 0.468235 0.743813 0.035371 0.063555
1 0.464457 0.676884 0.017514 0.061305
1 0.481456 0.610799 0.019918 0.076490
0 0.431834 0.711755 0.016140 0.079303
1 0.706559 0.834646 0.023008 0.071991
1 0.678400 0.857705 0.018201 0.065242
1 0.663977 0.858549 0.019574 0.070304
1 0.644918 0.863330 0.021978 0.066367
1 0.630495 0.862486 0.025412 0.071429
0 0.607315 0.864173 0.019574 0.073678
1 0.585680 0.861642 0.022321 0.070866
1 0.570227 0.862205 0.023695 0.076490
1 0.547390 0.869235 0.026786 0.070304
1 0.529876 0.871766 0.023352 0.071991
1 0.498283 0.877672 0.037088 0.062430
1 0.471669 0.890326 0.034684 0.075366
1 0.684753 0.915354 0.017170 0.015186
0 0.667067 0.914792 0.016140 0.019685
0 0.638736 0.919573 0.016484 0.017998
1 0.654705 0.915917 0.012706 0.020810
1 0.627747 0.923791 0.008929 0.011811
1 0.617273 0.920416 0.011332 0.019685
1 0.606628 0.924916 0.012706 0.014061
1 0.583791 0.926884 0.012363 0.015748
1 0.567995 0.923791 0.013736 0.026434
1 0.549966 0.929134 0.013393 0.019123
1 0.534341 0.928009 0.015797 0.025872
1 0.520604 0.930259 0.017170 0.024747
1 0.503777 0.931946 0.013736 0.024747
1 0.428743 0.843926 0.023008 0.073678
1 0.456044 0.919291 0.019918 0.061305
1 0.273695 0.943476 0.048077 0.036558
1 0.230082 0.951350 0.043269 0.035433
1 0.170501 0.960349 0.048420 0.032058
1 0.109203 0.967660 0.052198 0.035433
1 0.895604 0.652981 0.016484 0.034871
