0 0.017438 0.119518 0.032740 0.025324
1 0.024911 0.164917 0.046975 0.064237
1 0.107829 0.061767 0.049822 0.046943
1 0.078826 0.172637 0.032384 0.062384
1 0.095907 0.155343 0.029537 0.064855
1 0.113167 0.154416 0.019217 0.070414
0 0.127936 0.157505 0.031673 0.066708
1 0.148932 0.149475 0.025979 0.074120
1 0.164947 0.140210 0.025267 0.066708
0 0.183986 0.146387 0.017082 0.061767
1 0.196975 0.137739 0.022420 0.084002
1 0.064769 0.237492 0.025623 0.072267
1 0.081139 0.231316 0.026335 0.067326
1 0.101068 0.232860 0.024911 0.075355
0 0.119573 0.241816 0.024911 0.068561
1 0.138078 0.239036 0.022776 0.080296
1 0.156050 0.221742 0.037367 0.075355
0 0.180605 0.224212 0.019573 0.066708
1 0.216904 0.036133 0.045907 0.017912
1 0.271886 0.029957 0.026335 0.010500
1 0.219039 0.132180 0.023132 0.081532
1 0.239324 0.121371 0.024555 0.082149
1 0.256228 0.114268 0.022064 0.093885
1 0.274199 0.114577 0.024555 0.080914
1 0.288790 0.113342 0.018149 0.066090
0 0.304982 0.114268 0.017794 0.079061
1 0.318861 0.100679 0.019217 0.091414
0 0.230605 0.218653 0.026335 0.069179
0 0.255516 0.170167 0.043416 0.045090
1 0.245730 0.222977 0.025267 0.071649
1 0.259786 0.222977 0.026335 0.065473
1 0.279537 0.223595 0.025267 0.080296
1 0.294128 0.203521 0.025979 0.074737
0 0.312633 0.207536 0.021708 0.075355
1 0.330427 0.213712 0.023843 0.074120
1 0.357295 0.227301 0.024911 0.066708
1 0.372420 0.222359 0.026690 0.070414
1 0.390036 0.205065 0.024911 0.079061
1 0.413523 0.209389 0.017794 0.067943
1 0.411922 0.114268 0.017438 0.082767
1 0.440925 0.116739 0.019217 0.075355
1 0.431673 0.215565 0.019217 0.075355
1 0.447153 0.215565 0.023843 0.072884
1 0.470107 0.025324 0.009964 0.014824
1 0.467438 0.209697 0.022420 0.078443
1 0.478292 0.127548 0.015658 0.066090
1 0.494662 0.115503 0.019217 0.087708
1 0.510676 0.106547 0.021352 0.090797
1 0.529004 0.101297 0.017438 0.085238
1 0.539858 0.117974 0.013523 0.091414
0 0.548932 0.097900 0.014591 0.053737
1 0.597153 0.156887 0.017082 0.079061
1 0.643772 0.222668 0.031317 0.074737
0 0.573665 0.213403 0.017794 0.072267
0 0.544306 0.202903 0.020285 0.072267
1 0.522954 0.208771 0.019573 0.075355
1 0.506940 0.205374 0.020285 0.073502
1 0.485765 0.206300 0.017794 0.076590
1 0.054804 0.399629 0.034875 0.072884
1 0.067972 0.417851 0.025623 0.067326
1 0.087900 0.412909 0.023488 0.087091
1 0.107829 0.394997 0.034875 0.072267
1 0.119395 0.428042 0.025267 0.081532
1 0.142527 0.413836 0.023843 0.087708
1 0.168327 0.390364 0.024911 0.081532
1 0.088078 0.503706 0.030961 0.082149
1 0.111922 0.518221 0.029537 0.080296
1 0.137722 0.508030 0.029181 0.068561
1 0.164057 0.487029 0.028470 0.080914
1 0.183274 0.397468 0.021352 0.082149
1 0.196797 0.391909 0.024911 0.083385
1 0.211744 0.452749 0.022064 0.082767
1 0.222420 0.394070 0.022064 0.065473
1 0.232918 0.478073 0.019573 0.079061
1 0.244306 0.387894 0.020996 0.081532
1 0.256762 0.386658 0.023843 0.079061
1 0.273488 0.386658 0.023132 0.072884
1 0.295730 0.394997 0.022064 0.075973
1 0.253381 0.476529 0.022776 0.064855
1 0.274021 0.487647 0.027758 0.080914
1 0.292527 0.481161 0.020641 0.074120
1 0.309253 0.379555 0.019217 0.087091
1 0.320285 0.388203 0.019217 0.077208
0 0.339502 0.384497 0.017082 0.069796
1 0.355516 0.387276 0.018505 0.061767
1 0.374911 0.382952 0.018861 0.061767
1 0.408897 0.380173 0.017082 0.064855
1 0.306406 0.481470 0.023488 0.082149
1 0.325267 0.479308 0.022064 0.079061
1 0.342527 0.480852 0.022420 0.080914
1 0.358719 0.481470 0.024199 0.077208
1 0.373132 0.468190 0.024555 0.080296
1 0.402847 0.474058 0.027046 0.079679
1 0.423488 0.375849 0.014947 0.084620
1 0.439680 0.381408 0.015302 0.078443
1 0.424911 0.463558 0.023488 0.082149
1 0.444306 0.471279 0.016726 0.079061
1 0.463701 0.470661 0.022776 0.071649
1 0.478648 0.468808 0.022776 0.060531
0 0.472242 0.379864 0.012100 0.070414
1 0.493950 0.410130 0.017082 0.064237
1 0.509075 0.398703 0.013879 0.061149
1 0.524733 0.405188 0.016726 0.075355
1 0.561032 0.412292 0.020996 0.087091
1 0.553025 0.491353 0.030605 0.068561
1 0.519573 0.488882 0.030605 0.078443
0 0.497509 0.471896 0.017082 0.076590
1 0.566726 0.300803 0.039502 0.040766
1 0.618327 0.328907 0.023132 0.073502
1 0.727936 0.307906 0.048043 0.042619
1 0.775089 0.312230 0.039858 0.029030
1 0.821530 0.313774 0.053737 0.034589
1 0.880071 0.304200 0.052669 0.033972
1 0.877758 0.386041 0.048754 0.042001
1 0.738790 0.395615 0.044128 0.038913
1 0.787900 0.402409 0.043416 0.033972
1 0.977224 0.299259 0.029181 0.090797
0 0.970285 0.443484 0.042349 0.053119
1 0.026690 0.590179 0.040569 0.050031
1 0.047153 0.591106 0.043772 0.056825
1 0.052669 0.559296 0.049110 0.056208
1 0.150712 0.566399 0.056584 0.034589
1 0.014413 0.751081 0.012456 0.066708
1 0.028648 0.747993 0.022420 0.079061
1 0.046797 0.730698 0.025979 0.091414
1 0.063701 0.743360 0.032740 0.079679
1 0.086121 0.752934 0.026335 0.084002
1 0.125445 0.747993 0.019573 0.079061
1 0.105694 0.735330 0.015658 0.040148
1 0.155160 0.742125 0.022776 0.077208
1 0.183452 0.740889 0.020996 0.074737
1 0.196085 0.747375 0.021352 0.080296
1 0.213701 0.666152 0.024555 0.083385
1 0.227580 0.742434 0.023843 0.084002
0 0.245730 0.737183 0.020996 0.077208
1 0.254270 0.656269 0.024555 0.063620
1 0.272242 0.674490 0.019929 0.066708
0 0.285231 0.671093 0.014591 0.072267
1 0.301246 0.669858 0.025267 0.083385
1 0.314947 0.669549 0.017794 0.085238
1 0.296263 0.813465 0.022420 0.081532
1 0.311566 0.789685 0.020285 0.068561
1 0.330605 0.683447 0.020641 0.069796
0 0.341815 0.685917 0.014591 0.071032
0 0.354093 0.686535 0.012811 0.069796
0 0.363523 0.685608 0.011744 0.067943
0 0.374377 0.684064 0.012100 0.068561
0 0.384342 0.685608 0.013523 0.069179
0 0.395018 0.688079 0.014235 0.069179
0 0.403915 0.666461 0.014947 0.066708
1 0.416548 0.680049 0.019573 0.064237
1 0.346797 0.786597 0.029537 0.082149
1 0.359964 0.766214 0.020996 0.067326
1 0.373132 0.776405 0.019573 0.065473
1 0.386299 0.773935 0.031673 0.086473
1 0.412100 0.773317 0.028470 0.069179
1 0.428826 0.773935 0.020641 0.066708
0 0.441815 0.768993 0.017438 0.071649
1 0.458363 0.782582 0.026335 0.082767
1 0.427046 0.676652 0.014235 0.068561
1 0.442349 0.680976 0.018505 0.079679
1 0.458185 0.669858 0.018861 0.073502
1 0.473310 0.669549 0.019929 0.081532
0 0.476335 0.779185 0.025979 0.072267
1 0.497331 0.772390 0.021708 0.078443
1 0.516014 0.779802 0.022776 0.059914
1 0.528826 0.769920 0.029893 0.084620
1 0.546619 0.760346 0.035587 0.066708
1 0.495730 0.675108 0.022064 0.085238
1 0.513523 0.667078 0.020641 0.070414
1 0.525801 0.610562 0.020996 0.084620
1 0.546441 0.687461 0.018861 0.066708
0 0.587367 0.758493 0.019573 0.085238
1 0.308363 0.898394 0.022420 0.079679
1 0.335943 0.980852 0.017082 0.014824
1 0.338256 0.917542 0.018861 0.071032
1 0.353737 0.915380 0.020641 0.075355
1 0.371708 0.919704 0.023132 0.074120
1 0.386477 0.914762 0.026335 0.077826
0 0.411922 0.912909 0.021708 0.082767
0 0.353025 0.977764 0.016370 0.019765
0 0.382384 0.978073 0.017438 0.017912
1 0.366548 0.975293 0.013523 0.023471
1 0.395374 0.981470 0.007117 0.009883
1 0.403737 0.975293 0.009609 0.022236
1 0.414947 0.978691 0.013523 0.014206
1 0.433986 0.907041 0.023132 0.079679
1 0.450000 0.904880 0.023843 0.086473
1 0.439502 0.977146 0.009964 0.016059
1 0.454982 0.971279 0.013167 0.026560
1 0.473310 0.911674 0.027046 0.077826
1 0.492171 0.909512 0.022776 0.079679
1 0.473843 0.974058 0.013167 0.019765
1 0.489680 0.969734 0.012811 0.027177
1 0.503203 0.970043 0.015658 0.025324
1 0.524199 0.909821 0.039146 0.069179
1 0.520641 0.969117 0.012811 0.025942
1 0.551601 0.918777 0.034164 0.082149
1 0.570285 0.947807 0.020996 0.064855
1 0.599110 0.910439 0.021708 0.080296
1 0.755872 0.943484 0.048399 0.042619
1 0.803025 0.945645 0.043772 0.039531
1 0.864235 0.944410 0.049466 0.035825
1 0.925801 0.944410 0.053737 0.037060
