0 0.056214 0.079945 0.031832 0.022527
1 0.060786 0.121978 0.045039 0.058242
1 0.146800 0.042033 0.047748 0.042308
1 0.112259 0.137363 0.031493 0.057143
1 0.129699 0.124451 0.028446 0.058791
1 0.146461 0.126374 0.018625 0.063736
0 0.160515 0.131868 0.030477 0.060440
1 0.181341 0.128022 0.025398 0.067033
1 0.197426 0.121978 0.024382 0.060440
0 0.215374 0.130495 0.016255 0.056593
1 0.228242 0.125000 0.021673 0.075275
1 0.094988 0.193681 0.024721 0.065385
1 0.111243 0.190659 0.025398 0.061538
1 0.130545 0.195330 0.024043 0.068681
0 0.147816 0.206044 0.024043 0.061538
1 0.165764 0.206868 0.022012 0.071978
1 0.184219 0.193956 0.035896 0.068132
0 0.207586 0.200275 0.018964 0.059890
1 0.253302 0.036264 0.044023 0.016484
1 0.306637 0.039835 0.025398 0.009341
1 0.250085 0.123352 0.022689 0.074176
1 0.270064 0.117033 0.024043 0.074725
1 0.286658 0.113187 0.021334 0.084615
1 0.304098 0.116484 0.023705 0.073626
1 0.318320 0.117582 0.017609 0.059341
0 0.333898 0.121154 0.016932 0.071978
1 0.347951 0.110714 0.018625 0.082967
0 0.256180 0.203297 0.025398 0.062637
0 0.282933 0.163187 0.042330 0.040659
1 0.270572 0.209615 0.024382 0.064286
1 0.284118 0.211538 0.025737 0.059341
1 0.303082 0.215385 0.024382 0.072527
1 0.318320 0.199725 0.025059 0.067582
0 0.335930 0.206319 0.020996 0.068681
1 0.352523 0.214835 0.023027 0.067033
1 0.377921 0.231319 0.024382 0.060440
1 0.392652 0.229121 0.026075 0.063736
1 0.410769 0.216484 0.024382 0.071429
1 0.433288 0.224451 0.017271 0.060989
1 0.436844 0.138187 0.016932 0.075275
1 0.464782 0.145055 0.018625 0.068132
1 0.450389 0.232418 0.018286 0.068132
1 0.464951 0.235440 0.023027 0.065385
1 0.498137 0.067308 0.009482 0.012637
1 0.485100 0.232967 0.022012 0.071429
1 0.500339 0.160714 0.015239 0.059890
1 0.516763 0.152747 0.018964 0.079121
1 0.532848 0.146978 0.020657 0.081868
1 0.550626 0.145330 0.016932 0.077473
1 0.560278 0.161813 0.013207 0.082967
0 0.570098 0.145604 0.013884 0.048352
1 0.613105 0.206319 0.016593 0.070879
1 0.654419 0.272802 0.030139 0.067582
0 0.587369 0.253571 0.017271 0.065385
0 0.559770 0.239286 0.019641 0.065385
1 0.538774 0.241209 0.018964 0.068132
1 0.523366 0.235440 0.019302 0.066484
1 0.502878 0.233242 0.016932 0.068681
1 0.076194 0.338187 0.033864 0.065385
1 0.087877 0.356868 0.024721 0.060989
1 0.107518 0.355220 0.022689 0.078571
1 0.127497 0.342308 0.033525 0.064835
1 0.136979 0.374176 0.024043 0.073626
1 0.160176 0.364835 0.023027 0.079121
1 0.186421 0.347802 0.024043 0.073626
1 0.102608 0.437363 0.029800 0.073626
1 0.124619 0.454121 0.028446 0.071978
1 0.150017 0.449176 0.028446 0.062088
1 0.176600 0.434615 0.027430 0.072527
1 0.200305 0.356868 0.020657 0.074176
1 0.213681 0.353846 0.024382 0.075824
1 0.224517 0.411538 0.020996 0.074725
1 0.238232 0.359890 0.021334 0.059341
1 0.243481 0.437637 0.018964 0.071978
1 0.259736 0.357692 0.020318 0.073626
1 0.271927 0.359066 0.023027 0.070879
1 0.287843 0.361538 0.022350 0.065934
1 0.309008 0.372527 0.021334 0.069231
1 0.263630 0.439286 0.022012 0.058791
1 0.282763 0.452473 0.027091 0.073077
1 0.300880 0.449725 0.019980 0.066484
1 0.322892 0.360714 0.018625 0.078571
1 0.333051 0.370604 0.018625 0.069780
0 0.351676 0.370055 0.016593 0.063187
1 0.367084 0.375275 0.017609 0.056044
1 0.386048 0.374725 0.018286 0.056044
1 0.418727 0.377473 0.016593 0.058242
1 0.314426 0.452473 0.022689 0.074176
1 0.332712 0.453297 0.021334 0.071429
1 0.349136 0.457418 0.021673 0.073077
1 0.364714 0.460714 0.023705 0.069780
1 0.379614 0.451099 0.023705 0.072527
1 0.407890 0.460989 0.026075 0.071429
1 0.433288 0.376099 0.014561 0.076374
1 0.448527 0.383516 0.015239 0.071429
1 0.429732 0.455220 0.023027 0.074176
1 0.448019 0.465385 0.016255 0.071429
1 0.466475 0.467857 0.022012 0.065385
1 0.481036 0.468407 0.022012 0.054396
0 0.480020 0.387363 0.011852 0.063736
1 0.499323 0.418132 0.016593 0.058242
1 0.514392 0.410165 0.013546 0.055495
1 0.529123 0.418681 0.015916 0.068132
1 0.564003 0.431044 0.019980 0.078571
1 0.551473 0.501099 0.029462 0.061538
1 0.519472 0.493407 0.029800 0.071429
0 0.499323 0.474176 0.016593 0.069231
1 0.575686 0.331044 0.038605 0.036813
1 0.623942 0.364835 0.022012 0.067033
1 0.730952 0.363462 0.046393 0.039011
1 0.775991 0.374725 0.038943 0.026374
1 0.820522 0.383791 0.052150 0.031319
1 0.877582 0.384615 0.051134 0.030769
1 0.870979 0.457967 0.047409 0.037912
1 0.736539 0.444231 0.042668 0.034615
1 0.783271 0.458242 0.041991 0.030769
1 0.971554 0.395604 0.028446 0.082418
0 0.956824 0.524451 0.040975 0.047802
1 0.038435 0.505495 0.038943 0.045055
1 0.057907 0.509615 0.041991 0.051099
1 0.065357 0.481868 0.047409 0.050549
1 0.159329 0.504121 0.054521 0.031319
1 0.017271 0.648901 0.012191 0.060440
1 0.031155 0.647802 0.021673 0.071429
1 0.049780 0.635440 0.025059 0.082967
1 0.065188 0.649176 0.031493 0.071978
1 0.086522 0.661538 0.025398 0.075824
1 0.124619 0.663462 0.018964 0.071978
1 0.106163 0.648901 0.015239 0.036264
1 0.153573 0.662912 0.022012 0.069780
1 0.181002 0.666758 0.019980 0.067582
1 0.192685 0.674176 0.020996 0.072527
1 0.214358 0.603571 0.023705 0.075275
1 0.223332 0.674725 0.022689 0.075824
0 0.241280 0.673352 0.019980 0.069780
1 0.254148 0.601648 0.024043 0.057143
1 0.270234 0.621154 0.018964 0.059890
0 0.283102 0.620055 0.014223 0.065385
1 0.298679 0.621429 0.024382 0.075824
1 0.311886 0.623077 0.017609 0.076923
1 0.285642 0.750000 0.022012 0.073626
1 0.301727 0.731044 0.019641 0.062088
1 0.326109 0.638462 0.020318 0.062637
0 0.336776 0.642308 0.013884 0.063736
0 0.348798 0.644780 0.012191 0.063187
0 0.357941 0.645604 0.011514 0.061538
0 0.368439 0.645879 0.011514 0.062088
0 0.377921 0.648626 0.012868 0.062088
0 0.388080 0.652747 0.013546 0.062637
0 0.397900 0.634615 0.014223 0.060440
1 0.409245 0.649176 0.019302 0.057692
1 0.335930 0.733791 0.028446 0.074176
1 0.349814 0.717582 0.020318 0.061538
1 0.361835 0.729121 0.019302 0.059341
1 0.374534 0.728571 0.030477 0.078022
1 0.399594 0.732418 0.027091 0.062637
1 0.415679 0.735714 0.019980 0.060440
0 0.428378 0.733242 0.016932 0.065385
1 0.443617 0.748352 0.025059 0.074725
1 0.419573 0.647527 0.014223 0.062088
1 0.433965 0.653571 0.017948 0.071978
1 0.450051 0.646429 0.018286 0.066484
1 0.464612 0.648352 0.018964 0.073626
0 0.461226 0.748077 0.025059 0.065385
1 0.481883 0.745330 0.020996 0.070879
1 0.499661 0.754670 0.022012 0.054396
1 0.512360 0.748077 0.029123 0.076374
1 0.530139 0.742033 0.034203 0.059890
1 0.485777 0.657418 0.021334 0.076374
1 0.503386 0.653022 0.019980 0.063187
1 0.518456 0.604121 0.020318 0.076374
1 0.534033 0.676374 0.018286 0.060440
0 0.569590 0.747253 0.018964 0.076923
1 0.292584 0.828571 0.021673 0.072527
1 0.314087 0.907418 0.016593 0.013736
1 0.320352 0.850824 0.018286 0.064286
1 0.335083 0.851099 0.019980 0.068132
1 0.352354 0.858242 0.022012 0.067033
1 0.366746 0.855769 0.025059 0.070879
0 0.391466 0.858516 0.020996 0.075275
0 0.331189 0.907143 0.015577 0.017582
0 0.359296 0.912363 0.016255 0.015934
1 0.344226 0.907143 0.013207 0.020879
1 0.371656 0.917308 0.007111 0.009341
1 0.380122 0.913187 0.009143 0.019780
1 0.390789 0.918132 0.012868 0.013187
1 0.413139 0.856593 0.022350 0.071429
1 0.428717 0.857143 0.023027 0.078022
1 0.414494 0.920330 0.009482 0.014286
1 0.429732 0.917857 0.012868 0.023626
1 0.450897 0.867033 0.026075 0.070330
1 0.469015 0.867857 0.021673 0.071978
1 0.447511 0.923077 0.012530 0.017582
1 0.463427 0.921978 0.012530 0.024176
1 0.476295 0.924451 0.015239 0.022527
1 0.500169 0.873626 0.037928 0.062637
1 0.493227 0.926099 0.012530 0.023626
1 0.525906 0.885989 0.033187 0.074176
1 0.542499 0.915110 0.020318 0.058791
1 0.572130 0.886264 0.020657 0.072527
1 0.721639 0.940659 0.046732 0.038462
1 0.766847 0.950549 0.042330 0.036264
1 0.825770 0.959066 0.047748 0.032418
1 0.885371 0.969231 0.051812 0.034066
