0 0.983054 0.090247 0.033179 0.025966
1 0.975919 0.137112 0.047449 0.066498
1 0.891010 0.033249 0.050303 0.048765
1 0.921513 0.146612 0.032822 0.065231
1 0.904210 0.129196 0.029611 0.067131
1 0.886907 0.129196 0.019265 0.073464
0 0.871923 0.132996 0.032108 0.068398
1 0.850517 0.125396 0.026400 0.077264
1 0.833928 0.116213 0.025330 0.069031
0 0.815020 0.123179 0.017481 0.063965
1 0.801819 0.114946 0.022476 0.086764
1 0.936497 0.213426 0.025687 0.074731
1 0.919729 0.207410 0.026400 0.070298
1 0.899750 0.209626 0.024973 0.078531
0 0.881020 0.219443 0.025330 0.070298
1 0.862290 0.217543 0.022833 0.082964
1 0.844096 0.200127 0.037817 0.077264
0 0.819301 0.203610 0.019622 0.069031
1 0.780592 0.010133 0.046379 0.018999
1 0.725116 0.006016 0.026757 0.010766
1 0.779344 0.109563 0.023189 0.084864
1 0.758830 0.099430 0.024973 0.084864
1 0.741705 0.092780 0.022119 0.096897
1 0.723511 0.093414 0.024973 0.084231
1 0.708705 0.092464 0.018908 0.068398
0 0.692472 0.094364 0.017838 0.082331
1 0.678380 0.080431 0.019622 0.094997
0 0.768641 0.199493 0.026757 0.070931
0 0.742954 0.150095 0.043882 0.046865
1 0.753478 0.204560 0.025687 0.073464
1 0.739208 0.204877 0.026400 0.067764
1 0.719408 0.206143 0.025330 0.082964
1 0.704424 0.185560 0.026044 0.077264
0 0.685872 0.190944 0.021762 0.077897
1 0.668034 0.197910 0.023903 0.076631
1 0.640564 0.212793 0.025330 0.069664
1 0.625401 0.208043 0.027114 0.072831
1 0.607385 0.190627 0.025330 0.082331
1 0.583839 0.196327 0.018195 0.069664
1 0.584374 0.097847 0.017838 0.085497
1 0.555298 0.101330 0.019622 0.077264
1 0.565466 0.202977 0.019265 0.077897
1 0.549946 0.203927 0.023903 0.074731
1 0.524795 0.007916 0.009989 0.014566
1 0.529433 0.198227 0.022833 0.081064
1 0.517481 0.113680 0.016054 0.069031
1 0.500714 0.102280 0.019622 0.090564
1 0.484303 0.093097 0.021762 0.093730
1 0.465929 0.088347 0.017838 0.088030
1 0.455227 0.105763 0.013557 0.094997
0 0.445772 0.085814 0.014627 0.055098
1 0.397788 0.148195 0.017125 0.081064
1 0.351409 0.217543 0.031395 0.077897
0 0.422048 0.205826 0.017838 0.074731
0 0.451659 0.193794 0.020692 0.074731
1 0.473243 0.199177 0.019622 0.077897
1 0.489297 0.195060 0.020335 0.075997
1 0.510881 0.195377 0.017838 0.079164
1 0.948270 0.380621 0.035676 0.074731
1 0.935070 0.399937 0.025687 0.069031
1 0.915091 0.395187 0.023546 0.089930
1 0.894934 0.377454 0.035319 0.074731
1 0.883518 0.411970 0.025330 0.084231
1 0.859793 0.398037 0.024260 0.090564
1 0.833571 0.374604 0.025330 0.084231
1 0.915804 0.489234 0.031395 0.084231
1 0.892080 0.505066 0.029611 0.082964
1 0.865858 0.495250 0.029254 0.070931
1 0.838923 0.474351 0.028898 0.083597
1 0.818587 0.382521 0.021762 0.084864
1 0.804674 0.377137 0.025330 0.086764
1 0.790582 0.441102 0.022119 0.085497
1 0.779165 0.380304 0.022119 0.067764
1 0.769176 0.467701 0.019979 0.081697
1 0.756689 0.374604 0.021406 0.084231
1 0.744024 0.373971 0.023903 0.081697
1 0.727257 0.374288 0.023189 0.075997
1 0.704959 0.383787 0.022119 0.078531
1 0.748484 0.466751 0.022833 0.067131
1 0.727970 0.478784 0.028184 0.083597
1 0.709062 0.472768 0.021049 0.076631
1 0.691224 0.368271 0.019622 0.090564
1 0.679807 0.377771 0.019622 0.079164
0 0.660542 0.374288 0.017481 0.072198
1 0.644310 0.378087 0.018552 0.063331
1 0.624688 0.374604 0.019265 0.063965
1 0.590617 0.372388 0.017481 0.067131
1 0.694970 0.473718 0.023546 0.084864
1 0.676061 0.471818 0.022119 0.081064
1 0.658580 0.474351 0.022833 0.083597
1 0.642347 0.475617 0.024616 0.079797
1 0.627364 0.462001 0.024616 0.082964
1 0.597396 0.469284 0.027471 0.082331
1 0.575633 0.368588 0.015341 0.087397
1 0.559401 0.374604 0.015697 0.081697
1 0.574920 0.459151 0.023903 0.084864
1 0.555476 0.467701 0.017125 0.081697
1 0.536211 0.467701 0.022833 0.074098
1 0.521049 0.466434 0.023189 0.062698
0 0.526400 0.374288 0.012487 0.073464
1 0.504816 0.406270 0.017838 0.066498
1 0.489297 0.395187 0.013914 0.063331
1 0.473600 0.402470 0.016768 0.077897
1 0.437032 0.411020 0.020692 0.089930
1 0.446129 0.492717 0.031038 0.070931
1 0.479665 0.488600 0.031038 0.081697
0 0.501784 0.470234 0.017481 0.079164
1 0.430075 0.295757 0.040314 0.041799
1 0.378166 0.326472 0.023546 0.076631
1 0.267214 0.308423 0.048519 0.044332
1 0.219586 0.314756 0.040314 0.030399
1 0.172851 0.317923 0.054584 0.035465
1 0.113450 0.310323 0.053514 0.035465
1 0.116839 0.394554 0.049590 0.043065
1 0.257046 0.399303 0.044595 0.039899
1 0.207635 0.408170 0.044238 0.034832
1 0.015341 0.308106 0.029968 0.094364
0 0.023903 0.456935 0.042811 0.055098
1 0.978773 0.576631 0.041027 0.051298
1 0.958259 0.578214 0.044238 0.058265
1 0.952016 0.545598 0.049590 0.057631
1 0.853371 0.556048 0.057082 0.035465
1 0.992865 0.742559 0.012843 0.069031
1 0.978594 0.739392 0.022833 0.081697
1 0.960043 0.722293 0.026400 0.094364
1 0.943275 0.735909 0.032822 0.082331
1 0.920621 0.746358 0.026757 0.086764
1 0.880664 0.742559 0.019622 0.081697
1 0.900642 0.728626 0.016054 0.041165
1 0.850874 0.737809 0.022833 0.079797
1 0.822155 0.737809 0.021049 0.077264
1 0.809668 0.744459 0.021762 0.082964
1 0.790938 0.661178 0.024973 0.086130
1 0.777738 0.740342 0.024260 0.087397
0 0.759008 0.735909 0.021049 0.079797
1 0.749554 0.652628 0.024973 0.065231
1 0.731716 0.671944 0.019979 0.068398
0 0.718516 0.668778 0.014984 0.074731
1 0.702283 0.667828 0.025330 0.086764
1 0.688370 0.668461 0.018195 0.088030
1 0.708883 0.816339 0.022833 0.083597
1 0.693186 0.792274 0.020692 0.070931
1 0.672851 0.683027 0.020692 0.071564
0 0.661613 0.686194 0.014627 0.072831
0 0.648948 0.687144 0.012843 0.072198
0 0.639672 0.686827 0.012130 0.070298
0 0.628434 0.685244 0.012487 0.070931
0 0.618445 0.687144 0.013914 0.070931
0 0.607920 0.689994 0.014270 0.071564
0 0.598644 0.667828 0.014984 0.069031
1 0.585979 0.682711 0.019622 0.065864
1 0.657688 0.790057 0.029611 0.085497
1 0.644131 0.769474 0.021049 0.069664
1 0.630931 0.780557 0.019622 0.067764
1 0.617731 0.778024 0.031752 0.089297
1 0.591509 0.778657 0.028541 0.071564
1 0.574741 0.779924 0.020692 0.069031
0 0.561541 0.775174 0.017838 0.074731
1 0.544773 0.790057 0.026400 0.085497
1 0.575276 0.679544 0.014627 0.070931
1 0.559936 0.683977 0.018908 0.082331
1 0.543703 0.673528 0.019265 0.075364
1 0.528362 0.673528 0.019979 0.084231
0 0.526579 0.787207 0.026400 0.074731
1 0.505351 0.780874 0.022476 0.081064
1 0.486443 0.789107 0.023189 0.062065
1 0.473600 0.779607 0.030325 0.087397
1 0.455405 0.769791 0.036033 0.069031
1 0.505887 0.680177 0.022119 0.087397
1 0.487870 0.672578 0.021049 0.072198
1 0.474848 0.614313 0.021406 0.087397
1 0.454870 0.694427 0.019265 0.069031
0 0.414199 0.769474 0.019979 0.088664
1 0.697467 0.904687 0.022833 0.082964
1 0.670888 0.990817 0.017481 0.015833
1 0.667677 0.925269 0.018908 0.073464
1 0.652158 0.923686 0.020692 0.077897
1 0.633785 0.928752 0.023189 0.076631
1 0.618980 0.924003 0.026400 0.081064
0 0.593293 0.922736 0.022119 0.086130
0 0.653229 0.987967 0.016411 0.020266
0 0.623796 0.989550 0.017481 0.018366
1 0.639672 0.986067 0.013557 0.024066
1 0.610774 0.993350 0.007135 0.010766
1 0.602034 0.986700 0.009633 0.022799
1 0.590796 0.991134 0.013557 0.013933
1 0.570995 0.917669 0.023189 0.082331
1 0.554584 0.916086 0.023903 0.089297
1 0.566179 0.990184 0.009989 0.015833
1 0.550303 0.984801 0.013200 0.026599
1 0.531038 0.923686 0.027471 0.080431
1 0.512130 0.922103 0.023189 0.082331
1 0.531395 0.988284 0.013200 0.019633
1 0.515341 0.984167 0.013200 0.027866
1 0.501605 0.985117 0.015697 0.025966
1 0.479665 0.923686 0.039600 0.071564
1 0.483767 0.984801 0.012843 0.026599
1 0.452194 0.933819 0.034606 0.085497
1 0.433464 0.964535 0.021406 0.067131
1 0.404031 0.926852 0.021762 0.082964
1 0.245986 0.966118 0.048876 0.043699
1 0.198537 0.969918 0.043882 0.041165
1 0.136639 0.970551 0.049946 0.037365
1 0.074385 0.973084 0.054584 0.038632
