0 0.949150 0.919173 0.031720 0.023093
1 0.944245 0.876208 0.045455 0.059613
1 0.858404 0.958915 0.048398 0.043502
1 0.892250 0.861439 0.031720 0.058002
1 0.874918 0.875134 0.028450 0.059613
1 0.858077 0.873255 0.018313 0.065521
0 0.843852 0.868153 0.031066 0.061762
1 0.823087 0.872449 0.025507 0.068206
1 0.806900 0.878625 0.024526 0.061224
0 0.788751 0.870301 0.016351 0.057465
1 0.775834 0.876208 0.021910 0.076799
1 0.909418 0.803974 0.024853 0.066595
1 0.892904 0.807197 0.025834 0.062299
1 0.873774 0.802900 0.024199 0.069817
0 0.856115 0.792159 0.024199 0.063373
1 0.837966 0.791890 0.021910 0.073577
1 0.819817 0.805317 0.035971 0.069280
0 0.796109 0.799141 0.019294 0.061224
1 0.751145 0.966971 0.044474 0.016649
1 0.697678 0.964554 0.025834 0.009667
1 0.753924 0.878357 0.022564 0.075725
1 0.733813 0.885338 0.024199 0.075725
1 0.717135 0.889366 0.021583 0.085929
1 0.699640 0.886412 0.023872 0.074651
1 0.685252 0.885607 0.017986 0.060150
0 0.669719 0.882116 0.017005 0.072503
1 0.655657 0.892857 0.018967 0.084318
0 0.747220 0.796992 0.025507 0.063373
0 0.720569 0.838077 0.042184 0.041353
1 0.732832 0.791085 0.024853 0.065521
1 0.719097 0.789205 0.025507 0.060687
1 0.699967 0.785714 0.024526 0.074114
1 0.684761 0.802095 0.024853 0.069280
0 0.667103 0.795381 0.020929 0.069817
1 0.650262 0.787325 0.023218 0.067669
1 0.624591 0.770945 0.024199 0.061762
1 0.609876 0.773362 0.026161 0.065521
1 0.591727 0.786788 0.024526 0.073040
1 0.569163 0.779270 0.017332 0.062299
1 0.566056 0.866810 0.017005 0.076262
1 0.537933 0.860634 0.018967 0.069280
1 0.551995 0.770945 0.018313 0.069280
1 0.536952 0.768528 0.022891 0.066595
1 0.504905 0.940118 0.009810 0.013426
1 0.516841 0.770945 0.021910 0.072503
1 0.502126 0.845059 0.015370 0.060687
1 0.485612 0.853383 0.018967 0.080559
1 0.469588 0.859828 0.020929 0.083781
1 0.451602 0.861708 0.017005 0.078947
1 0.441792 0.845059 0.013080 0.084318
0 0.432145 0.861976 0.014061 0.049409
1 0.388326 0.801020 0.016678 0.072503
1 0.346468 0.733620 0.030412 0.068743
0 0.413996 0.752417 0.017005 0.066595
0 0.441956 0.766380 0.019948 0.066595
1 0.462884 0.763963 0.018640 0.069280
1 0.478417 0.769603 0.019621 0.067669
1 0.498855 0.771482 0.017332 0.070354
1 0.927077 0.656552 0.034009 0.067132
1 0.915304 0.637755 0.024853 0.061762
1 0.895683 0.639635 0.022891 0.079484
1 0.875409 0.653061 0.034009 0.066595
1 0.865762 0.620838 0.024526 0.075188
1 0.842544 0.631042 0.023218 0.080559
1 0.816383 0.648496 0.024526 0.074651
1 0.899935 0.555854 0.030085 0.075188
1 0.877698 0.539474 0.028777 0.073577
1 0.852354 0.545113 0.028450 0.063373
1 0.825540 0.560150 0.027796 0.074114
1 0.802322 0.639903 0.020602 0.075725
1 0.788914 0.643126 0.024526 0.076799
1 0.777469 0.584855 0.021256 0.076262
1 0.764225 0.637218 0.021583 0.060687
1 0.758175 0.558539 0.019294 0.073040
1 0.742479 0.639903 0.020602 0.074651
1 0.730379 0.638829 0.023218 0.072503
1 0.714192 0.636681 0.022237 0.067132
1 0.693100 0.625940 0.021256 0.070354
1 0.738064 0.557197 0.022237 0.059613
1 0.718934 0.544039 0.027142 0.074114
1 0.700458 0.547261 0.020275 0.067669
1 0.679202 0.638292 0.018967 0.080021
1 0.668738 0.628357 0.018967 0.070892
0 0.649935 0.629162 0.016678 0.063910
1 0.634402 0.624060 0.017659 0.056928
1 0.615435 0.625134 0.018313 0.056928
1 0.582570 0.622986 0.016678 0.059076
1 0.687050 0.544844 0.022891 0.075725
1 0.668574 0.544307 0.021256 0.072503
1 0.651897 0.540279 0.021910 0.074114
1 0.636364 0.537057 0.023545 0.070892
1 0.621485 0.547261 0.023872 0.074114
1 0.592871 0.537594 0.026161 0.073040
1 0.568018 0.624866 0.015043 0.077873
1 0.552649 0.617347 0.015043 0.072503
1 0.570961 0.543770 0.022891 0.075725
1 0.552649 0.534372 0.016351 0.073040
1 0.533846 0.531955 0.021910 0.066058
1 0.519294 0.531686 0.022237 0.055854
0 0.520929 0.614125 0.011772 0.064984
1 0.501308 0.583244 0.017005 0.059076
1 0.485939 0.591568 0.013734 0.056391
1 0.471223 0.583244 0.016351 0.068743
1 0.436233 0.571160 0.020275 0.080021
1 0.448169 0.499731 0.029758 0.062836
1 0.480543 0.507250 0.029758 0.072503
0 0.500818 0.526047 0.016678 0.070354
1 0.425114 0.672932 0.038587 0.037594
1 0.376390 0.639903 0.022237 0.068206
1 0.268967 0.643126 0.046763 0.039205
1 0.223512 0.632116 0.038914 0.026853
1 0.178548 0.624329 0.052322 0.031686
1 0.121158 0.624329 0.051341 0.031686
1 0.127534 0.549678 0.047744 0.038131
1 0.262753 0.561224 0.042838 0.035446
1 0.215500 0.547798 0.042511 0.031149
1 0.026488 0.614930 0.028777 0.083781
0 0.040549 0.483620 0.041203 0.048872
1 0.964029 0.485231 0.039241 0.045650
1 0.944245 0.481472 0.042184 0.052095
1 0.937214 0.509667 0.047744 0.051557
1 0.842544 0.489527 0.054611 0.031686
1 0.984140 0.339420 0.012099 0.061224
1 0.970242 0.340226 0.021583 0.072503
1 0.951602 0.353383 0.025507 0.083781
1 0.935906 0.339689 0.031393 0.073577
1 0.914650 0.327605 0.025507 0.077336
1 0.876063 0.326531 0.018967 0.073040
1 0.894866 0.341031 0.015370 0.036520
1 0.847122 0.327336 0.021910 0.070354
1 0.819490 0.324382 0.020275 0.068743
1 0.807717 0.316595 0.020929 0.073577
1 0.786625 0.388829 0.023872 0.076262
1 0.776815 0.316864 0.023218 0.077336
0 0.758829 0.318475 0.020602 0.070892
1 0.746566 0.392052 0.024199 0.058002
1 0.729889 0.372449 0.018967 0.060687
0 0.717135 0.373523 0.014388 0.066058
1 0.701602 0.372449 0.024526 0.076799
1 0.688358 0.370838 0.017659 0.077873
1 0.713702 0.241407 0.021910 0.074651
1 0.697678 0.261010 0.019948 0.063373
1 0.673806 0.355800 0.019948 0.063910
0 0.663179 0.351772 0.014388 0.065521
0 0.651079 0.349624 0.012426 0.064447
0 0.641923 0.348818 0.011772 0.062836
0 0.631131 0.349087 0.011772 0.063373
0 0.621648 0.346133 0.013080 0.063910
0 0.611511 0.342374 0.013734 0.063910
0 0.601700 0.360902 0.014388 0.061224
1 0.590255 0.346402 0.018967 0.059076
1 0.663342 0.258861 0.028450 0.076262
1 0.649444 0.275510 0.020275 0.062299
1 0.637181 0.264232 0.019294 0.060150
1 0.624428 0.264769 0.030412 0.079484
1 0.599248 0.261278 0.027142 0.063910
1 0.583224 0.258324 0.019948 0.061224
0 0.570307 0.261010 0.017005 0.066595
1 0.554938 0.245972 0.025507 0.076262
1 0.579791 0.348013 0.014388 0.063373
1 0.565239 0.342105 0.017986 0.073040
1 0.549052 0.349624 0.018313 0.067669
1 0.534500 0.348013 0.019294 0.075188
0 0.537116 0.246509 0.025180 0.066595
1 0.516514 0.249731 0.021256 0.071966
1 0.498692 0.240333 0.022237 0.055317
1 0.485775 0.247315 0.029104 0.077873
1 0.467953 0.254028 0.034663 0.061224
1 0.513080 0.339689 0.021583 0.077873
1 0.495422 0.344253 0.020275 0.064447
1 0.480543 0.394468 0.020602 0.077873
1 0.464683 0.321160 0.018313 0.061224
0 0.428221 0.249463 0.019294 0.078947
1 0.706181 0.161386 0.021910 0.073577
1 0.683944 0.081633 0.016678 0.013963
1 0.678221 0.139635 0.018313 0.065521
1 0.663342 0.139366 0.019948 0.069280
1 0.645847 0.132653 0.022237 0.067669
1 0.631295 0.135338 0.025180 0.071966
0 0.606442 0.133190 0.021256 0.076262
0 0.666776 0.082170 0.015697 0.018260
0 0.638489 0.077873 0.016678 0.016112
1 0.653695 0.082707 0.013080 0.021482
1 0.626226 0.072771 0.007194 0.009130
1 0.617560 0.077336 0.009483 0.020408
1 0.606769 0.072503 0.013407 0.012889
1 0.584859 0.135338 0.022564 0.073040
1 0.569163 0.134801 0.023218 0.079484
1 0.582897 0.070354 0.009483 0.015038
1 0.567528 0.073308 0.012753 0.024168
1 0.546763 0.125403 0.026161 0.071429
1 0.528450 0.124866 0.022237 0.073577
1 0.549542 0.067938 0.012753 0.017723
1 0.533846 0.069817 0.012753 0.024705
1 0.520765 0.067401 0.015370 0.023093
1 0.497220 0.119764 0.038260 0.063373
1 0.503761 0.065789 0.012099 0.024168
1 0.471223 0.107680 0.033355 0.075725
1 0.454382 0.078142 0.020602 0.059613
1 0.424787 0.108217 0.020929 0.073577
1 0.274035 0.055585 0.047090 0.039205
1 0.228581 0.046455 0.042511 0.037057
1 0.169228 0.038937 0.048071 0.032760
1 0.109222 0.029538 0.052322 0.034372
