0 0.016667 0.910880 0.032813 0.025463
1 0.023698 0.863657 0.046875 0.066204
1 0.108724 0.967593 0.049740 0.048148
1 0.077995 0.853935 0.032552 0.064352
1 0.095443 0.871296 0.029427 0.066667
1 0.112891 0.871528 0.019010 0.072685
0 0.127865 0.867593 0.031771 0.068519
1 0.149219 0.875231 0.026042 0.076389
1 0.165625 0.884259 0.025000 0.068519
0 0.184766 0.877315 0.016927 0.063889
1 0.197917 0.885648 0.022396 0.086111
1 0.063021 0.787269 0.025521 0.074537
1 0.079818 0.793056 0.026302 0.069444
1 0.099870 0.790741 0.024740 0.077778
0 0.118620 0.781019 0.024740 0.070370
1 0.137370 0.782870 0.022656 0.082407
1 0.155599 0.800231 0.037240 0.077315
0 0.180339 0.796759 0.019531 0.068519
1 0.219271 0.990509 0.045833 0.018056
1 0.274870 0.994444 0.026302 0.010185
1 0.220443 0.890741 0.023177 0.084259
1 0.241016 0.901157 0.024740 0.084722
1 0.258073 0.907870 0.021875 0.096296
1 0.276302 0.906944 0.024479 0.083333
1 0.291146 0.907870 0.018229 0.067593
0 0.307422 0.906019 0.017448 0.081481
1 0.321615 0.919907 0.019271 0.094444
0 0.231120 0.800694 0.026302 0.070833
0 0.256771 0.850231 0.043750 0.045833
1 0.246224 0.795833 0.025260 0.073148
1 0.260547 0.795370 0.026302 0.067593
1 0.280469 0.793981 0.025000 0.082407
1 0.295443 0.814352 0.025781 0.076852
0 0.314063 0.809259 0.021354 0.077778
1 0.331901 0.802315 0.023698 0.075926
1 0.359115 0.787269 0.025000 0.068981
1 0.374349 0.791898 0.026823 0.072685
1 0.392448 0.809259 0.025000 0.081481
1 0.416146 0.803704 0.017708 0.069444
1 0.415495 0.902315 0.017448 0.085185
1 0.444792 0.898843 0.019271 0.077315
1 0.434375 0.796991 0.018750 0.077315
1 0.449870 0.796065 0.023698 0.074537
1 0.475391 0.992361 0.009635 0.014352
1 0.470573 0.801620 0.022396 0.081019
1 0.482552 0.886343 0.015625 0.068056
1 0.499219 0.897917 0.019271 0.090278
1 0.515625 0.906944 0.021354 0.093519
1 0.534115 0.911574 0.017188 0.087963
1 0.544922 0.893981 0.013281 0.094444
0 0.554297 0.914120 0.014323 0.055093
1 0.602214 0.851620 0.016927 0.081019
1 0.648698 0.781944 0.031250 0.076852
0 0.577995 0.793981 0.017448 0.074074
0 0.548438 0.805787 0.020313 0.074537
1 0.526823 0.800694 0.019271 0.077315
1 0.510547 0.804861 0.020052 0.075463
1 0.489193 0.804398 0.017448 0.078241
1 0.051172 0.619676 0.035156 0.074537
1 0.064323 0.600231 0.025521 0.068981
1 0.084375 0.604861 0.023438 0.089352
1 0.104688 0.622685 0.034896 0.074074
1 0.116146 0.587731 0.025000 0.083796
1 0.139714 0.602083 0.023698 0.090278
1 0.166146 0.625231 0.025000 0.083796
1 0.083724 0.510648 0.030990 0.084259
1 0.107422 0.494907 0.029427 0.082407
1 0.133594 0.504630 0.029167 0.070370
1 0.160547 0.525231 0.028385 0.082870
1 0.180990 0.617361 0.021354 0.084722
1 0.194792 0.622685 0.025000 0.086111
1 0.209115 0.558796 0.021875 0.085185
1 0.220573 0.619444 0.021875 0.067593
1 0.230339 0.531944 0.019531 0.081481
1 0.242839 0.625231 0.021094 0.083796
1 0.255599 0.625694 0.023698 0.081019
1 0.272396 0.625231 0.022917 0.075463
1 0.294792 0.615972 0.021875 0.078241
1 0.251172 0.532870 0.022656 0.066667
1 0.271745 0.520833 0.027865 0.083333
1 0.290495 0.526852 0.020573 0.075926
1 0.308594 0.631481 0.019271 0.089815
1 0.319792 0.621991 0.019271 0.079167
0 0.339193 0.625231 0.016927 0.071759
1 0.355469 0.621528 0.018229 0.063426
1 0.375000 0.625231 0.018750 0.063426
1 0.409245 0.627083 0.016927 0.066204
1 0.304688 0.525694 0.023438 0.084722
1 0.323698 0.527546 0.021875 0.081019
1 0.341146 0.525231 0.022396 0.082870
1 0.357422 0.523843 0.024219 0.079167
1 0.372396 0.537269 0.024479 0.082870
1 0.402344 0.530093 0.027083 0.081481
1 0.424219 0.631019 0.015104 0.087037
1 0.440495 0.624769 0.015365 0.081019
1 0.424740 0.540046 0.023438 0.084722
1 0.444271 0.531481 0.016667 0.081481
1 0.463672 0.531481 0.022656 0.074074
1 0.478776 0.532870 0.022656 0.062037
0 0.473438 0.625231 0.011979 0.072685
1 0.495052 0.593056 0.017188 0.065741
1 0.510547 0.604167 0.013802 0.062963
1 0.526172 0.596991 0.016406 0.077315
1 0.562891 0.588194 0.020573 0.089352
1 0.553776 0.506481 0.030469 0.070370
1 0.520052 0.510417 0.030729 0.081019
0 0.498047 0.529167 0.016927 0.078704
1 0.569922 0.703704 0.039844 0.041667
1 0.621875 0.672685 0.022917 0.075926
1 0.732943 0.690509 0.048177 0.043981
1 0.780469 0.684259 0.040104 0.029630
1 0.827344 0.681019 0.054167 0.035185
1 0.886719 0.688657 0.053125 0.034722
1 0.883464 0.604167 0.049219 0.042593
1 0.742969 0.599306 0.044271 0.039352
1 0.792448 0.590509 0.043750 0.034722
1 0.985026 0.690509 0.029427 0.093981
0 0.976302 0.541435 0.042708 0.054167
1 0.020573 0.423148 0.040625 0.050926
1 0.041146 0.421528 0.043750 0.057870
1 0.047266 0.454167 0.049219 0.057407
1 0.146094 0.443519 0.056771 0.035185
1 0.006250 0.256944 0.012500 0.068519
1 0.020573 0.259954 0.022396 0.081019
1 0.039323 0.277083 0.026042 0.093981
1 0.056120 0.263657 0.032552 0.081944
1 0.078776 0.252778 0.026302 0.086111
1 0.118620 0.256481 0.019531 0.081481
1 0.098698 0.270370 0.015625 0.040741
1 0.148568 0.261343 0.022656 0.079167
1 0.177344 0.261574 0.020833 0.076852
1 0.189844 0.254630 0.021354 0.082407
1 0.208594 0.338194 0.024479 0.085648
1 0.221745 0.258565 0.023698 0.086574
0 0.240365 0.263194 0.020833 0.079167
1 0.249870 0.346759 0.024740 0.064815
1 0.267839 0.327083 0.019531 0.068056
0 0.280990 0.330093 0.014583 0.074074
1 0.297266 0.331019 0.025260 0.086111
1 0.311068 0.330787 0.017969 0.087500
1 0.290495 0.182407 0.022656 0.083333
1 0.306250 0.206481 0.020313 0.070370
1 0.326693 0.315741 0.020573 0.071296
0 0.337891 0.312731 0.014323 0.072685
0 0.350521 0.311806 0.012500 0.071759
0 0.360026 0.312269 0.011719 0.069907
0 0.371094 0.313657 0.011979 0.070833
0 0.381120 0.311806 0.013281 0.070833
0 0.391797 0.308796 0.013802 0.071296
0 0.401042 0.331019 0.014583 0.068519
1 0.413672 0.316204 0.019531 0.065741
1 0.341797 0.208565 0.029427 0.084722
1 0.355469 0.229167 0.020833 0.069444
1 0.368620 0.218056 0.019531 0.067593
1 0.381901 0.220370 0.031510 0.088889
1 0.408073 0.219907 0.028125 0.071296
1 0.424870 0.218519 0.020573 0.068519
0 0.438151 0.223148 0.017448 0.074074
1 0.454688 0.208333 0.026042 0.085185
1 0.424349 0.319444 0.014323 0.070370
1 0.439714 0.314583 0.018490 0.081944
1 0.455990 0.325231 0.018750 0.075463
1 0.471224 0.325231 0.019531 0.083796
0 0.473047 0.211343 0.025781 0.074537
1 0.494271 0.217593 0.021875 0.080556
1 0.513151 0.209491 0.022656 0.061574
1 0.526172 0.218981 0.029948 0.087037
1 0.544271 0.228704 0.035417 0.068519
1 0.493750 0.318519 0.021875 0.087037
1 0.511849 0.326157 0.020573 0.071759
1 0.524870 0.384259 0.021094 0.087037
1 0.544792 0.304167 0.018750 0.068519
0 0.585547 0.228704 0.019531 0.087963
1 0.301823 0.093981 0.022396 0.082407
1 0.328516 0.007407 0.016927 0.014815
1 0.331771 0.073148 0.018750 0.073148
1 0.347266 0.074769 0.020573 0.077315
1 0.365625 0.069444 0.022917 0.075926
1 0.380469 0.074306 0.026042 0.080093
0 0.406250 0.075231 0.021875 0.085648
0 0.346094 0.010417 0.016146 0.019907
0 0.375651 0.008796 0.016927 0.017593
1 0.359766 0.012269 0.013281 0.023611
1 0.388672 0.004861 0.007031 0.009722
1 0.397396 0.011111 0.009375 0.022222
1 0.408724 0.006944 0.013281 0.013889
1 0.428646 0.080556 0.022917 0.081481
1 0.444922 0.081944 0.023698 0.088889
1 0.433464 0.007870 0.009635 0.015741
1 0.449219 0.013194 0.013021 0.026389
1 0.468490 0.074306 0.027083 0.080093
1 0.487370 0.076157 0.022656 0.081944
1 0.468099 0.009722 0.012760 0.019444
1 0.484245 0.013657 0.012760 0.027315
1 0.497917 0.012731 0.015625 0.025463
1 0.519922 0.074306 0.039323 0.070833
1 0.515625 0.013194 0.012500 0.026389
1 0.547396 0.064120 0.034375 0.084722
1 0.566146 0.033333 0.020833 0.066667
1 0.595573 0.070833 0.021354 0.082407
1 0.753776 0.031481 0.048698 0.043519
1 0.801302 0.027315 0.043750 0.040741
1 0.863151 0.026620 0.049740 0.036574
1 0.925521 0.024074 0.054167 0.037963
