0 0.016667 0.088657 0.032813 0.025463
1 0.023698 0.135880 0.046875 0.066204
1 0.108724 0.031944 0.049740 0.048148
1 0.077995 0.145602 0.032552 0.064352
1 0.095443 0.128241 0.029427 0.066667
1 0.112891 0.128009 0.019010 0.072685
0 0.127865 0.131944 0.031771 0.068519
1 0.149219 0.124306 0.026042 0.076389
1 0.165625 0.115278 0.025000 0.068519
0 0.184766 0.122222 0.016927 0.063889
1 0.197917 0.113889 0.022396 0.086111
1 0.063021 0.212269 0.025521 0.074537
1 0.079818 0.206481 0.026302 0.069444
1 0.099870 0.208796 0.024740 0.077778
0 0.118620 0.218519 0.024740 0.070370
1 0.137370 0.216667 0.022656 0.082407
1 0.155599 0.199306 0.037240 0.077315
0 0.180339 0.202778 0.019531 0.068519
1 0.219271 0.009028 0.045833 0.018056
1 0.274870 0.005093 0.026302 0.010185
1 0.220443 0.108796 0.023177 0.084259
1 0.241016 0.098380 0.024740 0.084722
1 0.258073 0.091667 0.021875 0.096296
1 0.276302 0.092593 0.024479 0.083333
1 0.291146 0.091667 0.018229 0.067593
0 0.307422 0.093519 0.017448 0.081481
1 0.321615 0.079630 0.019271 0.094444
0 0.231120 0.198843 0.026302 0.070833
0 0.256771 0.149306 0.043750 0.045833
1 0.246224 0.203704 0.025260 0.073148
1 0.260547 0.204167 0.026302 0.067593
1 0.280469 0.205556 0.025000 0.082407
1 0.295443 0.185185 0.025781 0.076852
0 0.314063 0.190278 0.021354 0.077778
1 0.331901 0.197222 0.023698 0.075926
1 0.359115 0.212269 0.025000 0.068981
1 0.374349 0.207639 0.026823 0.072685
1 0.392448 0.190278 0.025000 0.081481
1 0.416146 0.195833 0.017708 0.069444
1 0.415495 0.097222 0.017448 0.085185
1 0.444792 0.100694 0.019271 0.077315
1 0.434375 0.202546 0.018750 0.077315
1 0.449870 0.203472 0.023698 0.074537
1 0.475391 0.007176 0.009635 0.014352
1 0.470573 0.197917 0.022396 0.081019
1 0.482552 0.113194 0.015625 0.068056
1 0.499219 0.101620 0.019271 0.090278
1 0.515625 0.092593 0.021354 0.093519
1 0.534115 0.087963 0.017188 0.087963
1 0.544922 0.105556 0.013281 0.094444
0 0.554297 0.085417 0.014323 0.055093
1 0.602214 0.147917 0.016927 0.081019
1 0.648698 0.217593 0.031250 0.076852
0 0.577995 0.205556 0.017448 0.074074
0 0.548438 0.193750 0.020313 0.074537
1 0.526823 0.198843 0.019271 0.077315
1 0.510547 0.194676 0.020052 0.075463
1 0.489193 0.195139 0.017448 0.078241
1 0.051172 0.379861 0.035156 0.074537
1 0.064323 0.399306 0.025521 0.068981
1 0.084375 0.394676 0.023438 0.089352
1 0.104688 0.376852 0.034896 0.074074
1 0.116146 0.411806 0.025000 0.083796
1 0.139714 0.397454 0.023698 0.090278
1 0.166146 0.374306 0.025000 0.083796
1 0.083724 0.488889 0.030990 0.084259
1 0.107422 0.504630 0.029427 0.082407
1 0.133594 0.494907 0.029167 0.070370
1 0.160547 0.474306 0.028385 0.082870
1 0.180990 0.382176 0.021354 0.084722
1 0.194792 0.376852 0.025000 0.086111
1 0.209115 0.440741 0.021875 0.085185
1 0.220573 0.380093 0.021875 0.067593
1 0.230339 0.467593 0.019531 0.081481
1 0.242839 0.374306 0.021094 0.083796
1 0.255599 0.373843 0.023698 0.081019
1 0.272396 0.374306 0.022917 0.075463
1 0.294792 0.383565 0.021875 0.078241
1 0.251172 0.466667 0.022656 0.066667
1 0.271745 0.478704 0.027865 0.083333
1 0.290495 0.472685 0.020573 0.075926
1 0.308594 0.368056 0.019271 0.089815
1 0.319792 0.377546 0.019271 0.079167
0 0.339193 0.374306 0.016927 0.071759
1 0.355469 0.378009 0.018229 0.063426
1 0.375000 0.374306 0.018750 0.063426
1 0.409245 0.372454 0.016927 0.066204
1 0.304688 0.473843 0.023438 0.084722
1 0.323698 0.471991 0.021875 0.081019
1 0.341146 0.474306 0.022396 0.082870
1 0.357422 0.475694 0.024219 0.079167
1 0.372396 0.462269 0.024479 0.082870
1 0.402344 0.469444 0.027083 0.081481
1 0.424219 0.368519 0.015104 0.087037
1 0.440495 0.374769 0.015365 0.081019
1 0.424740 0.459491 0.023438 0.084722
1 0.444271 0.468056 0.016667 0.081481
1 0.463672 0.468056 0.022656 0.074074
1 0.478776 0.466667 0.022656 0.062037
0 0.473438 0.374306 0.011979 0.072685
1 0.495052 0.406481 0.017188 0.065741
1 0.510547 0.395370 0.013802 0.062963
1 0.526172 0.402546 0.016406 0.077315
1 0.562891 0.411343 0.020573 0.089352
1 0.553776 0.493056 0.030469 0.070370
1 0.520052 0.489120 0.030729 0.081019
0 0.498047 0.470370 0.016927 0.078704
1 0.569922 0.295833 0.039844 0.041667
1 0.621875 0.326852 0.022917 0.075926
1 0.732943 0.309028 0.048177 0.043981
1 0.780469 0.315278 0.040104 0.029630
1 0.827344 0.318519 0.054167 0.035185
1 0.886719 0.310880 0.053125 0.034722
1 0.883464 0.395370 0.049219 0.042593
1 0.742969 0.400231 0.044271 0.039352
1 0.792448 0.409028 0.043750 0.034722
1 0.985026 0.309028 0.029427 0.093981
0 0.976302 0.458102 0.042708 0.054167
1 0.020573 0.576389 0.040625 0.050926
1 0.041146 0.578009 0.043750 0.057870
1 0.047266 0.545370 0.049219 0.057407
1 0.146094 0.556019 0.056771 0.035185
1 0.006250 0.742593 0.012500 0.068519
1 0.020573 0.739583 0.022396 0.081019
1 0.039323 0.722454 0.026042 0.093981
1 0.056120 0.735880 0.032552 0.081944
1 0.078776 0.746759 0.026302 0.086111
1 0.118620 0.743056 0.019531 0.081481
1 0.098698 0.729167 0.015625 0.040741
1 0.148568 0.738194 0.022656 0.079167
1 0.177344 0.737963 0.020833 0.076852
1 0.189844 0.744907 0.021354 0.082407
1 0.208594 0.661343 0.024479 0.085648
1 0.221745 0.740972 0.023698 0.086574
0 0.240365 0.736343 0.020833 0.079167
1 0.249870 0.652778 0.024740 0.064815
1 0.267839 0.672454 0.019531 0.068056
0 0.280990 0.669444 0.014583 0.074074
1 0.297266 0.668519 0.025260 0.086111
1 0.311068 0.668750 0.017969 0.087500
1 0.290495 0.817130 0.022656 0.083333
1 0.306250 0.793056 0.020313 0.070370
1 0.326693 0.683796 0.020573 0.071296
0 0.337891 0.686806 0.014323 0.072685
0 0.350521 0.687731 0.012500 0.071759
0 0.360026 0.687269 0.011719 0.069907
0 0.371094 0.685880 0.011979 0.070833
0 0.381120 0.687731 0.013281 0.070833
0 0.391797 0.690741 0.013802 0.071296
0 0.401042 0.668519 0.014583 0.068519
1 0.413672 0.683333 0.019531 0.065741
1 0.341797 0.790972 0.029427 0.084722
1 0.355469 0.770370 0.020833 0.069444
1 0.368620 0.781481 0.019531 0.067593
1 0.381901 0.779167 0.031510 0.088889
1 0.408073 0.779630 0.028125 0.071296
1 0.424870 0.781019 0.020573 0.068519
0 0.438151 0.776389 0.017448 0.074074
1 0.454688 0.791204 0.026042 0.085185
1 0.424349 0.680093 0.014323 0.070370
1 0.439714 0.684954 0.018490 0.081944
1 0.455990 0.674306 0.018750 0.075463
1 0.471224 0.674306 0.019531 0.083796
0 0.473047 0.788194 0.025781 0.074537
1 0.494271 0.781944 0.021875 0.080556
1 0.513151 0.790046 0.022656 0.061574
1 0.526172 0.780556 0.029948 0.087037
1 0.544271 0.770833 0.035417 0.068519
1 0.493750 0.681019 0.021875 0.087037
1 0.511849 0.673380 0.020573 0.071759
1 0.524870 0.615278 0.021094 0.087037
1 0.544792 0.695370 0.018750 0.068519
0 0.585547 0.770833 0.019531 0.087963
1 0.301823 0.905556 0.022396 0.082407
1 0.328516 0.992130 0.016927 0.014815
1 0.331771 0.926389 0.018750 0.073148
1 0.347266 0.924769 0.020573 0.077315
1 0.365625 0.930093 0.022917 0.075926
1 0.380469 0.925231 0.026042 0.080093
0 0.406250 0.924306 0.021875 0.085648
0 0.346094 0.989120 0.016146 0.019907
0 0.375651 0.990741 0.016927 0.017593
1 0.359766 0.987269 0.013281 0.023611
1 0.388672 0.994676 0.007031 0.009722
1 0.397396 0.988426 0.009375 0.022222
1 0.408724 0.992593 0.013281 0.013889
1 0.428646 0.918981 0.022917 0.081481
1 0.444922 0.917593 0.023698 0.088889
1 0.433464 0.991667 0.009635 0.015741
1 0.449219 0.986343 0.013021 0.026389
1 0.468490 0.925231 0.027083 0.080093
1 0.487370 0.923380 0.022656 0.081944
1 0.468099 0.989815 0.012760 0.019444
1 0.484245 0.985880 0.012760 0.027315
1 0.497917 0.986806 0.015625 0.025463
1 0.519922 0.925231 0.039323 0.070833
1 0.515625 0.986343 0.012500 0.026389
1 0.547396 0.935417 0.034375 0.084722
1 0.566146 0.966204 0.020833 0.066667
1 0.595573 0.928704 0.021354 0.082407
1 0.753776 0.968056 0.048698 0.043519
1 0.801302 0.972222 0.043750 0.040741
1 0.863151 0.972917 0.049740 0.036574
1 0.925521 0.975463 0.054167 0.037963
