0 0.022579 0.911461 0.032723 0.025788
1 0.029287 0.864756 0.046793 0.065330
1 0.114529 0.964756 0.049738 0.047564
1 0.083115 0.854155 0.032723 0.063610
1 0.100458 0.870774 0.029450 0.065903
1 0.117801 0.870774 0.018979 0.071633
0 0.132690 0.866476 0.031741 0.067622
1 0.153796 0.873639 0.026178 0.075072
1 0.170321 0.881948 0.025196 0.067622
0 0.189136 0.875072 0.017016 0.063037
1 0.202389 0.882521 0.022579 0.084814
1 0.067736 0.789398 0.025524 0.073926
1 0.084588 0.794842 0.026505 0.068768
1 0.104385 0.791977 0.024869 0.076791
0 0.123037 0.781948 0.024869 0.069341
1 0.141525 0.783381 0.022579 0.081375
1 0.159686 0.800287 0.037304 0.076218
0 0.184228 0.795989 0.019634 0.067622
1 0.224149 0.984814 0.045812 0.017765
1 0.279614 0.987393 0.026505 0.010315
1 0.224804 0.887393 0.023560 0.083095
1 0.245255 0.896848 0.025196 0.083668
1 0.262271 0.903152 0.021924 0.095129
1 0.280268 0.901719 0.024542 0.081948
1 0.295157 0.902579 0.018325 0.066476
0 0.311191 0.900287 0.017670 0.080229
1 0.325425 0.913467 0.019306 0.092837
0 0.234784 0.798854 0.026505 0.069914
0 0.260471 0.846705 0.043848 0.045272
1 0.249673 0.793696 0.025524 0.072206
1 0.263907 0.793123 0.026505 0.066476
1 0.283541 0.791404 0.025196 0.081375
1 0.298593 0.810888 0.025851 0.075645
0 0.317081 0.805444 0.021597 0.076218
1 0.334915 0.798281 0.023887 0.074499
1 0.361747 0.783095 0.025196 0.068195
1 0.376800 0.787106 0.027160 0.071633
1 0.394961 0.804011 0.024869 0.080229
1 0.418357 0.797708 0.017997 0.068768
1 0.418521 0.894269 0.017670 0.084241
1 0.447480 0.890258 0.019306 0.076218
1 0.436518 0.791117 0.018979 0.076218
1 0.451734 0.789685 0.023887 0.073352
1 0.478567 0.981089 0.010144 0.014900
1 0.472349 0.794556 0.022579 0.079656
1 0.484948 0.877077 0.015707 0.067049
1 0.501473 0.887966 0.019306 0.088825
1 0.517997 0.896562 0.021597 0.092264
1 0.536158 0.900573 0.017343 0.086533
1 0.546957 0.883095 0.013416 0.092837
0 0.556283 0.902865 0.014398 0.054441
1 0.603403 0.840688 0.017016 0.080229
1 0.649215 0.771347 0.031414 0.075645
0 0.579025 0.784814 0.017343 0.072779
0 0.549738 0.797135 0.020288 0.073352
1 0.528305 0.792264 0.019306 0.076218
1 0.512107 0.796848 0.020288 0.073926
1 0.490838 0.796848 0.017670 0.077364
1 0.054810 0.625788 0.035013 0.073352
1 0.067736 0.606590 0.025524 0.068195
1 0.087696 0.610602 0.023560 0.087679
1 0.107821 0.627507 0.035013 0.073352
1 0.119110 0.593123 0.024869 0.082521
1 0.142507 0.606590 0.023887 0.088825
1 0.169012 0.628653 0.025196 0.082521
1 0.086224 0.518338 0.031086 0.083095
1 0.109784 0.502579 0.029777 0.081375
1 0.135798 0.511461 0.029450 0.069341
1 0.162795 0.530946 0.028469 0.081948
1 0.183573 0.620630 0.021597 0.083668
1 0.197480 0.625788 0.025196 0.084814
1 0.211224 0.562751 0.021924 0.083668
1 0.223004 0.621777 0.021924 0.066476
1 0.232003 0.536103 0.019634 0.080802
1 0.245255 0.626934 0.021270 0.082521
1 0.257690 0.627221 0.023887 0.079656
1 0.274542 0.626361 0.022906 0.074499
1 0.296630 0.616905 0.021924 0.077364
1 0.252781 0.536676 0.022579 0.065903
1 0.273069 0.524355 0.027814 0.082521
1 0.291721 0.529799 0.020615 0.075072
1 0.310373 0.631805 0.019306 0.088825
1 0.321499 0.622350 0.019306 0.077937
0 0.340805 0.624928 0.017343 0.070487
1 0.357003 0.620917 0.018325 0.062464
1 0.376309 0.624355 0.018979 0.062464
1 0.410340 0.625215 0.017016 0.065330
1 0.305955 0.528367 0.023560 0.083668
1 0.324771 0.529799 0.021924 0.079656
1 0.342114 0.527221 0.022579 0.081375
1 0.358148 0.525501 0.024542 0.077937
1 0.373200 0.538109 0.024542 0.081375
1 0.402814 0.530659 0.027487 0.080229
1 0.425229 0.628653 0.015380 0.085960
1 0.441427 0.622350 0.015707 0.080229
1 0.425065 0.539828 0.023560 0.083668
1 0.444372 0.531232 0.017016 0.080229
1 0.463678 0.530659 0.022906 0.073352
1 0.478730 0.531519 0.022906 0.061318
0 0.473986 0.622063 0.012107 0.071633
1 0.495255 0.589971 0.017343 0.064756
1 0.510635 0.600573 0.014071 0.061891
1 0.526178 0.593410 0.016361 0.076218
1 0.562664 0.583954 0.020615 0.088252
1 0.553010 0.504011 0.030759 0.069341
1 0.519634 0.508596 0.030759 0.079656
0 0.497709 0.527507 0.017016 0.077364
1 0.570353 0.696848 0.039921 0.041261
1 0.621728 0.665043 0.022906 0.075072
1 0.732166 0.680229 0.048102 0.043553
1 0.779287 0.673066 0.040249 0.029226
1 0.825753 0.669054 0.053992 0.034957
1 0.884817 0.675072 0.053010 0.034384
1 0.880890 0.592550 0.049084 0.042407
1 0.741492 0.590831 0.044503 0.038968
1 0.790576 0.581089 0.043848 0.034384
1 0.982330 0.674785 0.029450 0.092264
0 0.972677 0.529226 0.042866 0.053295
1 0.023069 0.434384 0.040903 0.050430
1 0.043521 0.432092 0.043848 0.057307
1 0.049738 0.463897 0.049084 0.056734
1 0.147742 0.451289 0.056610 0.034957
1 0.007690 0.272206 0.012762 0.067622
1 0.021924 0.274785 0.022251 0.079656
1 0.040576 0.291117 0.026178 0.092837
1 0.057264 0.277650 0.032723 0.080802
1 0.079679 0.266476 0.026505 0.084814
1 0.119110 0.269341 0.019634 0.080229
1 0.099476 0.283095 0.015707 0.040115
1 0.148887 0.273352 0.022906 0.077937
1 0.177683 0.272779 0.020942 0.075645
1 0.189954 0.265903 0.021270 0.081375
1 0.209097 0.346991 0.024869 0.084241
1 0.221695 0.269054 0.023887 0.085387
0 0.240183 0.273066 0.020942 0.078510
1 0.250164 0.354728 0.025196 0.064183
1 0.267834 0.334957 0.019961 0.067049
0 0.280923 0.337536 0.014725 0.073352
1 0.297120 0.338109 0.025524 0.084814
1 0.310864 0.337536 0.018325 0.085960
1 0.289267 0.192837 0.022906 0.081948
1 0.305137 0.216332 0.020615 0.069341
1 0.326243 0.322636 0.020942 0.069914
0 0.337369 0.319484 0.014398 0.071633
0 0.349967 0.318338 0.012762 0.070487
0 0.359293 0.318625 0.011780 0.068768
0 0.370255 0.319771 0.012107 0.069914
0 0.380236 0.317479 0.013743 0.069914
0 0.390870 0.314327 0.014071 0.070487
0 0.400033 0.335817 0.014725 0.067622
1 0.412631 0.321203 0.019634 0.064756
1 0.340478 0.217479 0.029777 0.083095
1 0.354058 0.237249 0.020942 0.068768
1 0.367147 0.226074 0.019634 0.067049
1 0.380399 0.228080 0.031741 0.087106
1 0.406414 0.227221 0.028141 0.070487
1 0.422938 0.225215 0.020615 0.067622
0 0.436191 0.229513 0.017670 0.072779
1 0.452552 0.214900 0.026178 0.083668
1 0.423102 0.324069 0.014398 0.069341
1 0.438318 0.318911 0.018652 0.080802
1 0.454516 0.328940 0.018979 0.074499
1 0.469732 0.328940 0.019961 0.082521
0 0.470713 0.217192 0.025851 0.073352
1 0.491983 0.222923 0.021924 0.079083
1 0.510471 0.214327 0.022906 0.060745
1 0.523560 0.223496 0.030105 0.085960
1 0.541558 0.232665 0.035340 0.067622
1 0.491983 0.321490 0.021924 0.085960
1 0.510144 0.328653 0.020942 0.070487
1 0.523397 0.385100 0.021270 0.085960
1 0.542539 0.306590 0.018979 0.067622
0 0.582461 0.231805 0.019634 0.086533
1 0.299902 0.106304 0.022579 0.080802
1 0.325916 0.020917 0.017016 0.015473
1 0.329516 0.085387 0.018979 0.072206
1 0.344895 0.086246 0.020942 0.076218
1 0.363056 0.080802 0.023233 0.074499
1 0.377945 0.085387 0.026178 0.079083
0 0.403469 0.085673 0.022251 0.084241
0 0.343259 0.023782 0.016361 0.020057
0 0.372709 0.021490 0.017016 0.017765
1 0.356839 0.024928 0.013416 0.023496
1 0.385471 0.017192 0.007199 0.010315
1 0.394306 0.023209 0.009817 0.022350
1 0.405432 0.018625 0.013743 0.014327
1 0.425720 0.090544 0.022906 0.080229
1 0.441918 0.091404 0.023887 0.087679
1 0.429974 0.018911 0.009817 0.016046
1 0.445681 0.024069 0.013089 0.026361
1 0.465151 0.083381 0.027160 0.078510
1 0.483966 0.084527 0.022906 0.080802
1 0.464332 0.020057 0.013089 0.019484
1 0.480530 0.023782 0.012762 0.026934
1 0.494110 0.022350 0.015707 0.025215
1 0.516361 0.082235 0.039267 0.069341
1 0.511616 0.022350 0.012762 0.026361
1 0.543521 0.071633 0.034686 0.083668
1 0.561846 0.040974 0.020942 0.065903
1 0.591296 0.077364 0.021597 0.081375
1 0.748200 0.035244 0.048757 0.042980
1 0.795321 0.030086 0.043521 0.040688
1 0.856675 0.028080 0.049738 0.036676
1 0.918685 0.024069 0.053992 0.037822
