0 0.983073 0.910880 0.032813 0.025463
1 0.976042 0.863657 0.046875 0.066204
1 0.891016 0.967593 0.049740 0.048148
1 0.921745 0.853935 0.032552 0.064352
1 0.904297 0.871296 0.029427 0.066667
1 0.886849 0.871528 0.019010 0.072685
0 0.871875 0.867593 0.031771 0.068519
1 0.850521 0.875231 0.026042 0.076389
1 0.834115 0.884259 0.025000 0.068519
0 0.814974 0.877315 0.016927 0.063889
1 0.801823 0.885648 0.022396 0.086111
1 0.936719 0.787269 0.025521 0.074537
1 0.919922 0.793056 0.026302 0.069444
1 0.899870 0.790741 0.024740 0.077778
0 0.881120 0.781019 0.024740 0.070370
1 0.862370 0.782870 0.022656 0.082407
1 0.844141 0.800231 0.037240 0.077315
0 0.819401 0.796759 0.019531 0.068519
1 0.780469 0.990509 0.045833 0.018056
1 0.724870 0.994444 0.026302 0.010185
1 0.779297 0.890741 0.023177 0.084259
1 0.758724 0.901157 0.024740 0.084722
1 0.741667 0.907870 0.021875 0.096296
1 0.723437 0.906944 0.024479 0.083333
1 0.708594 0.907870 0.018229 0.067593
0 0.692318 0.906019 0.017448 0.081481
1 0.678125 0.919907 0.019271 0.094444
0 0.768620 0.800694 0.026302 0.070833
0 0.742969 0.850231 0.043750 0.045833
1 0.753516 0.795833 0.025260 0.073148
1 0.739193 0.795370 0.026302 0.067593
1 0.719271 0.793981 0.025000 0.082407
1 0.704297 0.814352 0.025781 0.076852
0 0.685677 0.809259 0.021354 0.077778
1 0.667839 0.802315 0.023698 0.075926
1 0.640625 0.787269 0.025000 0.068981
1 0.625391 0.791898 0.026823 0.072685
1 0.607292 0.809259 0.025000 0.081481
1 0.583594 0.803704 0.017708 0.069444
1 0.584245 0.902315 0.017448 0.085185
1 0.554948 0.898843 0.019271 0.077315
1 0.565365 0.796991 0.018750 0.077315
1 0.549870 0.796065 0.023698 0.074537
1 0.524349 0.992361 0.009635 0.014352
1 0.529167 0.801620 0.022396 0.081019
1 0.517188 0.886343 0.015625 0.068056
1 0.500521 0.897917 0.019271 0.090278
1 0.484115 0.906944 0.021354 0.093519
1 0.465625 0.911574 0.017188 0.087963
1 0.454818 0.893981 0.013281 0.094444
0 0.445443 0.914120 0.014323 0.055093
1 0.397526 0.851620 0.016927 0.081019
1 0.351042 0.781944 0.031250 0.076852
0 0.421745 0.793981 0.017448 0.074074
0 0.451302 0.805787 0.020313 0.074537
1 0.472917 0.800694 0.019271 0.077315
1 0.489193 0.804861 0.020052 0.075463
1 0.510547 0.804398 0.017448 0.078241
1 0.948568 0.619676 0.035156 0.074537
1 0.935417 0.600231 0.025521 0.068981
1 0.915365 0.604861 0.023438 0.089352
1 0.895052 0.622685 0.034896 0.074074
1 0.883594 0.587731 0.025000 0.083796
1 0.860026 0.602083 0.023698 0.090278
1 0.833594 0.625231 0.025000 0.083796
1 0.916016 0.510648 0.030990 0.084259
1 0.892318 0.494907 0.029427 0.082407
1 0.866146 0.504630 0.029167 0.070370
1 0.839193 0.525231 0.028385 0.082870
1 0.818750 0.617361 0.021354 0.084722
1 0.804948 0.622685 0.025000 0.086111
1 0.790625 0.558796 0.021875 0.085185
1 0.779167 0.619444 0.021875 0.067593
1 0.769401 0.531944 0.019531 0.081481
1 0.756901 0.625231 0.021094 0.083796
1 0.744141 0.625694 0.023698 0.081019
1 0.727344 0.625231 0.022917 0.075463
1 0.704948 0.615972 0.021875 0.078241
1 0.748568 0.532870 0.022656 0.066667
1 0.727995 0.520833 0.027865 0.083333
1 0.709245 0.526852 0.020573 0.075926
1 0.691146 0.631481 0.019271 0.089815
1 0.679948 0.621991 0.019271 0.079167
0 0.660547 0.625231 0.016927 0.071759
1 0.644271 0.621528 0.018229 0.063426
1 0.624740 0.625231 0.018750 0.063426
1 0.590495 0.627083 0.016927 0.066204
1 0.695052 0.525694 0.023438 0.084722
1 0.676042 0.527546 0.021875 0.081019
1 0.658594 0.525231 0.022396 0.082870
1 0.642318 0.523843 0.024219 0.079167
1 0.627344 0.537269 0.024479 0.082870
1 0.597396 0.530093 0.027083 0.081481
1 0.575521 0.631019 0.015104 0.087037
1 0.559245 0.624769 0.015365 0.081019
1 0.575000 0.540046 0.023438 0.084722
1 0.555469 0.531481 0.016667 0.081481
1 0.536068 0.531481 0.022656 0.074074
1 0.520964 0.532870 0.022656 0.062037
0 0.526302 0.625231 0.011979 0.072685
1 0.504687 0.593056 0.017188 0.065741
1 0.489193 0.604167 0.013802 0.062963
1 0.473568 0.596991 0.016406 0.077315
1 0.436849 0.588194 0.020573 0.089352
1 0.445964 0.506481 0.030469 0.070370
1 0.479687 0.510417 0.030729 0.081019
0 0.501693 0.529167 0.016927 0.078704
1 0.429818 0.703704 0.039844 0.041667
1 0.377865 0.672685 0.022917 0.075926
1 0.266797 0.690509 0.048177 0.043981
1 0.219271 0.684259 0.040104 0.029630
1 0.172396 0.681019 0.054167 0.035185
1 0.113021 0.688657 0.053125 0.034722
1 0.116276 0.604167 0.049219 0.042593
1 0.256771 0.599306 0.044271 0.039352
1 0.207292 0.590509 0.043750 0.034722
1 0.014714 0.690509 0.029427 0.093981
0 0.023438 0.541435 0.042708 0.054167
1 0.979167 0.423148 0.040625 0.050926
1 0.958594 0.421528 0.043750 0.057870
1 0.952474 0.454167 0.049219 0.057407
1 0.853646 0.443519 0.056771 0.035185
1 0.993490 0.256944 0.012500 0.068519
1 0.979167 0.259954 0.022396 0.081019
1 0.960417 0.277083 0.026042 0.093981
1 0.943620 0.263657 0.032552 0.081944
1 0.920964 0.252778 0.026302 0.086111
1 0.881120 0.256481 0.019531 0.081481
1 0.901042 0.270370 0.015625 0.040741
1 0.851172 0.261343 0.022656 0.079167
1 0.822396 0.261574 0.020833 0.076852
1 0.809896 0.254630 0.021354 0.082407
1 0.791146 0.338194 0.024479 0.085648
1 0.777995 0.258565 0.023698 0.086574
0 0.759375 0.263194 0.020833 0.079167
1 0.749870 0.346759 0.024740 0.064815
1 0.731901 0.327083 0.019531 0.068056
0 0.718750 0.330093 0.014583 0.074074
1 0.702474 0.331019 0.025260 0.086111
1 0.688672 0.330787 0.017969 0.087500
1 0.709245 0.182407 0.022656 0.083333
1 0.693490 0.206481 0.020313 0.070370
1 0.673047 0.315741 0.020573 0.071296
0 0.661849 0.312731 0.014323 0.072685
0 0.649219 0.311806 0.012500 0.071759
0 0.639714 0.312269 0.011719 0.069907
0 0.628646 0.313657 0.011979 0.070833
0 0.618620 0.311806 0.013281 0.070833
0 0.607943 0.308796 0.013802 0.071296
0 0.598698 0.331019 0.014583 0.068519
1 0.586068 0.316204 0.019531 0.065741
1 0.657943 0.208565 0.029427 0.084722
1 0.644271 0.229167 0.020833 0.069444
1 0.631120 0.218056 0.019531 0.067593
1 0.617839 0.220370 0.031510 0.088889
1 0.591667 0.219907 0.028125 0.071296
1 0.574870 0.218519 0.020573 0.068519
0 0.561589 0.223148 0.017448 0.074074
1 0.545052 0.208333 0.026042 0.085185
1 0.575391 0.319444 0.014323 0.070370
1 0.560026 0.314583 0.018490 0.081944
1 0.543750 0.325231 0.018750 0.075463
1 0.528516 0.325231 0.019531 0.083796
0 0.526693 0.211343 0.025781 0.074537
1 0.505469 0.217593 0.021875 0.080556
1 0.486589 0.209491 0.022656 0.061574
1 0.473568 0.218981 0.029948 0.087037
1 0.455469 0.228704 0.035417 0.068519
1 0.505990 0.318519 0.021875 0.087037
1 0.487891 0.326157 0.020573 0.071759
1 0.474870 0.384259 0.021094 0.087037
1 0.454948 0.304167 0.018750 0.068519
0 0.414193 0.228704 0.019531 0.087963
1 0.697917 0.093981 0.022396 0.082407
1 0.671224 0.007407 0.016927 0.014815
1 0.667969 0.073148 0.018750 0.073148
1 0.652474 0.074769 0.020573 0.077315
1 0.634115 0.069444 0.022917 0.075926
1 0.619271 0.074306 0.026042 0.080093
0 0.593490 0.075231 0.021875 0.085648
0 0.653646 0.010417 0.016146 0.019907
0 0.624089 0.008796 0.016927 0.017593
1 0.639974 0.012269 0.013281 0.023611
1 0.611068 0.004861 0.007031 0.009722
1 0.602344 0.011111 0.009375 0.022222
1 0.591016 0.006944 0.013281 0.013889
1 0.571094 0.080556 0.022917 0.081481
1 0.554818 0.081944 0.023698 0.088889
1 0.566276 0.007870 0.009635 0.015741
1 0.550521 0.013194 0.013021 0.026389
1 0.531250 0.074306 0.027083 0.080093
1 0.512370 0.076157 0.022656 0.081944
1 0.531641 0.009722 0.012760 0.019444
1 0.515495 0.013657 0.012760 0.027315
1 0.501823 0.012731 0.015625 0.025463
1 0.479818 0.074306 0.039323 0.070833
1 0.484115 0.013194 0.012500 0.026389
1 0.452344 0.064120 0.034375 0.084722
1 0.433594 0.033333 0.020833 0.066667
1 0.404167 0.070833 0.021354 0.082407
1 0.245964 0.031481 0.048698 0.043519
1 0.198437 0.027315 0.043750 0.040741
1 0.136589 0.026620 0.049740 0.036574
1 0.074219 0.024074 0.054167 0.037963
