0 0.016797 0.090046 0.033073 0.023611
1 0.024089 0.137269 0.047656 0.065278
1 0.108594 0.033333 0.050000 0.047222
1 0.219922 0.011343 0.045052 0.021759
1 0.077474 0.147454 0.033073 0.063426
1 0.063151 0.216204 0.025781 0.075926
1 0.078646 0.208333 0.028125 0.071296
1 0.100521 0.211806 0.025000 0.075463
0 0.119141 0.219907 0.026302 0.070370
1 0.096745 0.129167 0.024219 0.068519
1 0.111198 0.131481 0.018750 0.072222
0 0.127344 0.133796 0.029687 0.070370
1 0.148698 0.125231 0.025000 0.081019
1 0.166667 0.118056 0.027083 0.066667
0 0.184375 0.124306 0.018750 0.064352
1 0.198047 0.115972 0.020052 0.089352
1 0.139193 0.218519 0.025260 0.080556
1 0.154818 0.199769 0.038802 0.077315
0 0.180339 0.205093 0.022656 0.070370
1 0.220573 0.113426 0.025521 0.087037
1 0.240625 0.101852 0.022917 0.085185
0 0.230990 0.200231 0.026042 0.069907
0 0.256120 0.151620 0.045052 0.046759
0 0.307422 0.095833 0.016927 0.080556
0 0.313542 0.192593 0.023438 0.078704
1 0.246875 0.205324 0.025000 0.075463
1 0.260547 0.204167 0.025781 0.066667
1 0.281250 0.206481 0.025000 0.084259
1 0.293620 0.187269 0.027344 0.078241
1 0.330599 0.200463 0.024219 0.075000
1 0.358594 0.213657 0.028125 0.068981
1 0.373698 0.209491 0.027604 0.070833
1 0.392969 0.191667 0.025000 0.082407
1 0.321224 0.081481 0.020052 0.094444
1 0.291667 0.093519 0.018750 0.065741
1 0.277995 0.095833 0.024740 0.082407
1 0.258073 0.093056 0.023958 0.095370
1 0.269401 0.006481 0.035677 0.012963
1 0.476042 0.009954 0.014063 0.018981
1 0.414193 0.099306 0.017448 0.088426
1 0.415625 0.198380 0.018750 0.070833
1 0.434375 0.205093 0.019271 0.078704
1 0.449740 0.206019 0.025521 0.075926
1 0.470573 0.197222 0.021354 0.078704
1 0.489193 0.196296 0.017448 0.081481
1 0.510026 0.194907 0.020573 0.078704
1 0.526693 0.201389 0.020573 0.075926
0 0.548047 0.195139 0.017969 0.077315
0 0.576693 0.193056 0.013802 0.077778
1 0.604818 0.190509 0.017969 0.079167
1 0.575521 0.284954 0.036458 0.054167
0 0.554948 0.085880 0.015104 0.058796
1 0.543620 0.107407 0.014844 0.096296
1 0.533594 0.089815 0.018229 0.089815
1 0.515365 0.094444 0.022396 0.095370
1 0.499089 0.103472 0.020573 0.091204
1 0.482292 0.114583 0.018229 0.071759
1 0.444271 0.101157 0.018750 0.080093
1 0.660417 0.258102 0.031250 0.077315
1 0.987891 0.347454 0.024219 0.093981
1 0.886589 0.311343 0.053385 0.032870
1 0.884245 0.396991 0.050781 0.044907
1 0.826823 0.320602 0.054167 0.035648
1 0.780469 0.316667 0.041146 0.032407
1 0.733724 0.309491 0.048698 0.042130
1 0.743620 0.402315 0.044531 0.041667
1 0.792448 0.409722 0.043750 0.036111
1 0.020573 0.576852 0.040625 0.046296
1 0.041016 0.581019 0.044531 0.057407
1 0.048047 0.547454 0.048698 0.057870
1 0.051823 0.382639 0.033333 0.076389
1 0.064193 0.401620 0.026302 0.071759
1 0.083073 0.397917 0.022396 0.093056
1 0.102995 0.379861 0.037240 0.075463
1 0.114323 0.412731 0.028125 0.083796
1 0.083073 0.490741 0.030729 0.084259
1 0.106641 0.506019 0.027865 0.082407
1 0.132943 0.495833 0.029948 0.073148
1 0.146224 0.558333 0.058073 0.037963
1 0.160547 0.475694 0.027865 0.083796
1 0.140495 0.398843 0.024219 0.088426
1 0.165625 0.375231 0.025000 0.081019
1 0.179818 0.384722 0.024219 0.084259
1 0.196615 0.378009 0.021875 0.087500
1 0.221224 0.381481 0.020573 0.066667
1 0.210026 0.448843 0.020052 0.083796
1 0.229948 0.469907 0.020833 0.081481
1 0.252344 0.467593 0.020833 0.064815
1 0.274089 0.480093 0.021094 0.083333
1 0.290495 0.474769 0.020573 0.076389
1 0.305990 0.474769 0.021354 0.082870
1 0.324089 0.474306 0.021094 0.084722
1 0.337891 0.476620 0.026302 0.081944
1 0.358594 0.475694 0.021354 0.080093
1 0.371875 0.463194 0.025521 0.082870
1 0.402474 0.470370 0.025781 0.081481
1 0.425521 0.460880 0.022917 0.085648
1 0.444922 0.468981 0.016927 0.082407
1 0.242318 0.376620 0.022135 0.082870
1 0.255469 0.375231 0.025000 0.081019
1 0.272266 0.377315 0.024219 0.076852
1 0.295052 0.385880 0.021875 0.077315
1 0.309245 0.368981 0.022135 0.088889
1 0.320573 0.379630 0.019271 0.078704
0 0.339323 0.376852 0.018229 0.073148
1 0.355469 0.380556 0.018750 0.062963
1 0.375521 0.375231 0.018750 0.064352
1 0.409245 0.373843 0.017969 0.067130
1 0.425391 0.368981 0.020052 0.087037
1 0.439974 0.376620 0.017448 0.081944
0 0.473438 0.375926 0.013021 0.075926
1 0.495573 0.410417 0.015625 0.062500
1 0.510417 0.397222 0.015104 0.063889
1 0.526172 0.405093 0.014844 0.077778
1 0.563542 0.411806 0.021354 0.090278
1 0.464323 0.468519 0.024479 0.074074
1 0.479427 0.465509 0.023438 0.059722
0 0.498698 0.472454 0.018229 0.081019
1 0.520573 0.492593 0.031771 0.080556
1 0.556120 0.489583 0.032031 0.071759
1 0.614974 0.368981 0.023698 0.081481
0 0.988151 0.479861 0.023698 0.036574
1 0.006250 0.745833 0.012500 0.068519
1 0.021094 0.743519 0.027083 0.081481
1 0.037500 0.724306 0.031250 0.093056
1 0.056641 0.737269 0.032031 0.088426
1 0.079948 0.749306 0.025521 0.081019
1 0.097917 0.732407 0.015625 0.041667
1 0.118099 0.746296 0.021094 0.080556
1 0.148568 0.741204 0.023177 0.076852
1 0.176823 0.740741 0.021875 0.076852
1 0.191146 0.745833 0.020833 0.082407
1 0.209245 0.663194 0.023698 0.084722
1 0.250000 0.655093 0.025000 0.066667
1 0.221094 0.743519 0.025000 0.086111
0 0.239714 0.739352 0.022656 0.078704
1 0.267318 0.673843 0.023698 0.068056
0 0.281901 0.670370 0.015365 0.075926
1 0.297396 0.670370 0.023958 0.087037
1 0.310417 0.669907 0.018750 0.087963
1 0.327214 0.684722 0.019010 0.072222
0 0.339844 0.688657 0.016146 0.073611
0 0.350391 0.689815 0.013802 0.070370
0 0.359896 0.689120 0.012500 0.068981
0 0.371224 0.686806 0.013281 0.070833
0 0.381641 0.687269 0.012240 0.070833
0 0.391797 0.691435 0.014323 0.074537
0 0.400000 0.668981 0.014583 0.068519
1 0.413802 0.684259 0.018750 0.067593
1 0.423568 0.681019 0.016406 0.071296
1 0.439323 0.686806 0.021354 0.086574
1 0.455599 0.675231 0.019531 0.078241
1 0.471745 0.676157 0.020052 0.085648
1 0.493490 0.682870 0.021875 0.087963
1 0.511198 0.674306 0.019792 0.072685
1 0.526172 0.611343 0.022135 0.084722
1 0.544792 0.695833 0.018750 0.068519
1 0.290495 0.818056 0.022135 0.083333
1 0.308594 0.793519 0.021875 0.070370
1 0.301693 0.906944 0.023698 0.081481
1 0.341797 0.792130 0.029948 0.084259
1 0.354948 0.772917 0.021354 0.068981
1 0.367969 0.783333 0.021875 0.069444
1 0.381771 0.781019 0.031250 0.088889
1 0.407943 0.781944 0.027344 0.072222
1 0.423047 0.782870 0.023698 0.069444
0 0.438021 0.780093 0.016667 0.071296
0 0.473698 0.789352 0.024479 0.072222
1 0.455469 0.791435 0.024479 0.085648
1 0.331771 0.928704 0.018750 0.073148
1 0.346745 0.927778 0.019531 0.079630
1 0.329297 0.992593 0.015365 0.014815
1 0.366667 0.931019 0.022917 0.074074
1 0.380990 0.928704 0.026562 0.081481
0 0.346745 0.990278 0.016927 0.019444
0 0.406120 0.926157 0.020052 0.083796
0 0.376172 0.991667 0.016406 0.016667
1 0.358594 0.988657 0.011979 0.021759
1 0.389193 0.995370 0.005469 0.008333
1 0.397526 0.990046 0.008594 0.018981
1 0.409245 0.993981 0.011198 0.011111
1 0.428776 0.922454 0.021615 0.080093
1 0.444922 0.919907 0.024740 0.087963
1 0.468099 0.926620 0.026302 0.078241
1 0.486849 0.922454 0.023698 0.081944
1 0.433724 0.992593 0.011198 0.014815
1 0.449349 0.986806 0.013281 0.026389
1 0.467969 0.991204 0.012500 0.017593
1 0.484896 0.987269 0.012500 0.025463
1 0.497396 0.987269 0.016146 0.024537
1 0.516276 0.987500 0.011719 0.025000
1 0.494922 0.782407 0.023698 0.080556
1 0.513151 0.791435 0.023177 0.061574
1 0.526693 0.781481 0.030990 0.087963
1 0.544792 0.773380 0.036979 0.071759
0 0.588672 0.813194 0.020052 0.088426
1 0.597396 0.957407 0.016667 0.034259
1 0.565625 0.966667 0.020313 0.066667
1 0.546875 0.937269 0.033854 0.084722
1 0.519922 0.926852 0.038802 0.072222
1 0.754427 0.970833 0.049479 0.041667
1 0.802214 0.972454 0.043490 0.039352
1 0.863542 0.974769 0.050000 0.034722
1 0.926693 0.975694 0.056510 0.041204
