0 0.983203 0.089583 0.033073 0.023611
1 0.975911 0.136806 0.047656 0.065278
1 0.891406 0.032870 0.050000 0.047222
1 0.780078 0.010880 0.045052 0.021759
1 0.922526 0.146991 0.033073 0.063426
1 0.936849 0.215741 0.025781 0.075926
1 0.921354 0.207870 0.028125 0.071296
1 0.899479 0.211343 0.025000 0.075463
0 0.880859 0.219444 0.026302 0.070370
1 0.903255 0.128704 0.024219 0.068519
1 0.888802 0.131019 0.018750 0.072222
0 0.872656 0.133333 0.029687 0.070370
1 0.851302 0.124769 0.025000 0.081019
1 0.833333 0.117593 0.027083 0.066667
0 0.815625 0.123843 0.018750 0.064352
1 0.801953 0.115509 0.020052 0.089352
1 0.860807 0.218056 0.025260 0.080556
1 0.845182 0.199306 0.038802 0.077315
0 0.819661 0.204630 0.022656 0.070370
1 0.779427 0.112963 0.025521 0.087037
1 0.759375 0.101389 0.022917 0.085185
0 0.769010 0.199769 0.026042 0.069907
0 0.743880 0.151157 0.045052 0.046759
0 0.692578 0.095370 0.016927 0.080556
0 0.686458 0.192130 0.023438 0.078704
1 0.753125 0.204861 0.025000 0.075463
1 0.739453 0.203704 0.025781 0.066667
1 0.718750 0.206019 0.025000 0.084259
1 0.706380 0.186806 0.027344 0.078241
1 0.669401 0.200000 0.024219 0.075000
1 0.641406 0.213194 0.028125 0.068981
1 0.626302 0.209028 0.027604 0.070833
1 0.607031 0.191204 0.025000 0.082407
1 0.678776 0.081019 0.020052 0.094444
1 0.708333 0.093056 0.018750 0.065741
1 0.722005 0.095370 0.024740 0.082407
1 0.741927 0.092593 0.023958 0.095370
1 0.730599 0.006250 0.035677 0.012500
1 0.523958 0.009491 0.014063 0.018981
1 0.585807 0.098843 0.017448 0.088426
1 0.584375 0.197917 0.018750 0.070833
1 0.565625 0.204630 0.019271 0.078704
1 0.550260 0.205556 0.025521 0.075926
1 0.529427 0.196759 0.021354 0.078704
1 0.510807 0.195833 0.017448 0.081481
1 0.489974 0.194444 0.020573 0.078704
1 0.473307 0.200926 0.020573 0.075926
0 0.451953 0.194676 0.017969 0.077315
0 0.423307 0.192593 0.013802 0.077778
1 0.395182 0.190046 0.017969 0.079167
1 0.424479 0.284491 0.036458 0.054167
0 0.445052 0.085417 0.015104 0.058796
1 0.456380 0.106944 0.014844 0.096296
1 0.466406 0.089352 0.018229 0.089815
1 0.484635 0.093981 0.022396 0.095370
1 0.500911 0.103009 0.020573 0.091204
1 0.517708 0.114120 0.018229 0.071759
1 0.555729 0.100694 0.018750 0.080093
1 0.339583 0.257639 0.031250 0.077315
1 0.012109 0.346991 0.024219 0.093981
1 0.113411 0.310880 0.053385 0.032870
1 0.115755 0.396528 0.050781 0.044907
1 0.173177 0.320139 0.054167 0.035648
1 0.219531 0.316204 0.041146 0.032407
1 0.266276 0.309028 0.048698 0.042130
1 0.256380 0.401852 0.044531 0.041667
1 0.207552 0.409259 0.043750 0.036111
1 0.979427 0.576389 0.040625 0.046296
1 0.958984 0.580556 0.044531 0.057407
1 0.951953 0.546991 0.048698 0.057870
1 0.948177 0.382176 0.033333 0.076389
1 0.935807 0.401157 0.026302 0.071759
1 0.916927 0.397454 0.022396 0.093056
1 0.897005 0.379398 0.037240 0.075463
1 0.885677 0.412269 0.028125 0.083796
1 0.916927 0.490278 0.030729 0.084259
1 0.893359 0.505556 0.027865 0.082407
1 0.867057 0.495370 0.029948 0.073148
1 0.853776 0.557870 0.058073 0.037963
1 0.839453 0.475231 0.027865 0.083796
1 0.859505 0.398380 0.024219 0.088426
1 0.834375 0.374769 0.025000 0.081019
1 0.820182 0.384259 0.024219 0.084259
1 0.803385 0.377546 0.021875 0.087500
1 0.778776 0.381019 0.020573 0.066667
1 0.789974 0.448380 0.020052 0.083796
1 0.770052 0.469444 0.020833 0.081481
1 0.747656 0.467130 0.020833 0.064815
1 0.725911 0.479630 0.021094 0.083333
1 0.709505 0.474306 0.020573 0.076389
1 0.694010 0.474306 0.021354 0.082870
1 0.675911 0.473843 0.021094 0.084722
1 0.662109 0.476157 0.026302 0.081944
1 0.641406 0.475231 0.021354 0.080093
1 0.628125 0.462731 0.025521 0.082870
1 0.597526 0.469907 0.025781 0.081481
1 0.574479 0.460417 0.022917 0.085648
1 0.555078 0.468519 0.016927 0.082407
1 0.757682 0.376157 0.022135 0.082870
1 0.744531 0.374769 0.025000 0.081019
1 0.727734 0.376852 0.024219 0.076852
1 0.704948 0.385417 0.021875 0.077315
1 0.690755 0.368519 0.022135 0.088889
1 0.679427 0.379167 0.019271 0.078704
0 0.660677 0.376389 0.018229 0.073148
1 0.644531 0.380093 0.018750 0.062963
1 0.624479 0.374769 0.018750 0.064352
1 0.590755 0.373380 0.017969 0.067130
1 0.574609 0.368519 0.020052 0.087037
1 0.560026 0.376157 0.017448 0.081944
0 0.526563 0.375463 0.013021 0.075926
1 0.504427 0.409954 0.015625 0.062500
1 0.489583 0.396759 0.015104 0.063889
1 0.473828 0.404630 0.014844 0.077778
1 0.436458 0.411343 0.021354 0.090278
1 0.535677 0.468056 0.024479 0.074074
1 0.520573 0.465046 0.023438 0.059722
0 0.501302 0.471991 0.018229 0.081019
1 0.479427 0.492130 0.031771 0.080556
1 0.443880 0.489120 0.032031 0.071759
1 0.385026 0.368519 0.023698 0.081481
0 0.011849 0.479398 0.023698 0.036574
1 0.993750 0.745370 0.012500 0.068519
1 0.978906 0.743056 0.027083 0.081481
1 0.962500 0.723843 0.031250 0.093056
1 0.943359 0.736806 0.032031 0.088426
1 0.920052 0.748843 0.025521 0.081019
1 0.902083 0.731944 0.015625 0.041667
1 0.881901 0.745833 0.021094 0.080556
1 0.851432 0.740741 0.023177 0.076852
1 0.823177 0.740278 0.021875 0.076852
1 0.808854 0.745370 0.020833 0.082407
1 0.790755 0.662731 0.023698 0.084722
1 0.750000 0.654630 0.025000 0.066667
1 0.778906 0.743056 0.025000 0.086111
0 0.760286 0.738889 0.022656 0.078704
1 0.732682 0.673380 0.023698 0.068056
0 0.718099 0.669907 0.015365 0.075926
1 0.702604 0.669907 0.023958 0.087037
1 0.689583 0.669444 0.018750 0.087963
1 0.672786 0.684259 0.019010 0.072222
0 0.660156 0.688194 0.016146 0.073611
0 0.649609 0.689352 0.013802 0.070370
0 0.640104 0.688657 0.012500 0.068981
0 0.628776 0.686343 0.013281 0.070833
0 0.618359 0.686806 0.012240 0.070833
0 0.608203 0.690972 0.014323 0.074537
0 0.600000 0.668519 0.014583 0.068519
1 0.586198 0.683796 0.018750 0.067593
1 0.576432 0.680556 0.016406 0.071296
1 0.560677 0.686343 0.021354 0.086574
1 0.544401 0.674769 0.019531 0.078241
1 0.528255 0.675694 0.020052 0.085648
1 0.506510 0.682407 0.021875 0.087963
1 0.488802 0.673843 0.019792 0.072685
1 0.473828 0.610880 0.022135 0.084722
1 0.455208 0.695370 0.018750 0.068519
1 0.709505 0.817593 0.022135 0.083333
1 0.691406 0.793056 0.021875 0.070370
1 0.698307 0.906481 0.023698 0.081481
1 0.658203 0.791667 0.029948 0.084259
1 0.645052 0.772454 0.021354 0.068981
1 0.632031 0.782870 0.021875 0.069444
1 0.618229 0.780556 0.031250 0.088889
1 0.592057 0.781481 0.027344 0.072222
1 0.576953 0.782407 0.023698 0.069444
0 0.561979 0.779630 0.016667 0.071296
0 0.526302 0.788889 0.024479 0.072222
1 0.544531 0.790972 0.024479 0.085648
1 0.668229 0.928241 0.018750 0.073148
1 0.653255 0.927315 0.019531 0.079630
1 0.670703 0.992130 0.015365 0.014815
1 0.633333 0.930556 0.022917 0.074074
1 0.619010 0.928241 0.026562 0.081481
0 0.653255 0.989815 0.016927 0.019444
0 0.593880 0.925694 0.020052 0.083796
0 0.623828 0.991204 0.016406 0.016667
1 0.641406 0.988194 0.011979 0.021759
1 0.610807 0.994907 0.005469 0.008333
1 0.602474 0.989583 0.008594 0.018981
1 0.590755 0.993519 0.011198 0.011111
1 0.571224 0.921991 0.021615 0.080093
1 0.555078 0.919444 0.024740 0.087963
1 0.531901 0.926157 0.026302 0.078241
1 0.513151 0.921991 0.023698 0.081944
1 0.566276 0.992130 0.011198 0.014815
1 0.550651 0.986343 0.013281 0.026389
1 0.532031 0.990741 0.012500 0.017593
1 0.515104 0.986806 0.012500 0.025463
1 0.502604 0.986806 0.016146 0.024537
1 0.483724 0.987037 0.011719 0.025000
1 0.505078 0.781944 0.023698 0.080556
1 0.486849 0.790972 0.023177 0.061574
1 0.473307 0.781019 0.030990 0.087963
1 0.455208 0.772917 0.036979 0.071759
0 0.411328 0.812731 0.020052 0.088426
1 0.402604 0.956944 0.016667 0.034259
1 0.434375 0.966204 0.020313 0.066667
1 0.453125 0.936806 0.033854 0.084722
1 0.480078 0.926389 0.038802 0.072222
1 0.245573 0.970370 0.049479 0.041667
1 0.197786 0.971991 0.043490 0.039352
1 0.136458 0.974306 0.050000 0.034722
1 0.073307 0.975231 0.056510 0.041204
