0 0.983203 0.909954 0.033073 0.023611
1 0.975911 0.862731 0.047656 0.065278
1 0.891406 0.966667 0.050000 0.047222
1 0.780078 0.988657 0.045052 0.021759
1 0.922526 0.852546 0.033073 0.063426
1 0.936849 0.783796 0.025781 0.075926
1 0.921354 0.791667 0.028125 0.071296
1 0.899479 0.788194 0.025000 0.075463
0 0.880859 0.780093 0.026302 0.070370
1 0.903255 0.870833 0.024219 0.068519
1 0.888802 0.868519 0.018750 0.072222
0 0.872656 0.866204 0.029687 0.070370
1 0.851302 0.874769 0.025000 0.081019
1 0.833333 0.881944 0.027083 0.066667
0 0.815625 0.875694 0.018750 0.064352
1 0.801953 0.884028 0.020052 0.089352
1 0.860807 0.781481 0.025260 0.080556
1 0.845182 0.800231 0.038802 0.077315
0 0.819661 0.794907 0.022656 0.070370
1 0.779427 0.886574 0.025521 0.087037
1 0.759375 0.898148 0.022917 0.085185
0 0.769010 0.799769 0.026042 0.069907
0 0.743880 0.848380 0.045052 0.046759
0 0.692578 0.904167 0.016927 0.080556
0 0.686458 0.807407 0.023438 0.078704
1 0.753125 0.794676 0.025000 0.075463
1 0.739453 0.795833 0.025781 0.066667
1 0.718750 0.793519 0.025000 0.084259
1 0.706380 0.812731 0.027344 0.078241
1 0.669401 0.799537 0.024219 0.075000
1 0.641406 0.786343 0.028125 0.068981
1 0.626302 0.790509 0.027604 0.070833
1 0.607031 0.808333 0.025000 0.082407
1 0.678776 0.918519 0.020052 0.094444
1 0.708333 0.906481 0.018750 0.065741
1 0.722005 0.904167 0.024740 0.082407
1 0.741927 0.906944 0.023958 0.095370
1 0.730599 0.993519 0.035677 0.012963
1 0.523958 0.990046 0.014063 0.018981
1 0.585807 0.900694 0.017448 0.088426
1 0.584375 0.801620 0.018750 0.070833
1 0.565625 0.794907 0.019271 0.078704
1 0.550260 0.793981 0.025521 0.075926
1 0.529427 0.802778 0.021354 0.078704
1 0.510807 0.803704 0.017448 0.081481
1 0.489974 0.805093 0.020573 0.078704
1 0.473307 0.798611 0.020573 0.075926
0 0.451953 0.804861 0.017969 0.077315
0 0.423307 0.806944 0.013802 0.077778
1 0.395182 0.809491 0.017969 0.079167
1 0.424479 0.715046 0.036458 0.054167
0 0.445052 0.914120 0.015104 0.058796
1 0.456380 0.892593 0.014844 0.096296
1 0.466406 0.910185 0.018229 0.089815
1 0.484635 0.905556 0.022396 0.095370
1 0.500911 0.896528 0.020573 0.091204
1 0.517708 0.885417 0.018229 0.071759
1 0.555729 0.898843 0.018750 0.080093
1 0.339583 0.741898 0.031250 0.077315
1 0.012109 0.652546 0.024219 0.093981
1 0.113411 0.688657 0.053385 0.032870
1 0.115755 0.603009 0.050781 0.044907
1 0.173177 0.679398 0.054167 0.035648
1 0.219531 0.683333 0.041146 0.032407
1 0.266276 0.690509 0.048698 0.042130
1 0.256380 0.597685 0.044531 0.041667
1 0.207552 0.590278 0.043750 0.036111
1 0.979427 0.423148 0.040625 0.046296
1 0.958984 0.418981 0.044531 0.057407
1 0.951953 0.452546 0.048698 0.057870
1 0.948177 0.617361 0.033333 0.076389
1 0.935807 0.598380 0.026302 0.071759
1 0.916927 0.602083 0.022396 0.093056
1 0.897005 0.620139 0.037240 0.075463
1 0.885677 0.587269 0.028125 0.083796
1 0.916927 0.509259 0.030729 0.084259
1 0.893359 0.493981 0.027865 0.082407
1 0.867057 0.504167 0.029948 0.073148
1 0.853776 0.441667 0.058073 0.037963
1 0.839453 0.524306 0.027865 0.083796
1 0.859505 0.601157 0.024219 0.088426
1 0.834375 0.624769 0.025000 0.081019
1 0.820182 0.615278 0.024219 0.084259
1 0.803385 0.621991 0.021875 0.087500
1 0.778776 0.618519 0.020573 0.066667
1 0.789974 0.551157 0.020052 0.083796
1 0.770052 0.530093 0.020833 0.081481
1 0.747656 0.532407 0.020833 0.064815
1 0.725911 0.519907 0.021094 0.083333
1 0.709505 0.525231 0.020573 0.076389
1 0.694010 0.525231 0.021354 0.082870
1 0.675911 0.525694 0.021094 0.084722
1 0.662109 0.523380 0.026302 0.081944
1 0.641406 0.524306 0.021354 0.080093
1 0.628125 0.536806 0.025521 0.082870
1 0.597526 0.529630 0.025781 0.081481
1 0.574479 0.539120 0.022917 0.085648
1 0.555078 0.531019 0.016927 0.082407
1 0.757682 0.623380 0.022135 0.082870
1 0.744531 0.624769 0.025000 0.081019
1 0.727734 0.622685 0.024219 0.076852
1 0.704948 0.614120 0.021875 0.077315
1 0.690755 0.631019 0.022135 0.088889
1 0.679427 0.620370 0.019271 0.078704
0 0.660677 0.623148 0.018229 0.073148
1 0.644531 0.619444 0.018750 0.062963
1 0.624479 0.624769 0.018750 0.064352
1 0.590755 0.626157 0.017969 0.067130
1 0.574609 0.631019 0.020052 0.087037
1 0.560026 0.623380 0.017448 0.081944
0 0.526563 0.624074 0.013021 0.075926
1 0.504427 0.589583 0.015625 0.062500
1 0.489583 0.602778 0.015104 0.063889
1 0.473828 0.594907 0.014844 0.077778
1 0.436458 0.588194 0.021354 0.090278
1 0.535677 0.531481 0.024479 0.074074
1 0.520573 0.534491 0.023438 0.059722
0 0.501302 0.527546 0.018229 0.081019
1 0.479427 0.507407 0.031771 0.080556
1 0.443880 0.510417 0.032031 0.071759
1 0.385026 0.631019 0.023698 0.081481
0 0.011849 0.520139 0.023698 0.036574
1 0.993750 0.254167 0.012500 0.068519
1 0.978906 0.256481 0.027083 0.081481
1 0.962500 0.275694 0.031250 0.093056
1 0.943359 0.262731 0.032031 0.088426
1 0.920052 0.250694 0.025521 0.081019
1 0.902083 0.267593 0.015625 0.041667
1 0.881901 0.253704 0.021094 0.080556
1 0.851432 0.258796 0.023177 0.076852
1 0.823177 0.259259 0.021875 0.076852
1 0.808854 0.254167 0.020833 0.082407
1 0.790755 0.336806 0.023698 0.084722
1 0.750000 0.344907 0.025000 0.066667
1 0.778906 0.256481 0.025000 0.086111
0 0.760286 0.260648 0.022656 0.078704
1 0.732682 0.326157 0.023698 0.068056
0 0.718099 0.329630 0.015365 0.075926
1 0.702604 0.329630 0.023958 0.087037
1 0.689583 0.330093 0.018750 0.087963
1 0.672786 0.315278 0.019010 0.072222
0 0.660156 0.311343 0.016146 0.073611
0 0.649609 0.310185 0.013802 0.070370
0 0.640104 0.310880 0.012500 0.068981
0 0.628776 0.313194 0.013281 0.070833
0 0.618359 0.312731 0.012240 0.070833
0 0.608203 0.308565 0.014323 0.074537
0 0.600000 0.331019 0.014583 0.068519
1 0.586198 0.315741 0.018750 0.067593
1 0.576432 0.318981 0.016406 0.071296
1 0.560677 0.313194 0.021354 0.086574
1 0.544401 0.324769 0.019531 0.078241
1 0.528255 0.323843 0.020052 0.085648
1 0.506510 0.317130 0.021875 0.087963
1 0.488802 0.325694 0.019792 0.072685
1 0.473828 0.388657 0.022135 0.084722
1 0.455208 0.304167 0.018750 0.068519
1 0.709505 0.181944 0.022135 0.083333
1 0.691406 0.206481 0.021875 0.070370
1 0.698307 0.093056 0.023698 0.081481
1 0.658203 0.207870 0.029948 0.084259
1 0.645052 0.227083 0.021354 0.068981
1 0.632031 0.216667 0.021875 0.069444
1 0.618229 0.218981 0.031250 0.088889
1 0.592057 0.218056 0.027344 0.072222
1 0.576953 0.217130 0.023698 0.069444
0 0.561979 0.219907 0.016667 0.071296
0 0.526302 0.210648 0.024479 0.072222
1 0.544531 0.208565 0.024479 0.085648
1 0.668229 0.071296 0.018750 0.073148
1 0.653255 0.072222 0.019531 0.079630
1 0.670703 0.007407 0.015365 0.014815
1 0.633333 0.068981 0.022917 0.074074
1 0.619010 0.071296 0.026562 0.081481
0 0.653255 0.009722 0.016927 0.019444
0 0.593880 0.073843 0.020052 0.083796
0 0.623828 0.008333 0.016406 0.016667
1 0.641406 0.011343 0.011979 0.021759
1 0.610807 0.004630 0.005469 0.008333
1 0.602474 0.009954 0.008594 0.018981
1 0.590755 0.006019 0.011198 0.011111
1 0.571224 0.077546 0.021615 0.080093
1 0.555078 0.080093 0.024740 0.087963
1 0.531901 0.073380 0.026302 0.078241
1 0.513151 0.077546 0.023698 0.081944
1 0.566276 0.007407 0.011198 0.014815
1 0.550651 0.013194 0.013281 0.026389
1 0.532031 0.008796 0.012500 0.017593
1 0.515104 0.012731 0.012500 0.025463
1 0.502604 0.012731 0.016146 0.024537
1 0.483724 0.012500 0.011719 0.025000
1 0.505078 0.217593 0.023698 0.080556
1 0.486849 0.208565 0.023177 0.061574
1 0.473307 0.218519 0.030990 0.087963
1 0.455208 0.226620 0.036979 0.071759
0 0.411328 0.186806 0.020052 0.088426
1 0.402604 0.042593 0.016667 0.034259
1 0.434375 0.033333 0.020313 0.066667
1 0.453125 0.062731 0.033854 0.084722
1 0.480078 0.073148 0.038802 0.072222
1 0.245573 0.029167 0.049479 0.041667
1 0.197786 0.027546 0.043490 0.039352
1 0.136458 0.025231 0.050000 0.034722
1 0.073307 0.024306 0.056510 0.041204
