0 0.016536 0.090046 0.033073 0.023611
1 0.023828 0.137269 0.047656 0.065278
1 0.108333 0.033333 0.050000 0.047222
1 0.219661 0.011343 0.045052 0.021759
1 0.077214 0.147454 0.033073 0.063426
1 0.062891 0.216204 0.025781 0.075926
1 0.078385 0.208333 0.028125 0.071296
1 0.100260 0.211806 0.025000 0.075463
0 0.118880 0.219907 0.026302 0.070370
1 0.096484 0.129167 0.024219 0.068519
1 0.110937 0.131481 0.018750 0.072222
0 0.127083 0.133796 0.029687 0.070370
1 0.148438 0.125231 0.025000 0.081019
1 0.166406 0.118056 0.027083 0.066667
0 0.184115 0.124306 0.018750 0.064352
1 0.197786 0.115972 0.020052 0.089352
1 0.138932 0.218519 0.025260 0.080556
1 0.154557 0.199769 0.038802 0.077315
0 0.180078 0.205093 0.022656 0.070370
1 0.220312 0.113426 0.025521 0.087037
1 0.240365 0.101852 0.022917 0.085185
0 0.230729 0.200231 0.026042 0.069907
0 0.255859 0.151620 0.045052 0.046759
0 0.307161 0.095833 0.016927 0.080556
0 0.313281 0.192593 0.023438 0.078704
1 0.246615 0.205324 0.025000 0.075463
1 0.260286 0.204167 0.025781 0.066667
1 0.280990 0.206481 0.025000 0.084259
1 0.293359 0.187269 0.027344 0.078241
1 0.330339 0.200463 0.024219 0.075000
1 0.358333 0.213657 0.028125 0.068981
1 0.373437 0.209491 0.027604 0.070833
1 0.392708 0.191667 0.025000 0.082407
1 0.320964 0.081481 0.020052 0.094444
1 0.291406 0.093519 0.018750 0.065741
1 0.277734 0.095833 0.024740 0.082407
1 0.257812 0.093056 0.023958 0.095370
1 0.269141 0.006481 0.035677 0.012963
1 0.475781 0.009954 0.014063 0.018981
1 0.413932 0.099306 0.017448 0.088426
1 0.415365 0.198380 0.018750 0.070833
1 0.434115 0.205093 0.019271 0.078704
1 0.449479 0.206019 0.025521 0.075926
1 0.470313 0.197222 0.021354 0.078704
1 0.488932 0.196296 0.017448 0.081481
1 0.509766 0.194907 0.020573 0.078704
1 0.526432 0.201389 0.020573 0.075926
0 0.547786 0.195139 0.017969 0.077315
0 0.576432 0.193056 0.013802 0.077778
1 0.604557 0.190509 0.017969 0.079167
1 0.575260 0.284954 0.036458 0.054167
0 0.554688 0.085880 0.015104 0.058796
1 0.543359 0.107407 0.014844 0.096296
1 0.533333 0.089815 0.018229 0.089815
1 0.515104 0.094444 0.022396 0.095370
1 0.498828 0.103472 0.020573 0.091204
1 0.482031 0.114583 0.018229 0.071759
1 0.444010 0.101157 0.018750 0.080093
1 0.660156 0.258102 0.031250 0.077315
1 0.987630 0.347454 0.024219 0.093981
1 0.886328 0.311343 0.053385 0.032870
1 0.883984 0.396991 0.050781 0.044907
1 0.826562 0.320602 0.054167 0.035648
1 0.780208 0.316667 0.041146 0.032407
1 0.733464 0.309491 0.048698 0.042130
1 0.743359 0.402315 0.044531 0.041667
1 0.792188 0.409722 0.043750 0.036111
1 0.020313 0.576852 0.040625 0.046296
1 0.040755 0.581019 0.044531 0.057407
1 0.047786 0.547454 0.048698 0.057870
1 0.051562 0.382639 0.033333 0.076389
1 0.063932 0.401620 0.026302 0.071759
1 0.082812 0.397917 0.022396 0.093056
1 0.102734 0.379861 0.037240 0.075463
1 0.114062 0.412731 0.028125 0.083796
1 0.082812 0.490741 0.030729 0.084259
1 0.106380 0.506019 0.027865 0.082407
1 0.132682 0.495833 0.029948 0.073148
1 0.145964 0.558333 0.058073 0.037963
1 0.160286 0.475694 0.027865 0.083796
1 0.140234 0.398843 0.024219 0.088426
1 0.165365 0.375231 0.025000 0.081019
1 0.179557 0.384722 0.024219 0.084259
1 0.196354 0.378009 0.021875 0.087500
1 0.220964 0.381481 0.020573 0.066667
1 0.209766 0.448843 0.020052 0.083796
1 0.229687 0.469907 0.020833 0.081481
1 0.252083 0.467593 0.020833 0.064815
1 0.273828 0.480093 0.021094 0.083333
1 0.290234 0.474769 0.020573 0.076389
1 0.305729 0.474769 0.021354 0.082870
1 0.323828 0.474306 0.021094 0.084722
1 0.337630 0.476620 0.026302 0.081944
1 0.358333 0.475694 0.021354 0.080093
1 0.371615 0.463194 0.025521 0.082870
1 0.402214 0.470370 0.025781 0.081481
1 0.425260 0.460880 0.022917 0.085648
1 0.444661 0.468981 0.016927 0.082407
1 0.242057 0.376620 0.022135 0.082870
1 0.255208 0.375231 0.025000 0.081019
1 0.272005 0.377315 0.024219 0.076852
1 0.294792 0.385880 0.021875 0.077315
1 0.308984 0.368981 0.022135 0.088889
1 0.320312 0.379630 0.019271 0.078704
0 0.339062 0.376852 0.018229 0.073148
1 0.355208 0.380556 0.018750 0.062963
1 0.375260 0.375231 0.018750 0.064352
1 0.408984 0.373843 0.017969 0.067130
1 0.425130 0.368981 0.020052 0.087037
1 0.439714 0.376620 0.017448 0.081944
0 0.473177 0.375926 0.013021 0.075926
1 0.495312 0.410417 0.015625 0.062500
1 0.510156 0.397222 0.015104 0.063889
1 0.525911 0.405093 0.014844 0.077778
1 0.563281 0.411806 0.021354 0.090278
1 0.464062 0.468519 0.024479 0.074074
1 0.479167 0.465509 0.023438 0.059722
0 0.498437 0.472454 0.018229 0.081019
1 0.520312 0.492593 0.031771 0.080556
1 0.555859 0.489583 0.032031 0.071759
1 0.614714 0.368981 0.023698 0.081481
0 0.987891 0.479861 0.023698 0.036574
1 0.006120 0.745833 0.012240 0.068519
1 0.020833 0.743519 0.027083 0.081481
1 0.037240 0.724306 0.031250 0.093056
1 0.056380 0.737269 0.032031 0.088426
1 0.079687 0.749306 0.025521 0.081019
1 0.097656 0.732407 0.015625 0.041667
1 0.117839 0.746296 0.021094 0.080556
1 0.148307 0.741204 0.023177 0.076852
1 0.176563 0.740741 0.021875 0.076852
1 0.190885 0.745833 0.020833 0.082407
1 0.208984 0.663194 0.023698 0.084722
1 0.249740 0.655093 0.025000 0.066667
1 0.220833 0.743519 0.025000 0.086111
0 0.239453 0.739352 0.022656 0.078704
1 0.267057 0.673843 0.023698 0.068056
0 0.281641 0.670370 0.015365 0.075926
1 0.297135 0.670370 0.023958 0.087037
1 0.310156 0.669907 0.018750 0.087963
1 0.326953 0.684722 0.019010 0.072222
0 0.339583 0.688657 0.016146 0.073611
0 0.350130 0.689815 0.013802 0.070370
0 0.359635 0.689120 0.012500 0.068981
0 0.370964 0.686806 0.013281 0.070833
0 0.381380 0.687269 0.012240 0.070833
0 0.391536 0.691435 0.014323 0.074537
0 0.399740 0.668981 0.014583 0.068519
1 0.413542 0.684259 0.018750 0.067593
1 0.423307 0.681019 0.016406 0.071296
1 0.439063 0.686806 0.021354 0.086574
1 0.455339 0.675231 0.019531 0.078241
1 0.471484 0.676157 0.020052 0.085648
1 0.493229 0.682870 0.021875 0.087963
1 0.510938 0.674306 0.019792 0.072685
1 0.525911 0.611343 0.022135 0.084722
1 0.544531 0.695833 0.018750 0.068519
1 0.290234 0.818056 0.022135 0.083333
1 0.308333 0.793519 0.021875 0.070370
1 0.301432 0.906944 0.023698 0.081481
1 0.341536 0.792130 0.029948 0.084259
1 0.354687 0.772917 0.021354 0.068981
1 0.367708 0.783333 0.021875 0.069444
1 0.381510 0.781019 0.031250 0.088889
1 0.407682 0.781944 0.027344 0.072222
1 0.422786 0.782870 0.023698 0.069444
0 0.437760 0.780093 0.016667 0.071296
0 0.473438 0.789352 0.024479 0.072222
1 0.455208 0.791435 0.024479 0.085648
1 0.331510 0.928704 0.018750 0.073148
1 0.346484 0.927778 0.019531 0.079630
1 0.329036 0.992593 0.015365 0.014815
1 0.366406 0.931019 0.022917 0.074074
1 0.380729 0.928704 0.026562 0.081481
0 0.346484 0.990278 0.016927 0.019444
0 0.405859 0.926157 0.020052 0.083796
0 0.375911 0.991667 0.016406 0.016667
1 0.358333 0.988657 0.011979 0.021759
1 0.388932 0.995370 0.005469 0.008333
1 0.397266 0.990046 0.008594 0.018981
1 0.408984 0.993981 0.011198 0.011111
1 0.428516 0.922454 0.021615 0.080093
1 0.444661 0.919907 0.024740 0.087963
1 0.467839 0.926620 0.026302 0.078241
1 0.486589 0.922454 0.023698 0.081944
1 0.433464 0.992593 0.011198 0.014815
1 0.449089 0.986806 0.013281 0.026389
1 0.467708 0.991204 0.012500 0.017593
1 0.484635 0.987269 0.012500 0.025463
1 0.497135 0.987269 0.016146 0.024537
1 0.516016 0.987500 0.011719 0.025000
1 0.494661 0.782407 0.023698 0.080556
1 0.512891 0.791435 0.023177 0.061574
1 0.526432 0.781481 0.030990 0.087963
1 0.544531 0.773380 0.036979 0.071759
0 0.588411 0.813194 0.020052 0.088426
1 0.597135 0.957407 0.016667 0.034259
1 0.565365 0.966667 0.020313 0.066667
1 0.546615 0.937269 0.033854 0.084722
1 0.519661 0.926852 0.038802 0.072222
1 0.754167 0.970833 0.049479 0.041667
1 0.801953 0.972454 0.043490 0.039352
1 0.863281 0.974769 0.050000 0.034722
1 0.926432 0.975694 0.056510 0.041204
