0 0.016797 0.909954 0.033073 0.023611
1 0.024089 0.862731 0.047656 0.065278
1 0.108594 0.966667 0.050000 0.047222
1 0.219922 0.988657 0.045052 0.021759
1 0.077474 0.852546 0.033073 0.063426
1 0.063151 0.783796 0.025781 0.075926
1 0.078646 0.791667 0.028125 0.071296
1 0.100521 0.788194 0.025000 0.075463
0 0.119141 0.780093 0.026302 0.070370
1 0.096745 0.870833 0.024219 0.068519
1 0.111198 0.868519 0.018750 0.072222
0 0.127344 0.866204 0.029687 0.070370
1 0.148698 0.874769 0.025000 0.081019
1 0.166667 0.881944 0.027083 0.066667
0 0.184375 0.875694 0.018750 0.064352
1 0.198047 0.884028 0.020052 0.089352
1 0.139193 0.781481 0.025260 0.080556
1 0.154818 0.800231 0.038802 0.077315
0 0.180339 0.794907 0.022656 0.070370
1 0.220573 0.886574 0.025521 0.087037
1 0.240625 0.898148 0.022917 0.085185
0 0.230990 0.799769 0.026042 0.069907
0 0.256120 0.848380 0.045052 0.046759
0 0.307422 0.904167 0.016927 0.080556
0 0.313542 0.807407 0.023438 0.078704
1 0.246875 0.794676 0.025000 0.075463
1 0.260547 0.795833 0.025781 0.066667
1 0.281250 0.793519 0.025000 0.084259
1 0.293620 0.812731 0.027344 0.078241
1 0.330599 0.799537 0.024219 0.075000
1 0.358594 0.786343 0.028125 0.068981
1 0.373698 0.790509 0.027604 0.070833
1 0.392969 0.808333 0.025000 0.082407
1 0.321224 0.918519 0.020052 0.094444
1 0.291667 0.906481 0.018750 0.065741
1 0.277995 0.904167 0.024740 0.082407
1 0.258073 0.906944 0.023958 0.095370
1 0.269401 0.993519 0.035677 0.012963
1 0.476042 0.990046 0.014063 0.018981
1 0.414193 0.900694 0.017448 0.088426
1 0.415625 0.801620 0.018750 0.070833
1 0.434375 0.794907 0.019271 0.078704
1 0.449740 0.793981 0.025521 0.075926
1 0.470573 0.802778 0.021354 0.078704
1 0.489193 0.803704 0.017448 0.081481
1 0.510026 0.805093 0.020573 0.078704
1 0.526693 0.798611 0.020573 0.075926
0 0.548047 0.804861 0.017969 0.077315
0 0.576693 0.806944 0.013802 0.077778
1 0.604818 0.809491 0.017969 0.079167
1 0.575521 0.715046 0.036458 0.054167
0 0.554948 0.914120 0.015104 0.058796
1 0.543620 0.892593 0.014844 0.096296
1 0.533594 0.910185 0.018229 0.089815
1 0.515365 0.905556 0.022396 0.095370
1 0.499089 0.896528 0.020573 0.091204
1 0.482292 0.885417 0.018229 0.071759
1 0.444271 0.898843 0.018750 0.080093
1 0.660417 0.741898 0.031250 0.077315
1 0.987891 0.652546 0.024219 0.093981
1 0.886589 0.688657 0.053385 0.032870
1 0.884245 0.603009 0.050781 0.044907
1 0.826823 0.679398 0.054167 0.035648
1 0.780469 0.683333 0.041146 0.032407
1 0.733724 0.690509 0.048698 0.042130
1 0.743620 0.597685 0.044531 0.041667
1 0.792448 0.590278 0.043750 0.036111
1 0.020573 0.423148 0.040625 0.046296
1 0.041016 0.418981 0.044531 0.057407
1 0.048047 0.452546 0.048698 0.057870
1 0.051823 0.617361 0.033333 0.076389
1 0.064193 0.598380 0.026302 0.071759
1 0.083073 0.602083 0.022396 0.093056
1 0.102995 0.620139 0.037240 0.075463
1 0.114323 0.587269 0.028125 0.083796
1 0.083073 0.509259 0.030729 0.084259
1 0.106641 0.493981 0.027865 0.082407
1 0.132943 0.504167 0.029948 0.073148
1 0.146224 0.441667 0.058073 0.037963
1 0.160547 0.524306 0.027865 0.083796
1 0.140495 0.601157 0.024219 0.088426
1 0.165625 0.624769 0.025000 0.081019
1 0.179818 0.615278 0.024219 0.084259
1 0.196615 0.621991 0.021875 0.087500
1 0.221224 0.618519 0.020573 0.066667
1 0.210026 0.551157 0.020052 0.083796
1 0.229948 0.530093 0.020833 0.081481
1 0.252344 0.532407 0.020833 0.064815
1 0.274089 0.519907 0.021094 0.083333
1 0.290495 0.525231 0.020573 0.076389
1 0.305990 0.525231 0.021354 0.082870
1 0.324089 0.525694 0.021094 0.084722
1 0.337891 0.523380 0.026302 0.081944
1 0.358594 0.524306 0.021354 0.080093
1 0.371875 0.536806 0.025521 0.082870
1 0.402474 0.529630 0.025781 0.081481
1 0.425521 0.539120 0.022917 0.085648
1 0.444922 0.531019 0.016927 0.082407
1 0.242318 0.623380 0.022135 0.082870
1 0.255469 0.624769 0.025000 0.081019
1 0.272266 0.622685 0.024219 0.076852
1 0.295052 0.614120 0.021875 0.077315
1 0.309245 0.631019 0.022135 0.088889
1 0.320573 0.620370 0.019271 0.078704
0 0.339323 0.623148 0.018229 0.073148
1 0.355469 0.619444 0.018750 0.062963
1 0.375521 0.624769 0.018750 0.064352
1 0.409245 0.626157 0.017969 0.067130
1 0.425391 0.631019 0.020052 0.087037
1 0.439974 0.623380 0.017448 0.081944
0 0.473438 0.624074 0.013021 0.075926
1 0.495573 0.589583 0.015625 0.062500
1 0.510417 0.602778 0.015104 0.063889
1 0.526172 0.594907 0.014844 0.077778
1 0.563542 0.588194 0.021354 0.090278
1 0.464323 0.531481 0.024479 0.074074
1 0.479427 0.534491 0.023438 0.059722
0 0.498698 0.527546 0.018229 0.081019
1 0.520573 0.507407 0.031771 0.080556
1 0.556120 0.510417 0.032031 0.071759
1 0.614974 0.631019 0.023698 0.081481
0 0.988151 0.520139 0.023698 0.036574
1 0.006250 0.254167 0.012500 0.068519
1 0.021094 0.256481 0.027083 0.081481
1 0.037500 0.275694 0.031250 0.093056
1 0.056641 0.262731 0.032031 0.088426
1 0.079948 0.250694 0.025521 0.081019
1 0.097917 0.267593 0.015625 0.041667
1 0.118099 0.253704 0.021094 0.080556
1 0.148568 0.258796 0.023177 0.076852
1 0.176823 0.259259 0.021875 0.076852
1 0.191146 0.254167 0.020833 0.082407
1 0.209245 0.336806 0.023698 0.084722
1 0.250000 0.344907 0.025000 0.066667
1 0.221094 0.256481 0.025000 0.086111
0 0.239714 0.260648 0.022656 0.078704
1 0.267318 0.326157 0.023698 0.068056
0 0.281901 0.329630 0.015365 0.075926
1 0.297396 0.329630 0.023958 0.087037
1 0.310417 0.330093 0.018750 0.087963
1 0.327214 0.315278 0.019010 0.072222
0 0.339844 0.311343 0.016146 0.073611
0 0.350391 0.310185 0.013802 0.070370
0 0.359896 0.310880 0.012500 0.068981
0 0.371224 0.313194 0.013281 0.070833
0 0.381641 0.312731 0.012240 0.070833
0 0.391797 0.308565 0.014323 0.074537
0 0.400000 0.331019 0.014583 0.068519
1 0.413802 0.315741 0.018750 0.067593
1 0.423568 0.318981 0.016406 0.071296
1 0.439323 0.313194 0.021354 0.086574
1 0.455599 0.324769 0.019531 0.078241
1 0.471745 0.323843 0.020052 0.085648
1 0.493490 0.317130 0.021875 0.087963
1 0.511198 0.325694 0.019792 0.072685
1 0.526172 0.388657 0.022135 0.084722
1 0.544792 0.304167 0.018750 0.068519
1 0.290495 0.181944 0.022135 0.083333
1 0.308594 0.206481 0.021875 0.070370
1 0.301693 0.093056 0.023698 0.081481
1 0.341797 0.207870 0.029948 0.084259
1 0.354948 0.227083 0.021354 0.068981
1 0.367969 0.216667 0.021875 0.069444
1 0.381771 0.218981 0.031250 0.088889
1 0.407943 0.218056 0.027344 0.072222
1 0.423047 0.217130 0.023698 0.069444
0 0.438021 0.219907 0.016667 0.071296
0 0.473698 0.210648 0.024479 0.072222
1 0.455469 0.208565 0.024479 0.085648
1 0.331771 0.071296 0.018750 0.073148
1 0.346745 0.072222 0.019531 0.079630
1 0.329297 0.007407 0.015365 0.014815
1 0.366667 0.068981 0.022917 0.074074
1 0.380990 0.071296 0.026562 0.081481
0 0.346745 0.009722 0.016927 0.019444
0 0.406120 0.073843 0.020052 0.083796
0 0.376172 0.008333 0.016406 0.016667
1 0.358594 0.011343 0.011979 0.021759
1 0.389193 0.004630 0.005469 0.008333
1 0.397526 0.009954 0.008594 0.018981
1 0.409245 0.006019 0.011198 0.011111
1 0.428776 0.077546 0.021615 0.080093
1 0.444922 0.080093 0.024740 0.087963
1 0.468099 0.073380 0.026302 0.078241
1 0.486849 0.077546 0.023698 0.081944
1 0.433724 0.007407 0.011198 0.014815
1 0.449349 0.013194 0.013281 0.026389
1 0.467969 0.008796 0.012500 0.017593
1 0.484896 0.012731 0.012500 0.025463
1 0.497396 0.012731 0.016146 0.024537
1 0.516276 0.012500 0.011719 0.025000
1 0.494922 0.217593 0.023698 0.080556
1 0.513151 0.208565 0.023177 0.061574
1 0.526693 0.218519 0.030990 0.087963
1 0.544792 0.226620 0.036979 0.071759
0 0.588672 0.186806 0.020052 0.088426
1 0.597396 0.042593 0.016667 0.034259
1 0.565625 0.033333 0.020313 0.066667
1 0.546875 0.062731 0.033854 0.084722
1 0.519922 0.073148 0.038802 0.072222
1 0.754427 0.029167 0.049479 0.041667
1 0.802214 0.027546 0.043490 0.039352
1 0.863542 0.025231 0.050000 0.034722
1 0.926693 0.024306 0.056510 0.041204
