0 0.016938 0.097294 0.033225 0.024180
1 0.024267 0.144214 0.047883 0.065055
1 0.108469 0.040299 0.050163 0.047208
1 0.219381 0.017559 0.045277 0.022453
1 0.077687 0.153713 0.033550 0.063328
1 0.063518 0.221934 0.026059 0.075417
1 0.078990 0.214162 0.028339 0.071387
1 0.100814 0.217329 0.025081 0.075417
0 0.119381 0.225101 0.026384 0.070236
1 0.096906 0.135579 0.024430 0.068509
1 0.111238 0.137594 0.019218 0.072539
0 0.127362 0.139896 0.029967 0.070236
1 0.148534 0.130973 0.025407 0.081174
1 0.166450 0.123777 0.027362 0.066782
0 0.184202 0.130109 0.019218 0.064479
1 0.197720 0.121762 0.020195 0.089234
1 0.139414 0.223661 0.025407 0.080023
1 0.154886 0.204951 0.038762 0.077145
0 0.180456 0.210132 0.022801 0.070236
1 0.220358 0.118883 0.025733 0.086931
1 0.240228 0.107081 0.023127 0.085204
0 0.230782 0.204663 0.026384 0.069660
0 0.255863 0.156304 0.045277 0.046632
0 0.306840 0.100748 0.016938 0.080599
0 0.313192 0.196603 0.023779 0.078872
1 0.246743 0.209845 0.025081 0.075417
1 0.260261 0.208405 0.026059 0.066782
1 0.280945 0.210708 0.025081 0.084053
1 0.293322 0.191422 0.027687 0.077720
1 0.330130 0.204375 0.024430 0.074842
1 0.358143 0.217041 0.028339 0.069085
1 0.373290 0.212723 0.028013 0.070812
1 0.392345 0.194876 0.025081 0.082326
1 0.320521 0.086356 0.020195 0.094416
1 0.291205 0.098446 0.018893 0.065630
1 0.277524 0.101036 0.024756 0.082326
1 0.257655 0.098158 0.024104 0.094991
1 0.268730 0.012378 0.035831 0.013241
1 0.474919 0.014105 0.014332 0.018998
1 0.413355 0.103339 0.017590 0.088083
1 0.414984 0.201209 0.018893 0.070812
1 0.433876 0.207830 0.019544 0.078296
1 0.449023 0.208693 0.025733 0.075417
1 0.469707 0.199770 0.021498 0.078296
1 0.488436 0.198906 0.017915 0.081174
1 0.509121 0.197179 0.020847 0.078872
1 0.525733 0.203512 0.020847 0.075417
0 0.546906 0.197179 0.018241 0.077720
0 0.575733 0.194876 0.014007 0.077720
1 0.603583 0.191998 0.018241 0.078872
1 0.574756 0.286126 0.036808 0.054116
0 0.553583 0.088659 0.015309 0.058722
1 0.542345 0.110248 0.014984 0.096143
1 0.532410 0.092689 0.018567 0.089810
1 0.514169 0.097582 0.022476 0.094991
1 0.498046 0.106505 0.020847 0.090961
1 0.481270 0.117732 0.018567 0.071963
1 0.443322 0.105066 0.018893 0.080023
1 0.659283 0.258492 0.031270 0.077145
1 0.986156 0.344560 0.024430 0.093840
1 0.885016 0.309729 0.053420 0.033391
1 0.882899 0.394358 0.051140 0.044905
1 0.825407 0.319229 0.054072 0.036269
1 0.779316 0.315774 0.041368 0.032815
1 0.732573 0.309154 0.048860 0.042602
1 0.742671 0.400979 0.044951 0.042026
1 0.791368 0.407887 0.043974 0.036269
1 0.021987 0.580023 0.040717 0.046632
1 0.042508 0.583765 0.044625 0.057571
1 0.049349 0.550662 0.049186 0.058146
1 0.052606 0.387162 0.033550 0.076569
1 0.064984 0.405872 0.026384 0.071387
1 0.083876 0.402130 0.022476 0.092689
1 0.103746 0.383708 0.037459 0.075417
1 0.115147 0.416523 0.028339 0.083477
1 0.084202 0.493955 0.030945 0.084053
1 0.107655 0.509211 0.028339 0.082326
1 0.133876 0.498849 0.029967 0.073115
1 0.147394 0.560449 0.058306 0.038572
1 0.161238 0.478411 0.028013 0.084053
1 0.141205 0.402418 0.024430 0.088659
1 0.166124 0.378814 0.025407 0.080599
1 0.180293 0.388025 0.024430 0.084053
1 0.197068 0.381405 0.022150 0.086931
1 0.221498 0.384571 0.020847 0.066782
1 0.210586 0.451641 0.020521 0.083477
1 0.230456 0.472366 0.021173 0.081174
1 0.252932 0.469775 0.021173 0.064479
1 0.274593 0.481865 0.021498 0.082902
1 0.290879 0.476396 0.020847 0.076569
1 0.306352 0.476396 0.021824 0.082326
1 0.324430 0.475820 0.021498 0.084629
1 0.338274 0.477835 0.026384 0.081750
1 0.358795 0.476972 0.021824 0.080023
1 0.372150 0.464306 0.025733 0.082326
1 0.402606 0.471215 0.026059 0.081174
1 0.425570 0.461716 0.023127 0.085204
1 0.444951 0.469488 0.016938 0.082326
1 0.242671 0.379390 0.022150 0.082902
1 0.255700 0.377950 0.025407 0.081174
1 0.272476 0.379965 0.024430 0.077145
1 0.295114 0.388313 0.022150 0.077720
1 0.309283 0.371330 0.022476 0.088659
1 0.320847 0.381980 0.019544 0.078872
0 0.339251 0.379102 0.018567 0.073115
1 0.355537 0.382556 0.019218 0.062752
1 0.375407 0.377087 0.019218 0.064479
1 0.409121 0.375360 0.018241 0.066782
1 0.425244 0.370466 0.020521 0.086931
1 0.439739 0.377950 0.017590 0.082326
0 0.473127 0.377087 0.013355 0.075993
1 0.495277 0.411054 0.015961 0.062176
1 0.509935 0.398100 0.015309 0.063903
1 0.525733 0.405584 0.014984 0.077720
1 0.563029 0.411917 0.021824 0.090386
1 0.464169 0.468912 0.024756 0.074266
1 0.479316 0.465746 0.023779 0.059873
0 0.498534 0.472366 0.018567 0.081174
1 0.520521 0.492228 0.031922 0.080599
1 0.555863 0.489062 0.032248 0.071963
1 0.614332 0.369027 0.024104 0.081750
0 0.986645 0.476108 0.024104 0.036845
1 0.008143 0.747553 0.013029 0.068509
1 0.022964 0.745250 0.027036 0.081174
1 0.039251 0.725964 0.031596 0.093264
1 0.058469 0.738630 0.032248 0.088659
1 0.081596 0.750432 0.025733 0.081174
1 0.099511 0.733448 0.015961 0.041451
1 0.119707 0.747265 0.021173 0.080599
1 0.150163 0.741796 0.023453 0.076569
1 0.178176 0.741220 0.022150 0.076569
1 0.192671 0.745826 0.021173 0.082326
1 0.210423 0.664076 0.024104 0.084629
1 0.250977 0.655728 0.025081 0.066782
1 0.222476 0.743523 0.025407 0.085780
0 0.241042 0.739206 0.022801 0.078296
1 0.268404 0.674151 0.024104 0.067933
0 0.282736 0.670697 0.015635 0.075993
1 0.298371 0.670409 0.024104 0.086931
1 0.311401 0.669833 0.018893 0.088083
1 0.328176 0.684226 0.019218 0.071963
0 0.340717 0.687968 0.016287 0.073690
0 0.351303 0.689119 0.014007 0.070236
0 0.360749 0.688543 0.012704 0.069085
0 0.371987 0.685953 0.013681 0.070812
0 0.382410 0.686528 0.012378 0.070812
0 0.392508 0.690558 0.014332 0.074266
0 0.400651 0.668106 0.014984 0.068509
1 0.414495 0.683074 0.019218 0.067358
1 0.424267 0.679908 0.016612 0.071387
1 0.439902 0.685665 0.021824 0.086356
1 0.456189 0.673863 0.019870 0.077720
1 0.472313 0.674727 0.020195 0.085204
1 0.493811 0.681059 0.022150 0.087507
1 0.511564 0.672424 0.019870 0.072539
1 0.526221 0.609960 0.022476 0.084629
1 0.545114 0.693437 0.019218 0.068509
1 0.291857 0.816926 0.022150 0.082902
1 0.309772 0.792170 0.022150 0.070236
1 0.303257 0.904721 0.024104 0.081174
1 0.342834 0.790731 0.030293 0.084629
1 0.356026 0.771445 0.021498 0.069085
1 0.369055 0.781808 0.022150 0.069085
1 0.382736 0.779505 0.031270 0.088659
1 0.408958 0.780081 0.027687 0.072539
1 0.423941 0.780944 0.023779 0.069660
0 0.438762 0.778066 0.016938 0.070812
0 0.474593 0.786989 0.024756 0.072539
1 0.456352 0.789004 0.024756 0.085780
1 0.333225 0.926022 0.018893 0.073115
1 0.348208 0.925158 0.019544 0.079447
1 0.330945 0.989637 0.015635 0.014968
1 0.368078 0.928325 0.023453 0.074266
1 0.382410 0.925734 0.026710 0.081750
0 0.348371 0.987047 0.017264 0.020150
0 0.407492 0.923143 0.020195 0.083477
0 0.377687 0.988486 0.016612 0.017271
1 0.360261 0.985320 0.012378 0.022453
1 0.390717 0.991940 0.005537 0.009211
1 0.399023 0.986471 0.009121 0.018998
1 0.410749 0.990213 0.011726 0.011514
1 0.430130 0.919113 0.021824 0.080023
1 0.446091 0.916523 0.025081 0.087507
1 0.469218 0.922855 0.026384 0.078296
1 0.487948 0.918826 0.024104 0.081750
1 0.435016 0.988774 0.011401 0.015544
1 0.450651 0.982729 0.013355 0.026482
1 0.469218 0.987047 0.012704 0.017847
1 0.486156 0.983017 0.012704 0.025907
1 0.498534 0.983017 0.016612 0.024755
1 0.517427 0.983017 0.012052 0.025907
1 0.495603 0.779793 0.023779 0.080023
1 0.513681 0.788428 0.023453 0.061600
1 0.527362 0.778641 0.031270 0.088083
1 0.545277 0.770581 0.037134 0.071963
0 0.589251 0.809729 0.020195 0.088083
1 0.598371 0.952792 0.016938 0.034542
1 0.566612 0.962003 0.020521 0.066782
1 0.547720 0.932930 0.034202 0.084629
1 0.520847 0.922855 0.039088 0.072539
1 0.754886 0.964594 0.049837 0.042026
1 0.802606 0.965746 0.043648 0.039724
1 0.863844 0.967473 0.050163 0.035118
1 0.926710 0.967761 0.056678 0.041451
