0 0.976382 0.088433 0.033240 0.023868
1 0.969559 0.134333 0.047586 0.064259
1 0.885059 0.034884 0.050035 0.046512
1 0.774493 0.016218 0.045136 0.021420
1 0.916725 0.145655 0.032890 0.062424
1 0.931421 0.212362 0.025892 0.074663
1 0.916025 0.205324 0.027992 0.070379
1 0.894332 0.208996 0.025192 0.074051
0 0.875962 0.217564 0.026242 0.069155
1 0.897481 0.128519 0.024493 0.067319
1 0.883135 0.130967 0.018894 0.070991
0 0.867215 0.133721 0.029741 0.069155
1 0.845871 0.125765 0.024843 0.080171
1 0.828027 0.119033 0.026942 0.065483
0 0.810357 0.125459 0.018894 0.063647
1 0.796711 0.117809 0.020294 0.087515
1 0.856018 0.216646 0.025542 0.079559
1 0.840273 0.198592 0.038838 0.076499
0 0.815080 0.204406 0.022743 0.069767
1 0.774493 0.115667 0.025542 0.085679
1 0.754374 0.104957 0.023093 0.083843
0 0.764696 0.200734 0.026242 0.068543
0 0.739503 0.153917 0.045136 0.045900
0 0.688069 0.100673 0.017145 0.078947
0 0.682820 0.195226 0.023443 0.077111
1 0.749125 0.206242 0.025192 0.074663
1 0.735479 0.205324 0.025892 0.065483
1 0.714836 0.208078 0.025192 0.083231
1 0.702589 0.189718 0.027292 0.077111
1 0.666025 0.203488 0.024143 0.074051
1 0.638383 0.216952 0.028341 0.067931
1 0.623338 0.212974 0.027642 0.069767
1 0.603919 0.196450 0.025192 0.080783
1 0.674248 0.086903 0.020294 0.093023
1 0.703814 0.097919 0.019244 0.064871
1 0.717460 0.100061 0.024843 0.081395
1 0.737054 0.097001 0.024143 0.093635
1 0.725332 0.012546 0.035689 0.012852
1 0.520119 0.020808 0.014346 0.019584
1 0.582225 0.106487 0.017495 0.086903
1 0.581526 0.203182 0.018894 0.069767
1 0.562981 0.210220 0.019594 0.077723
1 0.547761 0.211750 0.025542 0.074663
1 0.527117 0.203488 0.021344 0.077723
1 0.508572 0.202876 0.017845 0.080171
1 0.487929 0.202264 0.020644 0.077723
1 0.471484 0.208690 0.020644 0.074663
0 0.450315 0.203182 0.018195 0.075887
0 0.421624 0.201958 0.013996 0.077111
1 0.393982 0.200122 0.018195 0.078335
1 0.423723 0.291616 0.036389 0.053244
0 0.442617 0.097001 0.015395 0.058140
1 0.453989 0.117503 0.015045 0.094247
1 0.463786 0.100367 0.018544 0.088127
1 0.481805 0.104345 0.022393 0.093635
1 0.498076 0.112607 0.020644 0.089351
1 0.514871 0.123011 0.018544 0.070991
1 0.552484 0.109241 0.018894 0.078947
1 0.339223 0.267442 0.031141 0.075887
1 0.015045 0.362301 0.024493 0.091799
1 0.115115 0.324663 0.053184 0.032436
1 0.118090 0.408201 0.050735 0.044064
1 0.174598 0.332313 0.053884 0.035496
1 0.220434 0.327417 0.041288 0.031824
1 0.266795 0.319461 0.048635 0.041616
1 0.257698 0.410037 0.044437 0.041616
1 0.209412 0.418605 0.043737 0.035496
1 0.976382 0.563341 0.040938 0.045900
1 0.956088 0.568237 0.044437 0.056916
1 0.948915 0.535496 0.048985 0.057528
1 0.944017 0.374847 0.033590 0.075275
1 0.931770 0.393513 0.026592 0.070991
1 0.913051 0.390453 0.022743 0.091799
1 0.893107 0.373011 0.037439 0.074051
1 0.882260 0.405447 0.028341 0.082619
1 0.913751 0.481028 0.031141 0.083231
1 0.890483 0.496328 0.027992 0.080783
1 0.864241 0.487148 0.030091 0.072215
1 0.851645 0.548348 0.058083 0.037944
1 0.836599 0.468176 0.027992 0.082007
1 0.856193 0.392595 0.024493 0.087515
1 0.831001 0.370257 0.025192 0.079559
1 0.817005 0.379743 0.024493 0.082619
1 0.800385 0.373623 0.022043 0.086291
1 0.775892 0.377601 0.020644 0.066095
1 0.787614 0.443084 0.020294 0.082007
1 0.768020 0.464198 0.020994 0.080171
1 0.745626 0.462362 0.020994 0.064259
1 0.724108 0.474908 0.021344 0.082007
1 0.707838 0.470318 0.020994 0.075275
1 0.692442 0.470624 0.021693 0.082007
1 0.674423 0.470624 0.021344 0.083231
1 0.660777 0.473072 0.026242 0.080783
1 0.640308 0.472766 0.021693 0.078947
1 0.627012 0.460832 0.025892 0.082007
1 0.596571 0.468482 0.025892 0.080171
1 0.573828 0.459914 0.023093 0.083843
1 0.554759 0.468176 0.017145 0.080783
1 0.754899 0.373317 0.022043 0.082007
1 0.741777 0.372093 0.025192 0.079559
1 0.725157 0.374541 0.024143 0.075887
1 0.702764 0.383721 0.022043 0.075887
1 0.688418 0.367503 0.022043 0.087515
1 0.677222 0.377907 0.019244 0.077723
0 0.658677 0.375765 0.018544 0.072215
1 0.642757 0.379743 0.018894 0.061812
1 0.622813 0.375153 0.018894 0.063647
1 0.589223 0.374541 0.018195 0.066095
1 0.573128 0.370257 0.020294 0.085679
1 0.558782 0.377907 0.017495 0.080171
0 0.525542 0.378213 0.013296 0.074663
1 0.503849 0.412179 0.016095 0.061812
1 0.489153 0.399939 0.015395 0.063035
1 0.473583 0.407895 0.015045 0.076499
1 0.436494 0.415239 0.021344 0.088739
1 0.535339 0.468176 0.024493 0.073439
1 0.520294 0.465728 0.023793 0.058752
0 0.501225 0.473072 0.018544 0.079559
1 0.479706 0.492962 0.032190 0.078947
1 0.444367 0.490820 0.032190 0.070991
1 0.385234 0.374847 0.023793 0.080171
0 0.015745 0.491738 0.023793 0.036108
1 0.991952 0.728274 0.012596 0.067319
1 0.977257 0.726132 0.027292 0.080171
1 0.960812 0.707772 0.031491 0.091187
1 0.941917 0.720930 0.032190 0.086903
1 0.918824 0.733170 0.025892 0.079559
1 0.900805 0.717258 0.015745 0.041616
1 0.880861 0.731334 0.021344 0.079559
1 0.850770 0.727050 0.023443 0.075887
1 0.822778 0.727050 0.022043 0.075887
1 0.808607 0.732558 0.020994 0.080783
1 0.789888 0.652387 0.024143 0.083231
1 0.749475 0.645349 0.025192 0.065483
1 0.778866 0.731028 0.025192 0.085067
0 0.760147 0.727356 0.022743 0.077723
1 0.732330 0.664015 0.023793 0.067319
0 0.717810 0.660955 0.015745 0.074663
1 0.702414 0.661567 0.024143 0.085679
1 0.689643 0.661261 0.018894 0.086291
1 0.673023 0.676255 0.019244 0.070991
0 0.660427 0.680233 0.016445 0.072827
0 0.650105 0.681457 0.013996 0.069155
0 0.640658 0.680845 0.012596 0.067931
0 0.629286 0.679315 0.013646 0.069767
0 0.618964 0.679927 0.012596 0.069767
0 0.608992 0.684211 0.014346 0.073439
0 0.600770 0.662179 0.014696 0.067319
1 0.587124 0.677785 0.018894 0.066707
1 0.577327 0.674725 0.016795 0.070379
1 0.561756 0.680845 0.021344 0.085067
1 0.545486 0.669829 0.019594 0.076499
1 0.529391 0.671053 0.020294 0.083843
1 0.507873 0.678091 0.022043 0.086903
1 0.490378 0.670441 0.019944 0.071603
1 0.475157 0.608935 0.022393 0.083231
1 0.457313 0.692166 0.018894 0.067319
1 0.710462 0.805386 0.022043 0.082007
1 0.692267 0.781824 0.022043 0.069155
1 0.699965 0.892595 0.024143 0.080171
1 0.659202 0.781212 0.030091 0.082619
1 0.646081 0.762852 0.021344 0.067931
1 0.633135 0.773256 0.022043 0.067931
1 0.619664 0.771420 0.031491 0.087515
1 0.593597 0.772950 0.027642 0.070991
1 0.578726 0.774174 0.023793 0.068543
0 0.563681 0.771726 0.016795 0.069767
0 0.528516 0.781518 0.024843 0.070991
1 0.546536 0.783354 0.024493 0.084455
1 0.670399 0.914321 0.018894 0.072215
1 0.655353 0.913709 0.019594 0.078335
1 0.673198 0.976438 0.015395 0.015300
1 0.635759 0.917381 0.023093 0.073439
1 0.621414 0.915239 0.026592 0.080171
0 0.655878 0.974908 0.017145 0.019584
0 0.596571 0.913403 0.020294 0.082619
0 0.626662 0.976744 0.016795 0.017136
1 0.643982 0.973378 0.012246 0.021420
1 0.613891 0.980722 0.005948 0.009180
1 0.605493 0.975826 0.008747 0.018972
1 0.593947 0.979804 0.011547 0.011016
1 0.574003 0.910343 0.022043 0.078947
1 0.557908 0.908507 0.024843 0.086291
1 0.534990 0.915545 0.026592 0.077111
1 0.516445 0.911873 0.023793 0.080783
1 0.569629 0.978886 0.011197 0.015300
1 0.554059 0.973990 0.013646 0.026316
1 0.535689 0.978274 0.012596 0.017748
1 0.518894 0.974908 0.012596 0.025704
1 0.506473 0.975520 0.016445 0.024480
1 0.487754 0.975826 0.011896 0.025092
1 0.507348 0.775398 0.023793 0.079559
1 0.489328 0.784578 0.023443 0.061200
1 0.475682 0.775092 0.031141 0.086291
1 0.457663 0.767748 0.037089 0.070379
0 0.414626 0.807834 0.020294 0.086903
1 0.406928 0.948592 0.016795 0.034272
1 0.438593 0.956854 0.020644 0.065483
1 0.456963 0.927785 0.033590 0.083231
1 0.483730 0.916769 0.038838 0.070991
1 0.251400 0.965422 0.049335 0.041004
1 0.203989 0.968176 0.043387 0.039168
1 0.143107 0.971848 0.049685 0.034272
1 0.080301 0.973990 0.056333 0.041004
