0 0.017763 0.132601 0.032895 0.023086
1 0.025822 0.176802 0.047039 0.061937
1 0.106908 0.074043 0.049342 0.045608
1 0.215789 0.047297 0.044737 0.021396
1 0.078289 0.183559 0.032895 0.060811
1 0.065461 0.249437 0.025658 0.072072
1 0.080592 0.241273 0.027632 0.068131
1 0.102138 0.243243 0.024671 0.072072
0 0.120559 0.249718 0.025987 0.067005
1 0.096875 0.165259 0.024013 0.065878
1 0.111349 0.166667 0.018750 0.068694
0 0.127138 0.168074 0.029276 0.067005
1 0.147862 0.158502 0.024671 0.077140
1 0.165461 0.151182 0.026974 0.063626
0 0.183059 0.155687 0.018750 0.061374
1 0.196217 0.147241 0.020066 0.085023
1 0.140296 0.247466 0.025329 0.077140
1 0.155263 0.228885 0.038158 0.073761
0 0.180428 0.232545 0.022697 0.067568
1 0.218257 0.143863 0.025329 0.082770
1 0.237829 0.131757 0.023026 0.081081
0 0.230099 0.225225 0.025987 0.066441
0 0.253947 0.177928 0.044737 0.045045
0 0.303289 0.122185 0.017105 0.076577
0 0.311020 0.213682 0.023355 0.074887
1 0.245724 0.229167 0.025000 0.072072
1 0.259211 0.227196 0.025658 0.063626
1 0.279605 0.228322 0.025000 0.080518
1 0.291283 0.209459 0.027303 0.074324
1 0.327796 0.219876 0.024013 0.071509
1 0.355592 0.231137 0.027632 0.065878
1 0.370395 0.226351 0.027632 0.067568
1 0.388980 0.208333 0.024671 0.078829
1 0.316612 0.108108 0.020066 0.090090
1 0.287664 0.121059 0.018750 0.063063
1 0.274342 0.123874 0.024342 0.078829
1 0.254770 0.122466 0.024013 0.090653
1 0.264309 0.039977 0.035197 0.012387
1 0.467270 0.032095 0.014145 0.018018
1 0.408059 0.119932 0.017434 0.084459
1 0.411349 0.213401 0.018750 0.067568
1 0.429934 0.218750 0.019079 0.074887
1 0.444901 0.218750 0.025329 0.072635
1 0.465296 0.209459 0.021382 0.075450
1 0.483388 0.207770 0.017434 0.077703
1 0.503947 0.205236 0.020395 0.074887
1 0.520395 0.210304 0.020395 0.072635
0 0.541283 0.203266 0.018092 0.073198
0 0.569408 0.199887 0.013816 0.074324
1 0.596875 0.195946 0.018092 0.075450
1 0.569901 0.286599 0.035855 0.051802
0 0.546053 0.099662 0.015132 0.056306
1 0.535362 0.120495 0.014803 0.091216
1 0.525164 0.104448 0.018092 0.085023
1 0.507566 0.109797 0.022368 0.091216
1 0.491612 0.119369 0.020724 0.086712
1 0.475329 0.130631 0.018421 0.068694
1 0.437664 0.119932 0.018750 0.076577
1 0.652796 0.256757 0.031250 0.073198
1 0.975822 0.323480 0.024013 0.089527
1 0.875822 0.295045 0.052961 0.031532
1 0.875000 0.376126 0.050000 0.042793
1 0.817270 0.306869 0.053618 0.033784
1 0.771711 0.305743 0.040789 0.031532
1 0.725658 0.301239 0.048026 0.040541
1 0.737171 0.388795 0.044079 0.039977
1 0.785197 0.393018 0.043421 0.034910
1 0.030099 0.592624 0.040461 0.044482
1 0.050329 0.595439 0.044079 0.054617
1 0.056579 0.563345 0.048026 0.055743
1 0.057401 0.407376 0.033224 0.072635
1 0.069901 0.424550 0.025987 0.068694
1 0.088322 0.420045 0.022039 0.088964
1 0.107566 0.402027 0.036842 0.072072
1 0.119243 0.432432 0.027961 0.079955
1 0.089967 0.507883 0.030592 0.079955
1 0.113487 0.521115 0.027632 0.078266
1 0.138980 0.510135 0.029934 0.069820
1 0.153125 0.568412 0.057566 0.036599
1 0.165789 0.489302 0.027632 0.079955
1 0.144737 0.417793 0.024342 0.084459
1 0.168914 0.394426 0.024671 0.077140
1 0.183059 0.402309 0.024013 0.080518
1 0.199342 0.395270 0.021711 0.083333
1 0.223684 0.397241 0.020395 0.063626
1 0.213980 0.461430 0.020066 0.079392
1 0.233717 0.480293 0.020724 0.077703
1 0.255757 0.476914 0.020724 0.061937
1 0.277303 0.487331 0.021053 0.079392
1 0.293421 0.481700 0.020395 0.072635
1 0.308553 0.480856 0.021053 0.078829
1 0.326316 0.479448 0.021053 0.080518
1 0.339967 0.480856 0.025987 0.077703
1 0.360362 0.478885 0.021382 0.076014
1 0.373191 0.466216 0.025329 0.078829
1 0.403289 0.471284 0.025658 0.077703
1 0.425658 0.461149 0.023026 0.081081
1 0.444901 0.467624 0.016776 0.078266
1 0.244243 0.391329 0.022039 0.078829
1 0.257237 0.389358 0.025000 0.077140
1 0.273684 0.390203 0.024342 0.073198
1 0.296217 0.397241 0.022039 0.073761
1 0.310033 0.380631 0.022039 0.084459
1 0.321217 0.389921 0.019408 0.074887
0 0.339638 0.386261 0.018092 0.069820
1 0.355428 0.388795 0.018750 0.060248
1 0.375164 0.382601 0.018750 0.061374
1 0.408224 0.379786 0.017763 0.063626
1 0.423849 0.374155 0.020066 0.082770
1 0.438322 0.380631 0.017434 0.077703
0 0.471382 0.378097 0.013158 0.072635
1 0.493586 0.409910 0.015461 0.059685
1 0.507895 0.396396 0.015132 0.060811
1 0.523520 0.402872 0.014803 0.073761
1 0.560362 0.407376 0.021382 0.086149
1 0.463816 0.466216 0.024342 0.070946
1 0.478783 0.462556 0.023355 0.056869
0 0.497862 0.468187 0.018092 0.077140
1 0.519737 0.485923 0.031579 0.076577
1 0.554441 0.481137 0.031908 0.068131
1 0.610197 0.364020 0.023684 0.077140
0 0.978618 0.448761 0.023684 0.034910
1 0.019079 0.753378 0.012500 0.065315
1 0.033553 0.750000 0.026974 0.077703
1 0.049342 0.731137 0.030921 0.088401
1 0.068421 0.742399 0.031579 0.083896
1 0.091447 0.752534 0.025658 0.077140
1 0.108882 0.735642 0.015789 0.039977
1 0.128947 0.747748 0.021053 0.076577
1 0.158717 0.740991 0.023355 0.073198
1 0.186513 0.739302 0.021711 0.073198
1 0.200493 0.743243 0.020724 0.078829
1 0.216941 0.664133 0.023355 0.080518
1 0.256743 0.653998 0.024671 0.063626
1 0.229934 0.739302 0.025000 0.082207
0 0.248191 0.734516 0.022697 0.074887
1 0.274013 0.670890 0.023684 0.064752
0 0.288322 0.666948 0.015461 0.072635
1 0.303618 0.666104 0.023684 0.083333
1 0.316283 0.664977 0.018750 0.083333
1 0.333224 0.677928 0.019079 0.068694
0 0.345559 0.681025 0.016118 0.070383
0 0.355921 0.681588 0.013816 0.067005
0 0.365296 0.680462 0.012829 0.065878
0 0.376480 0.677928 0.013487 0.067568
0 0.386678 0.677365 0.012171 0.067568
0 0.396711 0.680743 0.014474 0.070946
0 0.404276 0.659347 0.014474 0.065315
1 0.418257 0.672860 0.018750 0.064189
1 0.427632 0.669200 0.016447 0.068131
1 0.443257 0.673986 0.021382 0.082207
1 0.459046 0.662162 0.019408 0.074324
1 0.474836 0.662162 0.020066 0.081081
1 0.496382 0.667511 0.021711 0.083896
1 0.513487 0.658502 0.019737 0.069257
1 0.527138 0.597973 0.022039 0.081081
1 0.546875 0.676802 0.018750 0.065315
1 0.299507 0.806025 0.022039 0.079392
1 0.316776 0.781813 0.021711 0.067005
1 0.312007 0.889640 0.023355 0.077703
1 0.349342 0.778716 0.029605 0.079955
1 0.362007 0.759854 0.021382 0.065878
1 0.375000 0.769144 0.021711 0.066441
1 0.388487 0.766329 0.030921 0.084459
1 0.414145 0.765766 0.026974 0.068694
1 0.428947 0.765766 0.023684 0.066441
0 0.443586 0.762106 0.016776 0.068131
0 0.478947 0.769144 0.024342 0.068694
1 0.460855 0.772241 0.024342 0.081644
1 0.341941 0.908502 0.018750 0.069257
1 0.356743 0.906813 0.019408 0.076014
1 0.340625 0.969032 0.015461 0.014640
1 0.376316 0.908784 0.023026 0.070946
1 0.390296 0.905968 0.026645 0.077703
0 0.357730 0.965935 0.016776 0.018581
0 0.414967 0.902027 0.020066 0.079955
0 0.386513 0.965935 0.016447 0.016329
1 0.369243 0.963682 0.012171 0.020833
1 0.399507 0.968187 0.005592 0.008446
1 0.407566 0.963119 0.008553 0.018581
1 0.419243 0.966216 0.011513 0.011261
1 0.437171 0.897241 0.021711 0.076014
1 0.452796 0.894144 0.024671 0.083333
1 0.475822 0.899212 0.025987 0.074324
1 0.494079 0.894144 0.023684 0.077703
1 0.443257 0.963401 0.011513 0.014640
1 0.458388 0.956926 0.013487 0.025338
1 0.476809 0.960304 0.012829 0.017455
1 0.493421 0.955518 0.012500 0.024775
1 0.505592 0.954955 0.016447 0.023649
1 0.524013 0.954110 0.011842 0.024212
1 0.499671 0.761261 0.023684 0.076577
1 0.517599 0.768863 0.023355 0.059122
1 0.530757 0.758727 0.030592 0.083896
1 0.548355 0.750282 0.036842 0.068131
0 0.592270 0.785473 0.020066 0.084459
1 0.603289 0.921453 0.016447 0.033221
1 0.572204 0.931588 0.020066 0.063626
1 0.553289 0.905124 0.033553 0.080518
1 0.526645 0.896678 0.038158 0.069257
1 0.757730 0.925394 0.049013 0.039977
1 0.804770 0.924268 0.043092 0.037725
1 0.864967 0.923423 0.049671 0.033784
1 0.926974 0.920890 0.055921 0.039977
