0 0.016797 0.089583 0.033073 0.023611
1 0.024089 0.136806 0.047656 0.065278
1 0.108594 0.032870 0.050000 0.047222
1 0.219922 0.010880 0.045052 0.021759
1 0.077474 0.146991 0.033073 0.063426
1 0.063151 0.215741 0.025781 0.075926
1 0.078646 0.207870 0.028125 0.071296
1 0.100521 0.211343 0.025000 0.075463
0 0.119141 0.219444 0.026302 0.070370
1 0.096745 0.128704 0.024219 0.068519
1 0.111198 0.131019 0.018750 0.072222
0 0.127344 0.133333 0.029687 0.070370
1 0.148698 0.124769 0.025000 0.081019
1 0.166667 0.117593 0.027083 0.066667
0 0.184375 0.123843 0.018750 0.064352
1 0.198047 0.115509 0.020052 0.089352
1 0.139193 0.218056 0.025260 0.080556
1 0.154818 0.199306 0.038802 0.077315
0 0.180339 0.204630 0.022656 0.070370
1 0.220573 0.112963 0.025521 0.087037
1 0.240625 0.101389 0.022917 0.085185
0 0.230990 0.199769 0.026042 0.069907
0 0.256120 0.151157 0.045052 0.046759
0 0.307422 0.095370 0.016927 0.080556
0 0.313542 0.192130 0.023438 0.078704
1 0.246875 0.204861 0.025000 0.075463
1 0.260547 0.203704 0.025781 0.066667
1 0.281250 0.206019 0.025000 0.084259
1 0.293620 0.186806 0.027344 0.078241
1 0.330599 0.200000 0.024219 0.075000
1 0.358594 0.213194 0.028125 0.068981
1 0.373698 0.209028 0.027604 0.070833
1 0.392969 0.191204 0.025000 0.082407
1 0.321224 0.081019 0.020052 0.094444
1 0.291667 0.093056 0.018750 0.065741
1 0.277995 0.095370 0.024740 0.082407
1 0.258073 0.092593 0.023958 0.095370
1 0.269401 0.006250 0.035677 0.012500
1 0.476042 0.009491 0.014063 0.018981
1 0.414193 0.098843 0.017448 0.088426
1 0.415625 0.197917 0.018750 0.070833
1 0.434375 0.204630 0.019271 0.078704
1 0.449740 0.205556 0.025521 0.075926
1 0.470573 0.196759 0.021354 0.078704
1 0.489193 0.195833 0.017448 0.081481
1 0.510026 0.194444 0.020573 0.078704
1 0.526693 0.200926 0.020573 0.075926
0 0.548047 0.194676 0.017969 0.077315
0 0.576693 0.192593 0.013802 0.077778
1 0.604818 0.190046 0.017969 0.079167
1 0.575521 0.284491 0.036458 0.054167
0 0.554948 0.085417 0.015104 0.058796
1 0.543620 0.106944 0.014844 0.096296
1 0.533594 0.089352 0.018229 0.089815
1 0.515365 0.093981 0.022396 0.095370
1 0.499089 0.103009 0.020573 0.091204
1 0.482292 0.114120 0.018229 0.071759
1 0.444271 0.100694 0.018750 0.080093
1 0.660417 0.257639 0.031250 0.077315
1 0.987891 0.346991 0.024219 0.093981
1 0.886589 0.310880 0.053385 0.032870
1 0.884245 0.396528 0.050781 0.044907
1 0.826823 0.320139 0.054167 0.035648
1 0.780469 0.316204 0.041146 0.032407
1 0.733724 0.309028 0.048698 0.042130
1 0.743620 0.401852 0.044531 0.041667
1 0.792448 0.409259 0.043750 0.036111
1 0.020573 0.576389 0.040625 0.046296
1 0.041016 0.580556 0.044531 0.057407
1 0.048047 0.546991 0.048698 0.057870
1 0.051823 0.382176 0.033333 0.076389
1 0.064193 0.401157 0.026302 0.071759
1 0.083073 0.397454 0.022396 0.093056
1 0.102995 0.379398 0.037240 0.075463
1 0.114323 0.412269 0.028125 0.083796
1 0.083073 0.490278 0.030729 0.084259
1 0.106641 0.505556 0.027865 0.082407
1 0.132943 0.495370 0.029948 0.073148
1 0.146224 0.557870 0.058073 0.037963
1 0.160547 0.475231 0.027865 0.083796
1 0.140495 0.398380 0.024219 0.088426
1 0.165625 0.374769 0.025000 0.081019
1 0.179818 0.384259 0.024219 0.084259
1 0.196615 0.377546 0.021875 0.087500
1 0.221224 0.381019 0.020573 0.066667
1 0.210026 0.448380 0.020052 0.083796
1 0.229948 0.469444 0.020833 0.081481
1 0.252344 0.467130 0.020833 0.064815
1 0.274089 0.479630 0.021094 0.083333
1 0.290495 0.474306 0.020573 0.076389
1 0.305990 0.474306 0.021354 0.082870
1 0.324089 0.473843 0.021094 0.084722
1 0.337891 0.476157 0.026302 0.081944
1 0.358594 0.475231 0.021354 0.080093
1 0.371875 0.462731 0.025521 0.082870
1 0.402474 0.469907 0.025781 0.081481
1 0.425521 0.460417 0.022917 0.085648
1 0.444922 0.468519 0.016927 0.082407
1 0.242318 0.376157 0.022135 0.082870
1 0.255469 0.374769 0.025000 0.081019
1 0.272266 0.376852 0.024219 0.076852
1 0.295052 0.385417 0.021875 0.077315
1 0.309245 0.368519 0.022135 0.088889
1 0.320573 0.379167 0.019271 0.078704
0 0.339323 0.376389 0.018229 0.073148
1 0.355469 0.380093 0.018750 0.062963
1 0.375521 0.374769 0.018750 0.064352
1 0.409245 0.373380 0.017969 0.067130
1 0.425391 0.368519 0.020052 0.087037
1 0.439974 0.376157 0.017448 0.081944
0 0.473438 0.375463 0.013021 0.075926
1 0.495573 0.409954 0.015625 0.062500
1 0.510417 0.396759 0.015104 0.063889
1 0.526172 0.404630 0.014844 0.077778
1 0.563542 0.411343 0.021354 0.090278
1 0.464323 0.468056 0.024479 0.074074
1 0.479427 0.465046 0.023438 0.059722
0 0.498698 0.471991 0.018229 0.081019
1 0.520573 0.492130 0.031771 0.080556
1 0.556120 0.489120 0.032031 0.071759
1 0.614974 0.368519 0.023698 0.081481
0 0.988151 0.479398 0.023698 0.036574
1 0.006250 0.745370 0.012500 0.068519
1 0.021094 0.743056 0.027083 0.081481
1 0.037500 0.723843 0.031250 0.093056
1 0.056641 0.736806 0.032031 0.088426
1 0.079948 0.748843 0.025521 0.081019
1 0.097917 0.731944 0.015625 0.041667
1 0.118099 0.745833 0.021094 0.080556
1 0.148568 0.740741 0.023177 0.076852
1 0.176823 0.740278 0.021875 0.076852
1 0.191146 0.745370 0.020833 0.082407
1 0.209245 0.662731 0.023698 0.084722
1 0.250000 0.654630 0.025000 0.066667
1 0.221094 0.743056 0.025000 0.086111
0 0.239714 0.738889 0.022656 0.078704
1 0.267318 0.673380 0.023698 0.068056
0 0.281901 0.669907 0.015365 0.075926
1 0.297396 0.669907 0.023958 0.087037
1 0.310417 0.669444 0.018750 0.087963
1 0.327214 0.684259 0.019010 0.072222
0 0.339844 0.688194 0.016146 0.073611
0 0.350391 0.689352 0.013802 0.070370
0 0.359896 0.688657 0.012500 0.068981
0 0.371224 0.686343 0.013281 0.070833
0 0.381641 0.686806 0.012240 0.070833
0 0.391797 0.690972 0.014323 0.074537
0 0.400000 0.668519 0.014583 0.068519
1 0.413802 0.683796 0.018750 0.067593
1 0.423568 0.680556 0.016406 0.071296
1 0.439323 0.686343 0.021354 0.086574
1 0.455599 0.674769 0.019531 0.078241
1 0.471745 0.675694 0.020052 0.085648
1 0.493490 0.682407 0.021875 0.087963
1 0.511198 0.673843 0.019792 0.072685
1 0.526172 0.610880 0.022135 0.084722
1 0.544792 0.695370 0.018750 0.068519
1 0.290495 0.817593 0.022135 0.083333
1 0.308594 0.793056 0.021875 0.070370
1 0.301693 0.906481 0.023698 0.081481
1 0.341797 0.791667 0.029948 0.084259
1 0.354948 0.772454 0.021354 0.068981
1 0.367969 0.782870 0.021875 0.069444
1 0.381771 0.780556 0.031250 0.088889
1 0.407943 0.781481 0.027344 0.072222
1 0.423047 0.782407 0.023698 0.069444
0 0.438021 0.779630 0.016667 0.071296
0 0.473698 0.788889 0.024479 0.072222
1 0.455469 0.790972 0.024479 0.085648
1 0.331771 0.928241 0.018750 0.073148
1 0.346745 0.927315 0.019531 0.079630
1 0.329297 0.992130 0.015365 0.014815
1 0.366667 0.930556 0.022917 0.074074
1 0.380990 0.928241 0.026562 0.081481
0 0.346745 0.989815 0.016927 0.019444
0 0.406120 0.925694 0.020052 0.083796
0 0.376172 0.991204 0.016406 0.016667
1 0.358594 0.988194 0.011979 0.021759
1 0.389193 0.994907 0.005469 0.008333
1 0.397526 0.989583 0.008594 0.018981
1 0.409245 0.993519 0.011198 0.011111
1 0.428776 0.921991 0.021615 0.080093
1 0.444922 0.919444 0.024740 0.087963
1 0.468099 0.926157 0.026302 0.078241
1 0.486849 0.921991 0.023698 0.081944
1 0.433724 0.992130 0.011198 0.014815
1 0.449349 0.986343 0.013281 0.026389
1 0.467969 0.990741 0.012500 0.017593
1 0.484896 0.986806 0.012500 0.025463
1 0.497396 0.986806 0.016146 0.024537
1 0.516276 0.987037 0.011719 0.025000
1 0.494922 0.781944 0.023698 0.080556
1 0.513151 0.790972 0.023177 0.061574
1 0.526693 0.781019 0.030990 0.087963
1 0.544792 0.772917 0.036979 0.071759
0 0.588672 0.812731 0.020052 0.088426
1 0.597396 0.956944 0.016667 0.034259
1 0.565625 0.966204 0.020313 0.066667
1 0.546875 0.936806 0.033854 0.084722
1 0.519922 0.926389 0.038802 0.072222
1 0.754427 0.970370 0.049479 0.041667
1 0.802214 0.971991 0.043490 0.039352
1 0.863542 0.974306 0.050000 0.034722
1 0.926693 0.975231 0.056510 0.041204
