0 0.980592 0.800156 0.031180 0.020218
1 0.971524 0.760498 0.045498 0.059098
1 0.894528 0.862623 0.047407 0.039399
1 0.919504 0.757128 0.027999 0.062727
1 0.904709 0.775272 0.027044 0.057543
1 0.887687 0.778642 0.020363 0.066356
1 0.930640 0.697771 0.025453 0.069466
1 0.916481 0.703733 0.029590 0.062727
1 0.895482 0.704251 0.025135 0.069984
0 0.878460 0.701140 0.026726 0.066874
0 0.871938 0.777087 0.030226 0.058061
1 0.858097 0.703214 0.022908 0.073095
1 0.843780 0.720581 0.036271 0.068429
1 0.853007 0.785899 0.024181 0.069466
1 0.835826 0.794971 0.024181 0.060653
0 0.818963 0.791083 0.016545 0.055988
0 0.819122 0.720321 0.020045 0.060653
1 0.789055 0.895801 0.043907 0.017626
1 0.741330 0.905651 0.033726 0.010368
1 0.804963 0.800415 0.019726 0.075687
1 0.784760 0.806895 0.022590 0.073095
1 0.765352 0.819596 0.022590 0.074650
1 0.750239 0.827372 0.024181 0.086055
1 0.731944 0.827631 0.024499 0.072058
1 0.717308 0.831260 0.017499 0.059616
0 0.701559 0.831260 0.017181 0.073095
1 0.688991 0.846293 0.020045 0.083463
0 0.770920 0.729912 0.024817 0.061172
0 0.748330 0.776050 0.043907 0.043546
1 0.755647 0.728097 0.024181 0.065837
1 0.741807 0.729653 0.025135 0.060653
1 0.722399 0.732504 0.023226 0.073613
1 0.709672 0.749352 0.025772 0.067911
0 0.691537 0.747278 0.020681 0.069984
1 0.673878 0.744946 0.021635 0.068429
1 0.544384 0.928720 0.010818 0.015034
1 0.648902 0.735874 0.027681 0.066874
1 0.633312 0.740539 0.026408 0.063764
1 0.615336 0.756610 0.022908 0.072058
1 0.598632 0.842405 0.017499 0.076724
1 0.571269 0.841628 0.020045 0.065837
1 0.533726 0.836444 0.015590 0.062727
1 0.517181 0.848367 0.018772 0.080353
1 0.502227 0.856402 0.021317 0.083981
1 0.485046 0.863660 0.016227 0.077760
1 0.474865 0.849663 0.015590 0.082945
0 0.465479 0.868326 0.013999 0.049767
0 0.437639 0.788491 0.015590 0.067392
0 0.467388 0.774235 0.019090 0.066874
1 0.593541 0.754277 0.018136 0.061172
1 0.576360 0.750389 0.020045 0.068948
1 0.560452 0.751944 0.023226 0.064800
1 0.541044 0.762571 0.021954 0.069466
1 0.523385 0.765422 0.020363 0.069984
1 0.503341 0.768792 0.019726 0.065319
1 0.486955 0.764904 0.018772 0.064800
1 0.434458 0.711509 0.029590 0.057543
1 0.408209 0.751685 0.017181 0.069466
0 0.061406 0.927683 0.020999 0.044064
1 0.034362 0.669777 0.015272 0.071540
1 0.138244 0.712805 0.052498 0.032141
1 0.136653 0.638673 0.047407 0.040435
1 0.195355 0.698808 0.054088 0.031104
1 0.223831 0.614308 0.042953 0.026957
1 0.239103 0.697252 0.038498 0.027994
1 0.284283 0.695956 0.046771 0.038880
1 0.271556 0.616382 0.042953 0.034215
1 0.345052 0.703214 0.027681 0.066874
1 0.934935 0.548471 0.033408 0.070503
1 0.922049 0.533437 0.025453 0.060135
1 0.902800 0.540695 0.024499 0.078797
1 0.883073 0.558320 0.031499 0.067392
1 0.872256 0.531363 0.025772 0.075687
1 0.848552 0.544842 0.023544 0.081908
1 0.825803 0.569466 0.023863 0.074132
1 0.810372 0.562208 0.019726 0.073095
1 0.794941 0.570503 0.018772 0.076205
1 0.772829 0.570503 0.020363 0.057543
1 0.751989 0.576464 0.021954 0.074650
1 0.740535 0.578020 0.025135 0.072576
1 0.955616 0.373769 0.039771 0.045619
1 0.937957 0.372214 0.047089 0.049767
1 0.932071 0.403059 0.048043 0.053396
1 0.900255 0.456713 0.030862 0.073613
1 0.876392 0.446604 0.027044 0.073095
1 0.851257 0.458528 0.028317 0.063764
1 0.837735 0.406687 0.054725 0.030586
1 0.826917 0.478745 0.026726 0.075168
1 0.778396 0.501555 0.020681 0.075168
1 0.761215 0.493779 0.020681 0.072058
1 0.739739 0.497667 0.020363 0.059098
1 0.718263 0.490410 0.025135 0.073613
1 0.701718 0.497667 0.020045 0.068429
1 0.688832 0.498445 0.024181 0.075168
1 0.670697 0.501555 0.022272 0.073095
1 0.654629 0.501814 0.023226 0.072576
1 0.638880 0.502592 0.025453 0.068948
1 0.623926 0.517107 0.024181 0.073095
1 0.594973 0.514256 0.026726 0.072576
1 0.572542 0.526439 0.023226 0.074132
1 0.554725 0.520736 0.016227 0.072058
1 0.723672 0.580612 0.023226 0.067392
1 0.701877 0.576724 0.021635 0.067911
1 0.688355 0.592017 0.020045 0.076724
1 0.678969 0.583981 0.019090 0.072058
0 0.658925 0.589425 0.016545 0.062208
1 0.643493 0.587869 0.020045 0.058061
1 0.625040 0.594868 0.018136 0.054432
1 0.592905 0.600052 0.016863 0.058580
1 0.578428 0.605495 0.016545 0.078797
1 0.562997 0.601866 0.014954 0.072576
1 0.536748 0.523328 0.022272 0.064800
1 0.521954 0.526957 0.022590 0.055469
0 0.531021 0.605236 0.013999 0.064800
1 0.510181 0.579575 0.017499 0.060135
0 0.503659 0.523847 0.017817 0.069984
1 0.481546 0.509850 0.030226 0.072058
1 0.495068 0.591498 0.014636 0.058061
1 0.479160 0.587092 0.015908 0.068948
1 0.443366 0.586314 0.019408 0.082945
1 0.444639 0.522810 0.032135 0.062727
1 0.398505 0.589684 0.021954 0.073095
1 0.962297 0.223691 0.012409 0.062727
1 0.946548 0.223950 0.025453 0.078797
1 0.933662 0.247278 0.028953 0.083981
1 0.914731 0.237429 0.031180 0.075687
1 0.893096 0.228357 0.026090 0.075168
1 0.875915 0.248056 0.014636 0.038880
1 0.854598 0.239243 0.019726 0.072058
1 0.826599 0.246760 0.023544 0.068429
1 0.798759 0.249352 0.020045 0.065319
1 0.785555 0.247797 0.019090 0.070503
1 0.772510 0.322447 0.020999 0.075687
1 0.757556 0.252722 0.022908 0.076205
0 0.739262 0.257906 0.020681 0.068948
1 0.733217 0.333593 0.024499 0.058580
1 0.715081 0.319596 0.020681 0.056506
0 0.702195 0.323484 0.016545 0.066356
1 0.687560 0.325816 0.025453 0.077242
1 0.674356 0.329964 0.019408 0.078279
1 0.658766 0.316485 0.018772 0.062727
0 0.646516 0.314671 0.017817 0.064282
0 0.635698 0.315967 0.012727 0.061690
0 0.626790 0.316485 0.012727 0.062727
0 0.616290 0.318818 0.010818 0.063245
0 0.605313 0.318818 0.011136 0.061172
0 0.595291 0.318040 0.010818 0.063764
0 0.587496 0.336444 0.011772 0.063245
1 0.575565 0.327631 0.017817 0.058061
1 0.565065 0.332297 0.015272 0.062208
1 0.673242 0.218507 0.021635 0.063764
1 0.639835 0.224209 0.029271 0.075168
1 0.627585 0.241576 0.019408 0.061172
1 0.614540 0.235355 0.020681 0.062208
1 0.601495 0.240021 0.030226 0.079834
1 0.576519 0.242354 0.026090 0.062727
1 0.561406 0.242613 0.023226 0.061172
0 0.547248 0.247797 0.018454 0.065319
0 0.513522 0.244686 0.023544 0.065319
1 0.531021 0.238725 0.026090 0.076205
1 0.550589 0.329705 0.019408 0.073613
1 0.534839 0.341369 0.020363 0.069984
1 0.520204 0.342146 0.018454 0.076724
1 0.499205 0.340073 0.020999 0.078797
1 0.482183 0.349663 0.020681 0.064800
1 0.448775 0.335148 0.017499 0.059616
1 0.470570 0.410316 0.022272 0.075168
1 0.493796 0.251426 0.022272 0.070503
1 0.474865 0.245464 0.020681 0.055469
1 0.463093 0.255573 0.028953 0.075687
1 0.445912 0.267237 0.034680 0.061690
1 0.687241 0.195179 0.022272 0.073095
1 0.673401 0.119751 0.022590 0.069466
1 0.642698 0.104458 0.018454 0.062727
1 0.628858 0.107050 0.019408 0.068948
1 0.610404 0.106013 0.021954 0.064800
1 0.596564 0.110420 0.024817 0.069466
0 0.572224 0.115863 0.019408 0.074132
1 0.550589 0.121825 0.023226 0.070503
1 0.535317 0.124935 0.021954 0.076724
1 0.512727 0.123121 0.026408 0.069984
1 0.494591 0.132452 0.021954 0.072058
1 0.463252 0.129082 0.036907 0.063245
1 0.641107 0.047175 0.010818 0.013478
0 0.626312 0.051581 0.015590 0.017107
1 0.615017 0.053655 0.010818 0.019181
0 0.598155 0.054173 0.016545 0.016071
1 0.584951 0.053396 0.006682 0.010368
1 0.577315 0.059357 0.008591 0.020218
1 0.566179 0.055988 0.011136 0.011405
1 0.542953 0.060394 0.011772 0.015034
1 0.528476 0.067133 0.013363 0.024365
1 0.510181 0.066096 0.012409 0.017107
1 0.494750 0.071280 0.012727 0.024365
1 0.481546 0.072317 0.014954 0.022291
1 0.464206 0.074391 0.012090 0.022291
1 0.436526 0.127786 0.033089 0.067911
1 0.417276 0.099015 0.017499 0.060135
0 0.397550 0.202436 0.020045 0.080353
1 0.236876 0.118714 0.046771 0.033178
1 0.190900 0.123898 0.042634 0.035251
1 0.131403 0.129860 0.047725 0.033696
1 0.071747 0.134526 0.053134 0.034733
