0 0.016146 0.090972 0.032292 0.022685
1 0.023698 0.137269 0.046875 0.067130
1 0.108724 0.032870 0.049219 0.044444
1 0.077474 0.148843 0.028906 0.070833
1 0.093750 0.130093 0.028125 0.064815
1 0.111589 0.128935 0.021094 0.074537
1 0.062891 0.214120 0.026302 0.078241
1 0.077995 0.209491 0.030469 0.070833
1 0.099870 0.211806 0.025781 0.079167
0 0.117448 0.218056 0.027604 0.075926
0 0.127865 0.132870 0.031250 0.065741
1 0.138672 0.218519 0.023698 0.082407
1 0.154297 0.200694 0.037760 0.077315
1 0.147917 0.125694 0.025000 0.078241
1 0.166146 0.117593 0.025000 0.068519
0 0.183594 0.124769 0.017188 0.063426
0 0.179818 0.204630 0.020573 0.068519
1 0.219922 0.010417 0.045573 0.019907
1 0.269792 0.006019 0.034896 0.011111
1 0.198568 0.115972 0.020573 0.085648
1 0.219922 0.111806 0.023177 0.082870
1 0.240495 0.100231 0.023177 0.084722
1 0.256771 0.093519 0.025000 0.097222
1 0.275651 0.095833 0.025260 0.081481
1 0.291016 0.093981 0.017969 0.067593
0 0.307292 0.096065 0.017708 0.082870
1 0.321224 0.081019 0.020573 0.094444
0 0.230469 0.200694 0.025521 0.068981
0 0.256120 0.151852 0.045573 0.049074
1 0.246094 0.205324 0.025000 0.074537
1 0.260547 0.205093 0.025781 0.068519
1 0.280990 0.205093 0.023958 0.083333
1 0.294922 0.187731 0.026823 0.076389
0 0.313672 0.192593 0.021094 0.078704
1 0.331771 0.197917 0.022396 0.077315
1 0.475391 0.008333 0.011198 0.016667
1 0.357292 0.211806 0.028646 0.075463
1 0.373698 0.208565 0.027083 0.071759
1 0.393099 0.193056 0.023698 0.081481
1 0.414714 0.098380 0.017969 0.086574
1 0.443099 0.103241 0.020573 0.074074
1 0.481901 0.114583 0.015885 0.070833
1 0.499740 0.103472 0.019271 0.091204
1 0.515495 0.096528 0.022135 0.094907
1 0.533594 0.090741 0.016667 0.087963
1 0.543620 0.107870 0.015885 0.093519
0 0.554297 0.088194 0.014323 0.056019
0 0.579167 0.182407 0.016146 0.075926
0 0.547526 0.194444 0.019531 0.075926
1 0.415625 0.198843 0.018750 0.068981
1 0.433464 0.205556 0.020573 0.077778
1 0.449870 0.206019 0.023698 0.073148
1 0.470573 0.197222 0.022396 0.078704
1 0.489063 0.196065 0.020833 0.079167
1 0.510026 0.195370 0.020052 0.074074
1 0.526823 0.202083 0.019271 0.073611
1 0.578646 0.270139 0.030729 0.065278
1 0.607943 0.228704 0.017448 0.078704
0 0.976693 0.079167 0.021615 0.050000
1 0.991797 0.375231 0.015885 0.081019
1 0.886068 0.311343 0.054427 0.035648
1 0.884245 0.395370 0.049219 0.045370
1 0.826172 0.318981 0.055990 0.035185
1 0.792448 0.410417 0.044271 0.030093
1 0.780599 0.314583 0.039844 0.031019
1 0.733724 0.309491 0.048698 0.043981
1 0.742839 0.401620 0.044531 0.038426
1 0.671094 0.292361 0.028646 0.075463
1 0.051172 0.382870 0.034635 0.079630
1 0.063672 0.401620 0.026302 0.068056
1 0.084115 0.396296 0.025000 0.088889
1 0.105599 0.379167 0.032552 0.075926
1 0.115365 0.411111 0.026562 0.086111
1 0.140495 0.399306 0.024219 0.093056
1 0.165495 0.374769 0.024740 0.083796
1 0.181120 0.384954 0.020052 0.082870
1 0.197396 0.378009 0.019271 0.086574
1 0.220443 0.381019 0.021094 0.064815
1 0.242318 0.377315 0.022656 0.084259
1 0.254297 0.377083 0.025781 0.081944
1 0.020964 0.577546 0.041406 0.051389
1 0.039193 0.581944 0.048698 0.056481
1 0.046875 0.547685 0.050000 0.060185
1 0.082552 0.491667 0.031771 0.083333
1 0.106771 0.506481 0.028125 0.082407
1 0.133464 0.496759 0.029427 0.072222
1 0.144922 0.557407 0.057031 0.034259
1 0.159896 0.477315 0.027604 0.085185
1 0.211198 0.458333 0.021354 0.085185
1 0.228646 0.469444 0.021354 0.081481
1 0.251172 0.468519 0.021094 0.066667
1 0.273047 0.479630 0.025781 0.083333
1 0.290625 0.473843 0.020313 0.077315
1 0.304167 0.474769 0.025000 0.084722
1 0.323177 0.473843 0.022917 0.082870
1 0.339844 0.476157 0.023958 0.081944
1 0.356120 0.477315 0.026302 0.077778
1 0.372396 0.463194 0.025000 0.082870
1 0.402344 0.470370 0.027604 0.082407
1 0.426172 0.459954 0.023698 0.083796
1 0.444271 0.468981 0.016667 0.081481
1 0.271875 0.376852 0.023958 0.075926
1 0.294401 0.384259 0.022135 0.076852
1 0.309245 0.368981 0.020573 0.087037
1 0.318620 0.379167 0.019531 0.081481
0 0.339714 0.376157 0.016927 0.069907
1 0.355599 0.380093 0.020573 0.065741
1 0.375000 0.374769 0.018750 0.061574
1 0.408724 0.373843 0.017448 0.066204
1 0.424089 0.369444 0.016927 0.088889
1 0.439714 0.375694 0.015365 0.081944
1 0.463021 0.468519 0.022917 0.073148
1 0.478776 0.466667 0.023177 0.062963
0 0.473047 0.376620 0.014323 0.073611
1 0.493620 0.408796 0.017969 0.067593
0 0.497526 0.472917 0.018490 0.079167
1 0.519792 0.491667 0.031250 0.081481
1 0.509766 0.397454 0.014844 0.065278
1 0.526042 0.404630 0.016146 0.077778
1 0.563151 0.410880 0.020052 0.093981
1 0.558724 0.482407 0.033073 0.071296
1 0.609896 0.413194 0.022396 0.082870
1 0.006641 0.746528 0.012760 0.070833
1 0.023047 0.748380 0.026302 0.089352
1 0.037500 0.723843 0.029687 0.094907
1 0.056641 0.737731 0.032031 0.085648
1 0.078646 0.751157 0.027083 0.084722
1 0.097526 0.731481 0.014844 0.043519
1 0.119141 0.744444 0.020573 0.081481
1 0.148568 0.740046 0.024219 0.077315
1 0.177474 0.740972 0.020573 0.073611
1 0.191146 0.744907 0.019792 0.079630
1 0.208464 0.661806 0.021615 0.085648
1 0.220443 0.743056 0.023698 0.086111
0 0.239844 0.739815 0.021354 0.077778
1 0.249870 0.655093 0.025260 0.065741
1 0.267969 0.673611 0.021354 0.063889
0 0.281641 0.671065 0.016927 0.074537
1 0.296745 0.670602 0.026302 0.087500
1 0.310677 0.667824 0.019792 0.088426
1 0.326302 0.684954 0.019271 0.070833
0 0.338802 0.689120 0.018229 0.072685
0 0.350000 0.689120 0.013021 0.069907
0 0.359375 0.689815 0.013021 0.071296
0 0.370443 0.688657 0.011198 0.071759
0 0.381771 0.690046 0.011458 0.068981
0 0.392188 0.692593 0.010937 0.072222
0 0.401042 0.672917 0.011979 0.071759
1 0.413151 0.684491 0.018490 0.065278
1 0.424219 0.680556 0.015625 0.070370
1 0.306250 0.793981 0.022396 0.072222
1 0.341146 0.792593 0.030208 0.085185
1 0.354948 0.774306 0.019792 0.068981
1 0.367969 0.783333 0.021354 0.070370
1 0.381771 0.780093 0.031250 0.090741
1 0.407813 0.781019 0.027083 0.070370
1 0.423568 0.782870 0.023698 0.068519
0 0.438542 0.779167 0.018750 0.074074
0 0.473438 0.787269 0.024479 0.073611
1 0.454948 0.791667 0.027083 0.086111
1 0.439193 0.685880 0.020052 0.082870
1 0.455990 0.674769 0.020833 0.079167
1 0.471224 0.675926 0.019010 0.087037
1 0.492969 0.681481 0.021354 0.088889
1 0.511198 0.673148 0.021354 0.073148
1 0.544922 0.694444 0.017969 0.067593
1 0.526042 0.606019 0.022917 0.085185
1 0.494271 0.782407 0.022917 0.079630
1 0.513542 0.791898 0.021354 0.062500
1 0.526172 0.782176 0.029948 0.085648
1 0.544792 0.771759 0.035937 0.069444
1 0.290625 0.818519 0.022917 0.082407
1 0.301172 0.906019 0.023177 0.078704
1 0.332292 0.927546 0.018750 0.070833
1 0.346875 0.926852 0.019792 0.077778
1 0.366016 0.930556 0.022656 0.073148
1 0.380469 0.927315 0.025521 0.078704
0 0.405990 0.924769 0.019792 0.083796
1 0.428776 0.921296 0.023698 0.079630
1 0.444922 0.919907 0.022656 0.087037
1 0.468099 0.925231 0.027344 0.079167
1 0.487500 0.917130 0.022396 0.081481
1 0.519922 0.925694 0.038281 0.071759
1 0.331120 0.992593 0.011198 0.014815
0 0.346745 0.990046 0.015885 0.018981
1 0.358594 0.989352 0.010937 0.021296
0 0.376172 0.991204 0.016927 0.017593
1 0.389714 0.993981 0.006510 0.011111
1 0.397917 0.988194 0.008854 0.022685
1 0.409245 0.993750 0.011198 0.012500
1 0.433594 0.991667 0.011979 0.016667
1 0.449089 0.986343 0.013802 0.027315
1 0.467969 0.990046 0.012500 0.018981
1 0.484245 0.986343 0.013281 0.027315
1 0.497917 0.987269 0.015104 0.024537
1 0.516146 0.987269 0.012500 0.024537
1 0.547396 0.931019 0.034375 0.076852
1 0.566016 0.966204 0.017969 0.067593
0 0.591797 0.851852 0.020573 0.090741
1 0.754167 0.969907 0.048438 0.037037
1 0.802214 0.970833 0.044010 0.039815
1 0.864193 0.972685 0.049740 0.037963
1 0.926302 0.975926 0.055208 0.038889
