0 0.982515 0.143761 0.032280 0.021852
1 0.974109 0.187177 0.046402 0.063830
1 0.892737 0.083956 0.048420 0.042553
1 0.921150 0.195227 0.028581 0.067280
1 0.905683 0.176538 0.027909 0.062105
1 0.888198 0.174526 0.021184 0.070730
1 0.934432 0.257332 0.026227 0.074181
1 0.919637 0.252156 0.030262 0.067280
1 0.898117 0.253306 0.025555 0.075331
0 0.880800 0.258194 0.027236 0.072455
0 0.872058 0.177401 0.031271 0.062680
1 0.859785 0.257332 0.023537 0.078781
1 0.844822 0.239793 0.037323 0.073606
1 0.852387 0.169350 0.024882 0.074181
1 0.834902 0.160725 0.024882 0.064980
0 0.817586 0.166475 0.017149 0.060380
0 0.819939 0.242093 0.020511 0.065555
1 0.784129 0.056354 0.045057 0.019551
1 0.735205 0.049454 0.034633 0.011501
1 0.803127 0.157274 0.020511 0.081081
1 0.782112 0.152099 0.022865 0.078781
1 0.762105 0.140023 0.023201 0.081081
1 0.746469 0.132835 0.024882 0.092007
1 0.727808 0.133985 0.025219 0.077056
1 0.712677 0.131110 0.017821 0.064405
0 0.696705 0.132547 0.017485 0.078781
1 0.683423 0.117309 0.020511 0.089707
0 0.770175 0.235480 0.025219 0.066130
0 0.745797 0.188039 0.045057 0.047154
1 0.754876 0.238930 0.024882 0.070730
1 0.740585 0.237780 0.025891 0.064980
1 0.720410 0.236918 0.023874 0.079356
1 0.707128 0.219666 0.026900 0.072455
0 0.688635 0.223117 0.020847 0.074756
1 0.670814 0.227142 0.022192 0.073606
1 0.533289 0.040253 0.011432 0.016101
1 0.645427 0.238930 0.028581 0.071880
1 0.629455 0.234905 0.026900 0.068430
1 0.610625 0.219091 0.023537 0.077056
1 0.591291 0.128522 0.017821 0.082231
1 0.563383 0.131397 0.020511 0.070730
1 0.525050 0.140023 0.015804 0.067280
1 0.507734 0.128522 0.019502 0.086832
1 0.492434 0.121047 0.021856 0.090282
1 0.474781 0.114721 0.016812 0.083381
1 0.464526 0.130247 0.015804 0.089132
0 0.454438 0.111271 0.014459 0.053479
0 0.428379 0.198677 0.016140 0.071880
0 0.459314 0.211616 0.019502 0.072455
1 0.588433 0.223117 0.018830 0.065555
1 0.570780 0.228580 0.020511 0.074181
1 0.554808 0.228005 0.023537 0.069580
1 0.534633 0.218516 0.022192 0.074756
1 0.516476 0.216504 0.020847 0.075331
1 0.495965 0.214779 0.020175 0.070730
1 0.479321 0.220242 0.019166 0.070155
1 0.427202 0.281484 0.030599 0.062680
1 0.399126 0.240943 0.017485 0.074756
0 0.040182 0.079068 0.021856 0.047729
1 0.019839 0.357677 0.016140 0.077056
1 0.124748 0.303048 0.053800 0.034503
1 0.125084 0.382691 0.048420 0.043128
1 0.183423 0.313686 0.055481 0.033928
1 0.214862 0.401955 0.043712 0.028752
1 0.228144 0.312248 0.039341 0.029902
1 0.274210 0.309948 0.048083 0.042553
1 0.263786 0.396205 0.044048 0.036803
1 0.336079 0.297297 0.028581 0.071305
1 0.942838 0.417481 0.034297 0.075906
1 0.930061 0.434445 0.026227 0.064980
1 0.910222 0.428120 0.024882 0.084531
1 0.889375 0.410868 0.032280 0.071880
1 0.879287 0.440483 0.026227 0.081656
1 0.854741 0.427832 0.024210 0.088557
1 0.830699 0.403393 0.024546 0.079931
1 0.815232 0.412018 0.019839 0.078781
1 0.799428 0.404543 0.019166 0.082231
1 0.776732 0.406268 0.020847 0.061530
1 0.755380 0.401668 0.022529 0.079931
1 0.743443 0.400518 0.025555 0.077631
1 0.968729 0.602933 0.041022 0.048879
1 0.950740 0.606095 0.048083 0.054054
1 0.944015 0.573318 0.049428 0.057504
1 0.909886 0.518401 0.031607 0.078781
1 0.885844 0.531052 0.027909 0.078781
1 0.859953 0.520414 0.029254 0.069005
1 0.847512 0.577056 0.056153 0.032777
1 0.834230 0.500575 0.027572 0.081081
1 0.784297 0.479873 0.021184 0.081081
1 0.766980 0.489074 0.021520 0.077631
1 0.744956 0.487062 0.021184 0.063255
1 0.723268 0.496262 0.025555 0.079356
1 0.706120 0.489937 0.020175 0.073606
1 0.692670 0.489937 0.024882 0.080506
1 0.674176 0.487924 0.022865 0.078781
1 0.657868 0.489362 0.023874 0.078206
1 0.641728 0.489649 0.025891 0.074181
1 0.626093 0.475273 0.024882 0.078781
1 0.596503 0.480161 0.027572 0.078206
1 0.573302 0.469235 0.023537 0.079356
1 0.555481 0.476711 0.016812 0.077056
1 0.726126 0.399367 0.023874 0.071880
1 0.704102 0.405118 0.022192 0.073030
1 0.689812 0.389879 0.020511 0.082806
1 0.680229 0.398792 0.019502 0.077631
0 0.659718 0.395055 0.016812 0.066705
1 0.644082 0.397642 0.020511 0.062680
1 0.625084 0.391604 0.018830 0.058654
1 0.592132 0.388729 0.017485 0.063255
1 0.577001 0.383841 0.016812 0.084531
1 0.561533 0.389017 0.015467 0.077631
1 0.536987 0.475273 0.022865 0.069580
1 0.521688 0.472685 0.023201 0.059804
0 0.528917 0.387867 0.014122 0.069580
1 0.508070 0.416906 0.018157 0.064405
0 0.503194 0.477573 0.018494 0.075331
1 0.480834 0.493675 0.030935 0.077631
1 0.492434 0.405405 0.015131 0.062105
1 0.476463 0.411443 0.016140 0.074181
1 0.439812 0.415181 0.020175 0.089707
1 0.442838 0.483036 0.032952 0.067855
1 0.393914 0.414894 0.022529 0.078781
1 0.979825 0.763370 0.012777 0.067280
1 0.963685 0.763945 0.026227 0.084531
1 0.949899 0.740081 0.029590 0.089707
1 0.930901 0.752156 0.031944 0.081656
1 0.908877 0.763657 0.026900 0.080506
1 0.890720 0.743818 0.014795 0.041978
1 0.869368 0.754744 0.020511 0.077631
1 0.840619 0.749281 0.024210 0.073606
1 0.812206 0.748419 0.020511 0.069580
1 0.798756 0.751294 0.019839 0.075331
1 0.783120 0.671938 0.021520 0.081081
1 0.770007 0.748131 0.023537 0.081656
0 0.751009 0.743818 0.021184 0.074181
1 0.742771 0.663312 0.024882 0.062680
1 0.724613 0.679701 0.021520 0.060955
0 0.711332 0.676538 0.017149 0.070730
1 0.696369 0.675388 0.026227 0.083381
1 0.682751 0.671650 0.019839 0.083956
1 0.667283 0.687177 0.019166 0.067855
0 0.654842 0.690339 0.018494 0.069580
0 0.643746 0.689764 0.013114 0.066130
0 0.634667 0.690052 0.013114 0.067855
0 0.623739 0.688039 0.011432 0.068430
0 0.612643 0.688902 0.011432 0.065555
0 0.602387 0.690627 0.011096 0.069005
0 0.594149 0.671650 0.012105 0.067855
1 0.581876 0.682001 0.018494 0.062105
1 0.571116 0.677401 0.015804 0.066705
1 0.684936 0.791259 0.022192 0.069005
1 0.650639 0.788097 0.030262 0.081081
1 0.637357 0.769983 0.019839 0.065555
1 0.624580 0.777746 0.021184 0.067280
1 0.610962 0.774008 0.030935 0.086256
1 0.585407 0.773145 0.026900 0.067280
1 0.569939 0.774296 0.023537 0.064980
0 0.555313 0.769695 0.018494 0.070730
0 0.520847 0.775733 0.024210 0.070155
1 0.539005 0.780621 0.026900 0.082231
1 0.556490 0.681714 0.020175 0.078781
1 0.540013 0.670213 0.020847 0.075331
1 0.525219 0.670500 0.018830 0.082806
1 0.503699 0.674813 0.021520 0.084531
1 0.486046 0.665612 0.021184 0.069580
1 0.452421 0.683726 0.017821 0.064405
1 0.472764 0.601495 0.022865 0.080506
1 0.500672 0.769695 0.022865 0.075331
1 0.481506 0.777458 0.021520 0.059804
1 0.469233 0.767683 0.029926 0.081656
1 0.451244 0.757044 0.035642 0.066130
1 0.699731 0.815411 0.022865 0.078206
1 0.687794 0.897067 0.023201 0.074756
1 0.656859 0.915756 0.018494 0.067280
1 0.642569 0.914319 0.019502 0.073606
1 0.623571 0.916906 0.022529 0.069580
1 0.609617 0.912881 0.025555 0.075331
0 0.584566 0.909143 0.019839 0.079356
1 0.562206 0.904543 0.023537 0.075906
1 0.546570 0.902243 0.022529 0.082806
1 0.523705 0.905980 0.027236 0.075331
1 0.504707 0.897355 0.022192 0.077631
1 0.472764 0.903680 0.037660 0.068430
1 0.656691 0.977286 0.011432 0.014376
0 0.641560 0.974123 0.016140 0.018401
1 0.629960 0.972685 0.011096 0.020127
0 0.612643 0.973548 0.016812 0.017251
1 0.599193 0.975273 0.006725 0.011501
1 0.591291 0.969523 0.009079 0.021852
1 0.580027 0.974123 0.011432 0.012651
1 0.556153 0.970673 0.012105 0.016101
1 0.541190 0.964922 0.013786 0.026452
1 0.522529 0.967223 0.012777 0.018401
1 0.506725 0.962622 0.013450 0.026452
1 0.493107 0.962910 0.015131 0.023577
1 0.475286 0.961760 0.012441 0.023577
1 0.445696 0.907131 0.033961 0.073030
1 0.426866 0.939045 0.017821 0.064405
0 0.403665 0.829787 0.020511 0.086256
1 0.242098 0.932145 0.047747 0.035653
1 0.194855 0.930420 0.043376 0.037953
1 0.134163 0.928695 0.049092 0.036803
1 0.072966 0.928407 0.054472 0.037378
