0 0.016146 0.908565 0.032292 0.022685
1 0.023698 0.862269 0.046875 0.067130
1 0.108724 0.966667 0.049219 0.044444
1 0.077474 0.850694 0.028906 0.070833
1 0.093750 0.869444 0.028125 0.064815
1 0.111589 0.870602 0.021094 0.074537
1 0.062891 0.785417 0.026302 0.078241
1 0.077995 0.790046 0.030469 0.070833
1 0.099870 0.787731 0.025781 0.079167
0 0.117448 0.781481 0.027604 0.075926
0 0.127865 0.866667 0.031250 0.065741
1 0.138672 0.781019 0.023698 0.082407
1 0.154297 0.798843 0.037760 0.077315
1 0.147917 0.873843 0.025000 0.078241
1 0.166146 0.881944 0.025000 0.068519
0 0.183594 0.874769 0.017188 0.063426
0 0.179818 0.794907 0.020573 0.068519
1 0.219922 0.989120 0.045573 0.019907
1 0.269792 0.993519 0.034896 0.011111
1 0.198568 0.883565 0.020573 0.085648
1 0.219922 0.887731 0.023177 0.082870
1 0.240495 0.899306 0.023177 0.084722
1 0.256771 0.906019 0.025000 0.097222
1 0.275651 0.903704 0.025260 0.081481
1 0.291016 0.905556 0.017969 0.067593
0 0.307292 0.903472 0.017708 0.082870
1 0.321224 0.918519 0.020573 0.094444
0 0.230469 0.798843 0.025521 0.068981
0 0.256120 0.847685 0.045573 0.049074
1 0.246094 0.794213 0.025000 0.074537
1 0.260547 0.794444 0.025781 0.068519
1 0.280990 0.794444 0.023958 0.083333
1 0.294922 0.811806 0.026823 0.076389
0 0.313672 0.806944 0.021094 0.078704
1 0.331771 0.801620 0.022396 0.077315
1 0.475391 0.991204 0.011198 0.016667
1 0.357292 0.787731 0.028646 0.075463
1 0.373698 0.790972 0.027083 0.071759
1 0.393099 0.806481 0.023698 0.081481
1 0.414714 0.901157 0.017969 0.086574
1 0.443099 0.896296 0.020573 0.074074
1 0.481901 0.884954 0.015885 0.070833
1 0.499740 0.896065 0.019271 0.091204
1 0.515495 0.903009 0.022135 0.094907
1 0.533594 0.908796 0.016667 0.087963
1 0.543620 0.891667 0.015885 0.093519
0 0.554297 0.911343 0.014323 0.056019
0 0.579167 0.817130 0.016146 0.075926
0 0.547526 0.805093 0.019531 0.075926
1 0.415625 0.800694 0.018750 0.068981
1 0.433464 0.793981 0.020573 0.077778
1 0.449870 0.793519 0.023698 0.073148
1 0.470573 0.802315 0.022396 0.078704
1 0.489063 0.803472 0.020833 0.079167
1 0.510026 0.804167 0.020052 0.074074
1 0.526823 0.797454 0.019271 0.073611
1 0.578646 0.729398 0.030729 0.065278
1 0.607943 0.770833 0.017448 0.078704
0 0.976693 0.920370 0.021615 0.050000
1 0.991797 0.624306 0.015885 0.081019
1 0.886068 0.688194 0.054427 0.035648
1 0.884245 0.604167 0.049219 0.045370
1 0.826172 0.680556 0.055990 0.035185
1 0.792448 0.589120 0.044271 0.030093
1 0.780599 0.684954 0.039844 0.031019
1 0.733724 0.690046 0.048698 0.043981
1 0.742839 0.597917 0.044531 0.038426
1 0.671094 0.707176 0.028646 0.075463
1 0.051172 0.616667 0.034635 0.079630
1 0.063672 0.597917 0.026302 0.068056
1 0.084115 0.603241 0.025000 0.088889
1 0.105599 0.620370 0.032552 0.075926
1 0.115365 0.588426 0.026562 0.086111
1 0.140495 0.600231 0.024219 0.093056
1 0.165495 0.624769 0.024740 0.083796
1 0.181120 0.614583 0.020052 0.082870
1 0.197396 0.621528 0.019271 0.086574
1 0.220443 0.618519 0.021094 0.064815
1 0.242318 0.622222 0.022656 0.084259
1 0.254297 0.622454 0.025781 0.081944
1 0.020964 0.421991 0.041406 0.051389
1 0.039193 0.417593 0.048698 0.056481
1 0.046875 0.451852 0.050000 0.060185
1 0.082552 0.507870 0.031771 0.083333
1 0.106771 0.493056 0.028125 0.082407
1 0.133464 0.502778 0.029427 0.072222
1 0.144922 0.442130 0.057031 0.034259
1 0.159896 0.522222 0.027604 0.085185
1 0.211198 0.541204 0.021354 0.085185
1 0.228646 0.530093 0.021354 0.081481
1 0.251172 0.531019 0.021094 0.066667
1 0.273047 0.519907 0.025781 0.083333
1 0.290625 0.525694 0.020313 0.077315
1 0.304167 0.524769 0.025000 0.084722
1 0.323177 0.525694 0.022917 0.082870
1 0.339844 0.523380 0.023958 0.081944
1 0.356120 0.522222 0.026302 0.077778
1 0.372396 0.536343 0.025000 0.082870
1 0.402344 0.529167 0.027604 0.082407
1 0.426172 0.539583 0.023698 0.083796
1 0.444271 0.530556 0.016667 0.081481
1 0.271875 0.622685 0.023958 0.075926
1 0.294401 0.615278 0.022135 0.076852
1 0.309245 0.630556 0.020573 0.087037
1 0.318620 0.620370 0.019531 0.081481
0 0.339714 0.623380 0.016927 0.069907
1 0.355599 0.619444 0.020573 0.065741
1 0.375000 0.624769 0.018750 0.061574
1 0.408724 0.625694 0.017448 0.066204
1 0.424089 0.630093 0.016927 0.088889
1 0.439714 0.623843 0.015365 0.081944
1 0.463021 0.531019 0.022917 0.073148
1 0.478776 0.532870 0.023177 0.062963
0 0.473047 0.622917 0.014323 0.073611
1 0.493620 0.590741 0.017969 0.067593
0 0.497526 0.526620 0.018490 0.079167
1 0.519792 0.507870 0.031250 0.081481
1 0.509766 0.602083 0.014844 0.065278
1 0.526042 0.594907 0.016146 0.077778
1 0.563151 0.588657 0.020052 0.093981
1 0.558724 0.517130 0.033073 0.071296
1 0.609896 0.586343 0.022396 0.082870
1 0.006641 0.253009 0.012760 0.070833
1 0.023047 0.251157 0.026302 0.089352
1 0.037500 0.275694 0.029687 0.094907
1 0.056641 0.261806 0.032031 0.085648
1 0.078646 0.248380 0.027083 0.084722
1 0.097526 0.268056 0.014844 0.043519
1 0.119141 0.255093 0.020573 0.081481
1 0.148568 0.259491 0.024219 0.077315
1 0.177474 0.258565 0.020573 0.073611
1 0.191146 0.254630 0.019792 0.079630
1 0.208464 0.337731 0.021615 0.085648
1 0.220443 0.256481 0.023698 0.086111
0 0.239844 0.259722 0.021354 0.077778
1 0.249870 0.344444 0.025260 0.065741
1 0.267969 0.325926 0.021354 0.063889
0 0.281641 0.328472 0.016927 0.074537
1 0.296745 0.328935 0.026302 0.087500
1 0.310677 0.331713 0.019792 0.088426
1 0.326302 0.314583 0.019271 0.070833
0 0.338802 0.310417 0.018229 0.072685
0 0.350000 0.310417 0.013021 0.069907
0 0.359375 0.309722 0.013021 0.071296
0 0.370443 0.310880 0.011198 0.071759
0 0.381771 0.309491 0.011458 0.068981
0 0.392188 0.306944 0.010937 0.072222
0 0.401042 0.326620 0.011979 0.071759
1 0.413151 0.315046 0.018490 0.065278
1 0.424219 0.318981 0.015625 0.070370
1 0.306250 0.205556 0.022396 0.072222
1 0.341146 0.206944 0.030208 0.085185
1 0.354948 0.225231 0.019792 0.068981
1 0.367969 0.216204 0.021354 0.070370
1 0.381771 0.219444 0.031250 0.090741
1 0.407813 0.218519 0.027083 0.070370
1 0.423568 0.216667 0.023698 0.068519
0 0.438542 0.220370 0.018750 0.074074
0 0.473438 0.212269 0.024479 0.073611
1 0.454948 0.207870 0.027083 0.086111
1 0.439193 0.313657 0.020052 0.082870
1 0.455990 0.324769 0.020833 0.079167
1 0.471224 0.323611 0.019010 0.087037
1 0.492969 0.318056 0.021354 0.088889
1 0.511198 0.326389 0.021354 0.073148
1 0.544922 0.305093 0.017969 0.067593
1 0.526042 0.393519 0.022917 0.085185
1 0.494271 0.217130 0.022917 0.079630
1 0.513542 0.207639 0.021354 0.062500
1 0.526172 0.217361 0.029948 0.085648
1 0.544792 0.227778 0.035937 0.069444
1 0.290625 0.181019 0.022917 0.082407
1 0.301172 0.093519 0.023177 0.078704
1 0.332292 0.071991 0.018750 0.070833
1 0.346875 0.072685 0.019792 0.077778
1 0.366016 0.068981 0.022656 0.073148
1 0.380469 0.072222 0.025521 0.078704
0 0.405990 0.074769 0.019792 0.083796
1 0.428776 0.078241 0.023698 0.079630
1 0.444922 0.079630 0.022656 0.087037
1 0.468099 0.074306 0.027344 0.079167
1 0.487500 0.082407 0.022396 0.081481
1 0.519922 0.073843 0.038281 0.071759
1 0.331120 0.007176 0.011198 0.014352
0 0.346745 0.009491 0.015885 0.018981
1 0.358594 0.010417 0.010937 0.020833
0 0.376172 0.008565 0.016927 0.017130
1 0.389714 0.005556 0.006510 0.011111
1 0.397917 0.011343 0.008854 0.022685
1 0.409245 0.006019 0.011198 0.012037
1 0.433594 0.008102 0.011979 0.016204
1 0.449089 0.013426 0.013802 0.026852
1 0.467969 0.009491 0.012500 0.018981
1 0.484245 0.013426 0.013281 0.026852
1 0.497917 0.012269 0.015104 0.024537
1 0.516146 0.012269 0.012500 0.024537
1 0.547396 0.068519 0.034375 0.076852
1 0.566016 0.033565 0.017969 0.067130
0 0.591797 0.147685 0.020573 0.090741
1 0.754167 0.029630 0.048438 0.037037
1 0.802214 0.028704 0.044010 0.039815
1 0.864193 0.026852 0.049740 0.037963
1 0.926302 0.023611 0.055208 0.038889
