0 0.983594 0.090972 0.032292 0.022685
1 0.976042 0.137269 0.046875 0.067130
1 0.891016 0.032870 0.049219 0.044444
1 0.922266 0.148843 0.028906 0.070833
1 0.905990 0.130093 0.028125 0.064815
1 0.888151 0.128935 0.021094 0.074537
1 0.936849 0.214120 0.026302 0.078241
1 0.921745 0.209491 0.030469 0.070833
1 0.899870 0.211806 0.025781 0.079167
0 0.882292 0.218056 0.027604 0.075926
0 0.871875 0.132870 0.031250 0.065741
1 0.861068 0.218519 0.023698 0.082407
1 0.845443 0.200694 0.037760 0.077315
1 0.851823 0.125694 0.025000 0.078241
1 0.833594 0.117593 0.025000 0.068519
0 0.816146 0.124769 0.017188 0.063426
0 0.819922 0.204630 0.020573 0.068519
1 0.779818 0.010417 0.045573 0.019907
1 0.729948 0.006019 0.034896 0.011111
1 0.801172 0.115972 0.020573 0.085648
1 0.779818 0.111806 0.023177 0.082870
1 0.759245 0.100231 0.023177 0.084722
1 0.742969 0.093519 0.025000 0.097222
1 0.724089 0.095833 0.025260 0.081481
1 0.708724 0.093981 0.017969 0.067593
0 0.692448 0.096065 0.017708 0.082870
1 0.678516 0.081019 0.020573 0.094444
0 0.769271 0.200694 0.025521 0.068981
0 0.743620 0.151852 0.045573 0.049074
1 0.753646 0.205324 0.025000 0.074537
1 0.739193 0.205093 0.025781 0.068519
1 0.718750 0.205093 0.023958 0.083333
1 0.704818 0.187731 0.026823 0.076389
0 0.686068 0.192593 0.021094 0.078704
1 0.667969 0.197917 0.022396 0.077315
1 0.524349 0.008333 0.011198 0.016667
1 0.642448 0.211806 0.028646 0.075463
1 0.626042 0.208565 0.027083 0.071759
1 0.606641 0.193056 0.023698 0.081481
1 0.585026 0.098380 0.017969 0.086574
1 0.556641 0.103241 0.020573 0.074074
1 0.517839 0.114583 0.015885 0.070833
1 0.500000 0.103472 0.019271 0.091204
1 0.484245 0.096528 0.022135 0.094907
1 0.466146 0.090741 0.016667 0.087963
1 0.456120 0.107870 0.015885 0.093519
0 0.445443 0.088194 0.014323 0.056019
0 0.420573 0.182407 0.016146 0.075926
0 0.452214 0.194444 0.019531 0.075926
1 0.584115 0.198843 0.018750 0.068981
1 0.566276 0.205556 0.020573 0.077778
1 0.549870 0.206019 0.023698 0.073148
1 0.529167 0.197222 0.022396 0.078704
1 0.510677 0.196065 0.020833 0.079167
1 0.489714 0.195370 0.020052 0.074074
1 0.472917 0.202083 0.019271 0.073611
1 0.421094 0.270139 0.030729 0.065278
1 0.391797 0.228704 0.017448 0.078704
0 0.023047 0.079167 0.021615 0.050000
1 0.007943 0.375231 0.015885 0.081019
1 0.113672 0.311343 0.054427 0.035648
1 0.115495 0.395370 0.049219 0.045370
1 0.173568 0.318981 0.055990 0.035185
1 0.207292 0.410417 0.044271 0.030093
1 0.219141 0.314583 0.039844 0.031019
1 0.266016 0.309491 0.048698 0.043981
1 0.256901 0.401620 0.044531 0.038426
1 0.328646 0.292361 0.028646 0.075463
1 0.948568 0.382870 0.034635 0.079630
1 0.936068 0.401620 0.026302 0.068056
1 0.915625 0.396296 0.025000 0.088889
1 0.894141 0.379167 0.032552 0.075926
1 0.884375 0.411111 0.026562 0.086111
1 0.859245 0.399306 0.024219 0.093056
1 0.834245 0.374769 0.024740 0.083796
1 0.818620 0.384954 0.020052 0.082870
1 0.802344 0.378009 0.019271 0.086574
1 0.779297 0.381019 0.021094 0.064815
1 0.757422 0.377315 0.022656 0.084259
1 0.745443 0.377083 0.025781 0.081944
1 0.978776 0.577546 0.041406 0.051389
1 0.960547 0.581944 0.048698 0.056481
1 0.952865 0.547685 0.050000 0.060185
1 0.917188 0.491667 0.031771 0.083333
1 0.892969 0.506481 0.028125 0.082407
1 0.866276 0.496759 0.029427 0.072222
1 0.854818 0.557407 0.057031 0.034259
1 0.839844 0.477315 0.027604 0.085185
1 0.788542 0.458333 0.021354 0.085185
1 0.771094 0.469444 0.021354 0.081481
1 0.748568 0.468519 0.021094 0.066667
1 0.726693 0.479630 0.025781 0.083333
1 0.709115 0.473843 0.020313 0.077315
1 0.695573 0.474769 0.025000 0.084722
1 0.676562 0.473843 0.022917 0.082870
1 0.659896 0.476157 0.023958 0.081944
1 0.643620 0.477315 0.026302 0.077778
1 0.627344 0.463194 0.025000 0.082870
1 0.597396 0.470370 0.027604 0.082407
1 0.573568 0.459954 0.023698 0.083796
1 0.555469 0.468981 0.016667 0.081481
1 0.727865 0.376852 0.023958 0.075926
1 0.705339 0.384259 0.022135 0.076852
1 0.690495 0.368981 0.020573 0.087037
1 0.681120 0.379167 0.019531 0.081481
0 0.660026 0.376157 0.016927 0.069907
1 0.644141 0.380093 0.020573 0.065741
1 0.624740 0.374769 0.018750 0.061574
1 0.591016 0.373843 0.017448 0.066204
1 0.575651 0.369444 0.016927 0.088889
1 0.560026 0.375694 0.015365 0.081944
1 0.536719 0.468519 0.022917 0.073148
1 0.520964 0.466667 0.023177 0.062963
0 0.526693 0.376620 0.014323 0.073611
1 0.506120 0.408796 0.017969 0.067593
0 0.502214 0.472917 0.018490 0.079167
1 0.479948 0.491667 0.031250 0.081481
1 0.489974 0.397454 0.014844 0.065278
1 0.473698 0.404630 0.016146 0.077778
1 0.436589 0.410880 0.020052 0.093981
1 0.441016 0.482407 0.033073 0.071296
1 0.389844 0.413194 0.022396 0.082870
1 0.993099 0.746528 0.012760 0.070833
1 0.976693 0.748380 0.026302 0.089352
1 0.962240 0.723843 0.029687 0.094907
1 0.943099 0.737731 0.032031 0.085648
1 0.921094 0.751157 0.027083 0.084722
1 0.902214 0.731481 0.014844 0.043519
1 0.880599 0.744444 0.020573 0.081481
1 0.851172 0.740046 0.024219 0.077315
1 0.822266 0.740972 0.020573 0.073611
1 0.808594 0.744907 0.019792 0.079630
1 0.791276 0.661806 0.021615 0.085648
1 0.779297 0.743056 0.023698 0.086111
0 0.759896 0.739815 0.021354 0.077778
1 0.749870 0.655093 0.025260 0.065741
1 0.731771 0.673611 0.021354 0.063889
0 0.718099 0.671065 0.016927 0.074537
1 0.702995 0.670602 0.026302 0.087500
1 0.689063 0.667824 0.019792 0.088426
1 0.673438 0.684954 0.019271 0.070833
0 0.660937 0.689120 0.018229 0.072685
0 0.649740 0.689120 0.013021 0.069907
0 0.640365 0.689815 0.013021 0.071296
0 0.629297 0.688657 0.011198 0.071759
0 0.617969 0.690046 0.011458 0.068981
0 0.607552 0.692593 0.010937 0.072222
0 0.598698 0.672917 0.011979 0.071759
1 0.586589 0.684491 0.018490 0.065278
1 0.575521 0.680556 0.015625 0.070370
1 0.693490 0.793981 0.022396 0.072222
1 0.658594 0.792593 0.030208 0.085185
1 0.644792 0.774306 0.019792 0.068981
1 0.631771 0.783333 0.021354 0.070370
1 0.617969 0.780093 0.031250 0.090741
1 0.591927 0.781019 0.027083 0.070370
1 0.576172 0.782870 0.023698 0.068519
0 0.561198 0.779167 0.018750 0.074074
0 0.526302 0.787269 0.024479 0.073611
1 0.544792 0.791667 0.027083 0.086111
1 0.560547 0.685880 0.020052 0.082870
1 0.543750 0.674769 0.020833 0.079167
1 0.528516 0.675926 0.019010 0.087037
1 0.506771 0.681481 0.021354 0.088889
1 0.488542 0.673148 0.021354 0.073148
1 0.454818 0.694444 0.017969 0.067593
1 0.473698 0.606019 0.022917 0.085185
1 0.505469 0.782407 0.022917 0.079630
1 0.486198 0.791898 0.021354 0.062500
1 0.473568 0.782176 0.029948 0.085648
1 0.454948 0.771759 0.035937 0.069444
1 0.709115 0.818519 0.022917 0.082407
1 0.698568 0.906019 0.023177 0.078704
1 0.667448 0.927546 0.018750 0.070833
1 0.652865 0.926852 0.019792 0.077778
1 0.633724 0.930556 0.022656 0.073148
1 0.619271 0.927315 0.025521 0.078704
0 0.593750 0.924769 0.019792 0.083796
1 0.570964 0.921296 0.023698 0.079630
1 0.554818 0.919907 0.022656 0.087037
1 0.531641 0.925231 0.027344 0.079167
1 0.512240 0.917130 0.022396 0.081481
1 0.479818 0.925694 0.038281 0.071759
1 0.668620 0.992593 0.011198 0.014815
0 0.652995 0.990046 0.015885 0.018981
1 0.641146 0.989352 0.010937 0.021296
0 0.623568 0.991204 0.016927 0.017593
1 0.610026 0.993981 0.006510 0.011111
1 0.601823 0.988194 0.008854 0.022685
1 0.590495 0.993750 0.011198 0.012500
1 0.566146 0.991667 0.011979 0.016667
1 0.550651 0.986343 0.013802 0.027315
1 0.531771 0.990046 0.012500 0.018981
1 0.515495 0.986343 0.013281 0.027315
1 0.501823 0.987269 0.015104 0.024537
1 0.483594 0.987269 0.012500 0.024537
1 0.452344 0.931019 0.034375 0.076852
1 0.433724 0.966204 0.017969 0.067593
0 0.407943 0.851852 0.020573 0.090741
1 0.245573 0.969907 0.048438 0.037037
1 0.197526 0.970833 0.044010 0.039815
1 0.135547 0.972685 0.049740 0.037963
1 0.073438 0.975926 0.055208 0.038889
