0 0.024162 0.816017 0.031229 0.020563
1 0.033202 0.775703 0.045365 0.060065
1 0.111275 0.877706 0.047666 0.040043
1 0.085470 0.771104 0.028271 0.063853
1 0.100427 0.789502 0.027285 0.058442
1 0.117521 0.792749 0.020710 0.067100
1 0.073636 0.711580 0.025641 0.070346
1 0.088100 0.716991 0.029586 0.063853
1 0.109303 0.717262 0.025312 0.070887
0 0.126397 0.713745 0.026627 0.068182
0 0.133300 0.790855 0.030572 0.058983
1 0.146943 0.715639 0.023011 0.074134
1 0.161243 0.733225 0.036489 0.069264
1 0.152367 0.799242 0.024655 0.070346
1 0.169625 0.808442 0.024326 0.061688
0 0.186555 0.804113 0.016765 0.057359
0 0.185897 0.732684 0.020053 0.061688
1 0.217456 0.910173 0.044379 0.018398
1 0.265122 0.919102 0.033859 0.010281
1 0.200690 0.813312 0.020053 0.076840
1 0.221072 0.819535 0.022682 0.074134
1 0.240467 0.831981 0.022682 0.076299
1 0.255917 0.839827 0.024655 0.087662
1 0.274326 0.839827 0.024655 0.073593
1 0.288955 0.843074 0.017751 0.060606
0 0.304569 0.843074 0.017423 0.074675
1 0.317554 0.857955 0.020381 0.084957
0 0.234714 0.741613 0.024984 0.062229
0 0.257561 0.787879 0.044379 0.044372
1 0.249836 0.739177 0.024326 0.067100
1 0.263642 0.740801 0.024984 0.061688
1 0.283531 0.742965 0.023340 0.074675
1 0.296187 0.760011 0.026298 0.068723
0 0.314431 0.757846 0.020710 0.070887
1 0.332018 0.754870 0.021696 0.069264
1 0.463182 0.939394 0.011177 0.015152
1 0.357166 0.745400 0.027942 0.067641
1 0.372781 0.750000 0.026298 0.064935
1 0.390861 0.765963 0.023011 0.073052
1 0.408284 0.852814 0.017751 0.077922
1 0.435733 0.851461 0.020053 0.066558
1 0.473537 0.845509 0.015450 0.063312
1 0.490302 0.857413 0.018738 0.081710
1 0.505260 0.865260 0.021696 0.085498
1 0.522354 0.872294 0.016437 0.079004
1 0.532709 0.857955 0.015450 0.083874
0 0.542242 0.876894 0.014135 0.050325
0 0.569691 0.795455 0.015779 0.068182
0 0.539612 0.781385 0.019395 0.068182
1 0.412886 0.763258 0.018409 0.062229
1 0.430145 0.758929 0.020053 0.069805
1 0.446088 0.760552 0.023011 0.065476
1 0.465648 0.770563 0.022025 0.070346
1 0.483563 0.773539 0.020381 0.070887
1 0.503616 0.776515 0.019724 0.067100
1 0.520053 0.772186 0.019066 0.066017
1 0.572485 0.717262 0.029915 0.058983
1 0.598948 0.757305 0.017094 0.070887
0 0.948554 0.930736 0.021368 0.045455
1 0.974030 0.668290 0.015779 0.072511
1 0.869987 0.713745 0.052926 0.032468
1 0.871302 0.638799 0.047666 0.040584
1 0.812459 0.700487 0.054241 0.031926
1 0.783531 0.615530 0.043064 0.027597
1 0.768573 0.699675 0.038790 0.028139
1 0.723208 0.699134 0.047337 0.040043
1 0.735371 0.617965 0.043393 0.034632
1 0.662229 0.707522 0.027942 0.067641
1 0.068705 0.559524 0.033531 0.071429
1 0.081525 0.544102 0.025641 0.061147
1 0.100920 0.551136 0.024326 0.079545
1 0.120973 0.568723 0.031558 0.068182
1 0.131657 0.541396 0.025970 0.077381
1 0.155325 0.554654 0.023340 0.083333
1 0.178501 0.579275 0.024326 0.075216
1 0.193951 0.571970 0.019724 0.074675
1 0.209237 0.579816 0.018738 0.077381
1 0.231591 0.579545 0.020710 0.058442
1 0.252630 0.585498 0.022025 0.075758
1 0.264135 0.586580 0.025312 0.073593
1 0.046844 0.382846 0.040434 0.045996
1 0.064596 0.380952 0.047009 0.050866
1 0.070677 0.412338 0.048652 0.054113
1 0.102893 0.465909 0.030901 0.074675
1 0.126726 0.455357 0.027285 0.074134
1 0.152038 0.466991 0.028600 0.064935
1 0.165352 0.414232 0.055227 0.030844
1 0.176857 0.487284 0.026956 0.076299
1 0.225510 0.509740 0.021039 0.076840
1 0.242768 0.501623 0.020710 0.073593
1 0.264464 0.505141 0.020710 0.060065
1 0.285996 0.497294 0.024984 0.074675
1 0.302597 0.504329 0.020053 0.069264
1 0.315582 0.505141 0.024326 0.076299
1 0.333991 0.508117 0.022354 0.074675
1 0.350099 0.507576 0.023669 0.073593
1 0.365878 0.508387 0.025641 0.069805
1 0.380999 0.522727 0.024326 0.074675
1 0.410092 0.519751 0.026627 0.074134
1 0.432610 0.531656 0.023011 0.075216
1 0.450362 0.525433 0.016437 0.073593
1 0.280901 0.588745 0.023340 0.068182
1 0.302926 0.584686 0.021368 0.068723
1 0.316732 0.600108 0.020053 0.077922
1 0.326101 0.591721 0.019066 0.073052
0 0.346318 0.596861 0.016765 0.062771
1 0.361769 0.594968 0.020053 0.058983
1 0.380342 0.602002 0.018409 0.055736
1 0.412558 0.606602 0.017094 0.059524
1 0.427186 0.612013 0.016765 0.080087
1 0.442472 0.608225 0.015122 0.073593
1 0.468442 0.527868 0.022354 0.065476
1 0.483399 0.531115 0.022682 0.056818
0 0.474523 0.610931 0.014135 0.066017
1 0.495726 0.584416 0.017751 0.060606
0 0.501808 0.527868 0.018080 0.070887
1 0.523997 0.513258 0.030243 0.073052
1 0.510848 0.596320 0.014464 0.058442
1 0.526627 0.591721 0.015779 0.069805
1 0.562788 0.590097 0.019724 0.083874
1 0.561144 0.525974 0.032216 0.063853
1 0.607824 0.593074 0.021696 0.074675
1 0.039283 0.230519 0.012821 0.063853
1 0.055227 0.230519 0.025641 0.080087
1 0.068047 0.254058 0.028928 0.084957
1 0.087114 0.244048 0.030901 0.076840
1 0.108810 0.234307 0.026298 0.075758
1 0.126233 0.253788 0.014464 0.038961
1 0.147436 0.244589 0.020053 0.073593
1 0.175707 0.251623 0.023340 0.069264
1 0.203649 0.254058 0.020053 0.066558
1 0.216798 0.252165 0.019395 0.071429
1 0.230440 0.327922 0.021039 0.076840
1 0.245069 0.256764 0.023340 0.077381
0 0.263642 0.261634 0.021039 0.069805
1 0.270053 0.338474 0.024655 0.058983
1 0.288297 0.323864 0.021039 0.057900
0 0.301282 0.327652 0.016765 0.066558
1 0.315911 0.329816 0.025641 0.078463
1 0.329224 0.333604 0.019395 0.079545
1 0.344839 0.320076 0.019066 0.063312
0 0.357002 0.317911 0.017751 0.065476
0 0.367686 0.318994 0.012821 0.063312
0 0.376890 0.319264 0.012821 0.063853
0 0.387410 0.321699 0.010848 0.064394
0 0.398422 0.321699 0.011177 0.062229
0 0.408448 0.320346 0.010848 0.064935
0 0.416174 0.339015 0.011834 0.064394
1 0.428501 0.329816 0.018080 0.058983
1 0.439020 0.334686 0.015450 0.063312
1 0.329553 0.220779 0.022025 0.064935
1 0.363083 0.225920 0.029257 0.076299
1 0.375575 0.243506 0.019395 0.061688
1 0.388560 0.236742 0.021039 0.063312
1 0.401709 0.241342 0.030243 0.081169
1 0.426857 0.243236 0.026627 0.063312
1 0.442143 0.243506 0.023011 0.061688
0 0.456279 0.248106 0.018409 0.066558
0 0.490302 0.244859 0.023997 0.066558
1 0.472715 0.238907 0.026298 0.077381
1 0.453485 0.331439 0.019395 0.074134
1 0.469428 0.343344 0.020381 0.070887
1 0.484057 0.343885 0.018738 0.078463
1 0.505095 0.341180 0.020710 0.079545
1 0.522354 0.350649 0.021039 0.066017
1 0.555556 0.335498 0.017751 0.060606
1 0.534188 0.412067 0.022354 0.076299
1 0.510191 0.251623 0.022354 0.071429
1 0.529093 0.245130 0.020710 0.056277
1 0.540927 0.255141 0.029257 0.077381
1 0.558350 0.266504 0.035174 0.062229
1 0.315253 0.197240 0.022354 0.074134
1 0.328895 0.120400 0.022682 0.070887
1 0.359632 0.104437 0.018409 0.063853
1 0.373603 0.106872 0.019395 0.069805
1 0.392176 0.105519 0.022354 0.066017
1 0.405983 0.109848 0.024984 0.070346
0 0.430473 0.114989 0.019395 0.075216
1 0.452170 0.120671 0.023340 0.071429
1 0.467620 0.123377 0.022025 0.077922
1 0.490302 0.121212 0.026627 0.071429
1 0.508547 0.130682 0.021696 0.073052
1 0.540270 0.126353 0.037147 0.064394
1 0.360947 0.046266 0.011177 0.013528
0 0.375740 0.050325 0.015779 0.017316
1 0.387081 0.052489 0.010848 0.019481
0 0.404175 0.052489 0.016765 0.016234
1 0.417160 0.051677 0.006575 0.010281
1 0.424885 0.057630 0.008876 0.021104
1 0.436226 0.053842 0.011177 0.011364
1 0.459566 0.058442 0.011834 0.015152
1 0.474195 0.064935 0.013478 0.024892
1 0.492439 0.063312 0.012492 0.017316
1 0.507890 0.068723 0.013149 0.024892
1 0.521203 0.069264 0.014793 0.022727
1 0.538790 0.071158 0.012492 0.022186
1 0.566732 0.124729 0.033531 0.068723
1 0.585963 0.095238 0.017423 0.060606
0 0.606673 0.200216 0.020053 0.081169
1 0.767423 0.112554 0.047009 0.033550
1 0.813609 0.116883 0.042735 0.035714
1 0.873274 0.122024 0.048323 0.034091
1 0.933268 0.125812 0.053254 0.035173
