0 0.983594 0.908565 0.032292 0.022685
1 0.976042 0.862269 0.046875 0.067130
1 0.891016 0.966667 0.049219 0.044444
1 0.922266 0.850694 0.028906 0.070833
1 0.905990 0.869444 0.028125 0.064815
1 0.888151 0.870602 0.021094 0.074537
1 0.936849 0.785417 0.026302 0.078241
1 0.921745 0.790046 0.030469 0.070833
1 0.899870 0.787731 0.025781 0.079167
0 0.882292 0.781481 0.027604 0.075926
0 0.871875 0.866667 0.031250 0.065741
1 0.861068 0.781019 0.023698 0.082407
1 0.845443 0.798843 0.037760 0.077315
1 0.851823 0.873843 0.025000 0.078241
1 0.833594 0.881944 0.025000 0.068519
0 0.816146 0.874769 0.017188 0.063426
0 0.819922 0.794907 0.020573 0.068519
1 0.779818 0.989120 0.045573 0.019907
1 0.729948 0.993519 0.034896 0.011111
1 0.801172 0.883565 0.020573 0.085648
1 0.779818 0.887731 0.023177 0.082870
1 0.759245 0.899306 0.023177 0.084722
1 0.742969 0.906019 0.025000 0.097222
1 0.724089 0.903704 0.025260 0.081481
1 0.708724 0.905556 0.017969 0.067593
0 0.692448 0.903472 0.017708 0.082870
1 0.678516 0.918519 0.020573 0.094444
0 0.769271 0.798843 0.025521 0.068981
0 0.743620 0.847685 0.045573 0.049074
1 0.753646 0.794213 0.025000 0.074537
1 0.739193 0.794444 0.025781 0.068519
1 0.718750 0.794444 0.023958 0.083333
1 0.704818 0.811806 0.026823 0.076389
0 0.686068 0.806944 0.021094 0.078704
1 0.667969 0.801620 0.022396 0.077315
1 0.524349 0.991204 0.011198 0.016667
1 0.642448 0.787731 0.028646 0.075463
1 0.626042 0.790972 0.027083 0.071759
1 0.606641 0.806481 0.023698 0.081481
1 0.585026 0.901157 0.017969 0.086574
1 0.556641 0.896296 0.020573 0.074074
1 0.517839 0.884954 0.015885 0.070833
1 0.500000 0.896065 0.019271 0.091204
1 0.484245 0.903009 0.022135 0.094907
1 0.466146 0.908796 0.016667 0.087963
1 0.456120 0.891667 0.015885 0.093519
0 0.445443 0.911343 0.014323 0.056019
0 0.420573 0.817130 0.016146 0.075926
0 0.452214 0.805093 0.019531 0.075926
1 0.584115 0.800694 0.018750 0.068981
1 0.566276 0.793981 0.020573 0.077778
1 0.549870 0.793519 0.023698 0.073148
1 0.529167 0.802315 0.022396 0.078704
1 0.510677 0.803472 0.020833 0.079167
1 0.489714 0.804167 0.020052 0.074074
1 0.472917 0.797454 0.019271 0.073611
1 0.421094 0.729398 0.030729 0.065278
1 0.391797 0.770833 0.017448 0.078704
0 0.023047 0.920370 0.021615 0.050000
1 0.007943 0.624306 0.015885 0.081019
1 0.113672 0.688194 0.054427 0.035648
1 0.115495 0.604167 0.049219 0.045370
1 0.173568 0.680556 0.055990 0.035185
1 0.207292 0.589120 0.044271 0.030093
1 0.219141 0.684954 0.039844 0.031019
1 0.266016 0.690046 0.048698 0.043981
1 0.256901 0.597917 0.044531 0.038426
1 0.328646 0.707176 0.028646 0.075463
1 0.948568 0.616667 0.034635 0.079630
1 0.936068 0.597917 0.026302 0.068056
1 0.915625 0.603241 0.025000 0.088889
1 0.894141 0.620370 0.032552 0.075926
1 0.884375 0.588426 0.026562 0.086111
1 0.859245 0.600231 0.024219 0.093056
1 0.834245 0.624769 0.024740 0.083796
1 0.818620 0.614583 0.020052 0.082870
1 0.802344 0.621528 0.019271 0.086574
1 0.779297 0.618519 0.021094 0.064815
1 0.757422 0.622222 0.022656 0.084259
1 0.745443 0.622454 0.025781 0.081944
1 0.978776 0.421991 0.041406 0.051389
1 0.960547 0.417593 0.048698 0.056481
1 0.952865 0.451852 0.050000 0.060185
1 0.917188 0.507870 0.031771 0.083333
1 0.892969 0.493056 0.028125 0.082407
1 0.866276 0.502778 0.029427 0.072222
1 0.854818 0.442130 0.057031 0.034259
1 0.839844 0.522222 0.027604 0.085185
1 0.788542 0.541204 0.021354 0.085185
1 0.771094 0.530093 0.021354 0.081481
1 0.748568 0.531019 0.021094 0.066667
1 0.726693 0.519907 0.025781 0.083333
1 0.709115 0.525694 0.020313 0.077315
1 0.695573 0.524769 0.025000 0.084722
1 0.676562 0.525694 0.022917 0.082870
1 0.659896 0.523380 0.023958 0.081944
1 0.643620 0.522222 0.026302 0.077778
1 0.627344 0.536343 0.025000 0.082870
1 0.597396 0.529167 0.027604 0.082407
1 0.573568 0.539583 0.023698 0.083796
1 0.555469 0.530556 0.016667 0.081481
1 0.727865 0.622685 0.023958 0.075926
1 0.705339 0.615278 0.022135 0.076852
1 0.690495 0.630556 0.020573 0.087037
1 0.681120 0.620370 0.019531 0.081481
0 0.660026 0.623380 0.016927 0.069907
1 0.644141 0.619444 0.020573 0.065741
1 0.624740 0.624769 0.018750 0.061574
1 0.591016 0.625694 0.017448 0.066204
1 0.575651 0.630093 0.016927 0.088889
1 0.560026 0.623843 0.015365 0.081944
1 0.536719 0.531019 0.022917 0.073148
1 0.520964 0.532870 0.023177 0.062963
0 0.526693 0.622917 0.014323 0.073611
1 0.506120 0.590741 0.017969 0.067593
0 0.502214 0.526620 0.018490 0.079167
1 0.479948 0.507870 0.031250 0.081481
1 0.489974 0.602083 0.014844 0.065278
1 0.473698 0.594907 0.016146 0.077778
1 0.436589 0.588657 0.020052 0.093981
1 0.441016 0.517130 0.033073 0.071296
1 0.389844 0.586343 0.022396 0.082870
1 0.993099 0.253009 0.012760 0.070833
1 0.976693 0.251157 0.026302 0.089352
1 0.962240 0.275694 0.029687 0.094907
1 0.943099 0.261806 0.032031 0.085648
1 0.921094 0.248380 0.027083 0.084722
1 0.902214 0.268056 0.014844 0.043519
1 0.880599 0.255093 0.020573 0.081481
1 0.851172 0.259491 0.024219 0.077315
1 0.822266 0.258565 0.020573 0.073611
1 0.808594 0.254630 0.019792 0.079630
1 0.791276 0.337731 0.021615 0.085648
1 0.779297 0.256481 0.023698 0.086111
0 0.759896 0.259722 0.021354 0.077778
1 0.749870 0.344444 0.025260 0.065741
1 0.731771 0.325926 0.021354 0.063889
0 0.718099 0.328472 0.016927 0.074537
1 0.702995 0.328935 0.026302 0.087500
1 0.689063 0.331713 0.019792 0.088426
1 0.673438 0.314583 0.019271 0.070833
0 0.660937 0.310417 0.018229 0.072685
0 0.649740 0.310417 0.013021 0.069907
0 0.640365 0.309722 0.013021 0.071296
0 0.629297 0.310880 0.011198 0.071759
0 0.617969 0.309491 0.011458 0.068981
0 0.607552 0.306944 0.010937 0.072222
0 0.598698 0.326620 0.011979 0.071759
1 0.586589 0.315046 0.018490 0.065278
1 0.575521 0.318981 0.015625 0.070370
1 0.693490 0.205556 0.022396 0.072222
1 0.658594 0.206944 0.030208 0.085185
1 0.644792 0.225231 0.019792 0.068981
1 0.631771 0.216204 0.021354 0.070370
1 0.617969 0.219444 0.031250 0.090741
1 0.591927 0.218519 0.027083 0.070370
1 0.576172 0.216667 0.023698 0.068519
0 0.561198 0.220370 0.018750 0.074074
0 0.526302 0.212269 0.024479 0.073611
1 0.544792 0.207870 0.027083 0.086111
1 0.560547 0.313657 0.020052 0.082870
1 0.543750 0.324769 0.020833 0.079167
1 0.528516 0.323611 0.019010 0.087037
1 0.506771 0.318056 0.021354 0.088889
1 0.488542 0.326389 0.021354 0.073148
1 0.454818 0.305093 0.017969 0.067593
1 0.473698 0.393519 0.022917 0.085185
1 0.505469 0.217130 0.022917 0.079630
1 0.486198 0.207639 0.021354 0.062500
1 0.473568 0.217361 0.029948 0.085648
1 0.454948 0.227778 0.035937 0.069444
1 0.709115 0.181019 0.022917 0.082407
1 0.698568 0.093519 0.023177 0.078704
1 0.667448 0.071991 0.018750 0.070833
1 0.652865 0.072685 0.019792 0.077778
1 0.633724 0.068981 0.022656 0.073148
1 0.619271 0.072222 0.025521 0.078704
0 0.593750 0.074769 0.019792 0.083796
1 0.570964 0.078241 0.023698 0.079630
1 0.554818 0.079630 0.022656 0.087037
1 0.531641 0.074306 0.027344 0.079167
1 0.512240 0.082407 0.022396 0.081481
1 0.479818 0.073843 0.038281 0.071759
1 0.668620 0.007176 0.011198 0.014352
0 0.652995 0.009491 0.015885 0.018981
1 0.641146 0.010417 0.010937 0.020833
0 0.623568 0.008565 0.016927 0.017130
1 0.610026 0.005556 0.006510 0.011111
1 0.601823 0.011343 0.008854 0.022685
1 0.590495 0.006019 0.011198 0.012037
1 0.566146 0.008102 0.011979 0.016204
1 0.550651 0.013426 0.013802 0.026852
1 0.531771 0.009491 0.012500 0.018981
1 0.515495 0.013426 0.013281 0.026852
1 0.501823 0.012269 0.015104 0.024537
1 0.483594 0.012269 0.012500 0.024537
1 0.452344 0.068519 0.034375 0.076852
1 0.433724 0.033565 0.017969 0.067130
0 0.407943 0.147685 0.020573 0.090741
1 0.245573 0.029630 0.048438 0.037037
1 0.197526 0.028704 0.044010 0.039815
1 0.135547 0.026852 0.049740 0.037963
1 0.073438 0.023611 0.055208 0.038889
