0 0.018906 0.192834 0.031060 0.020241
1 0.028190 0.232495 0.044902 0.059081
1 0.104659 0.130470 0.047265 0.038840
1 0.080014 0.235503 0.027684 0.061816
1 0.094700 0.217177 0.027346 0.056893
1 0.111580 0.213621 0.020594 0.065098
1 0.069041 0.294037 0.025321 0.068381
1 0.083221 0.288293 0.029372 0.062363
1 0.104321 0.287473 0.024983 0.069475
0 0.121371 0.290481 0.026671 0.066740
0 0.127448 0.214989 0.030047 0.057987
1 0.141458 0.288293 0.022957 0.072210
1 0.155638 0.270788 0.036462 0.067834
1 0.146185 0.206236 0.024308 0.068928
1 0.163234 0.196937 0.023970 0.060175
0 0.180284 0.200766 0.016880 0.055799
0 0.180115 0.270788 0.019919 0.060175
1 0.209656 0.096554 0.043889 0.018053
1 0.257259 0.086160 0.033761 0.010394
1 0.194126 0.191193 0.020257 0.074945
1 0.214382 0.184628 0.022282 0.072757
1 0.233457 0.172046 0.022620 0.073851
1 0.248650 0.164114 0.023970 0.085339
1 0.266880 0.163567 0.024646 0.071116
1 0.281398 0.160011 0.017218 0.059628
0 0.296928 0.159737 0.017218 0.072210
1 0.309757 0.144694 0.019919 0.082604
0 0.228393 0.260667 0.024646 0.060722
0 0.250675 0.214716 0.043552 0.043217
1 0.243417 0.262856 0.024308 0.065098
1 0.257259 0.260941 0.024983 0.060175
1 0.276840 0.257932 0.022957 0.072757
1 0.289500 0.240974 0.025996 0.067287
0 0.307394 0.242888 0.020594 0.068928
1 0.324949 0.245077 0.021945 0.067834
1 0.453579 0.061543 0.011141 0.014770
1 0.350101 0.254103 0.027684 0.066193
1 0.365463 0.249179 0.025996 0.062910
1 0.383187 0.233042 0.022957 0.071116
1 0.399730 0.147976 0.017556 0.076039
1 0.426907 0.148523 0.019919 0.065098
1 0.464551 0.153173 0.015530 0.062363
1 0.481094 0.141138 0.018906 0.079869
1 0.495949 0.132932 0.021607 0.083151
1 0.512829 0.125547 0.016205 0.077133
1 0.523295 0.139497 0.015530 0.082057
0 0.532579 0.120897 0.013842 0.049234
0 0.560601 0.199672 0.015868 0.066740
0 0.530722 0.214168 0.018906 0.066193
1 0.405132 0.234956 0.018231 0.060722
1 0.422519 0.238786 0.019919 0.068381
1 0.438217 0.236871 0.022957 0.064551
1 0.457461 0.226477 0.021607 0.068928
1 0.475017 0.223195 0.020257 0.068928
1 0.495105 0.219912 0.019244 0.064551
1 0.511479 0.223742 0.018906 0.064551
1 0.563808 0.275985 0.029710 0.057440
1 0.590142 0.236324 0.016880 0.068928
0 0.935517 0.058260 0.020932 0.044311
1 0.963201 0.314004 0.015530 0.071116
1 0.859386 0.271882 0.052330 0.031729
1 0.861242 0.345460 0.047265 0.039934
1 0.802498 0.286379 0.054018 0.031182
1 0.774477 0.370624 0.042539 0.026805
1 0.758778 0.288567 0.038150 0.027899
1 0.713876 0.290208 0.046928 0.038840
1 0.726705 0.369256 0.042876 0.033917
1 0.653275 0.283643 0.027684 0.066193
1 0.065327 0.442560 0.033423 0.070022
1 0.078157 0.457057 0.025321 0.059628
1 0.097569 0.449945 0.024308 0.078228
1 0.117319 0.432166 0.031398 0.066740
1 0.127954 0.458972 0.025658 0.075492
1 0.151418 0.445022 0.023295 0.081510
1 0.174207 0.420678 0.023633 0.073304
1 0.189568 0.427516 0.019244 0.072757
1 0.204760 0.419311 0.018569 0.076039
1 0.227043 0.419037 0.020594 0.056893
1 0.247637 0.412746 0.021945 0.073851
1 0.258947 0.411105 0.024983 0.071663
1 0.045240 0.615700 0.039838 0.045405
1 0.062964 0.617341 0.046928 0.049781
1 0.068704 0.586707 0.048278 0.053063
1 0.100270 0.533096 0.030385 0.072757
1 0.124072 0.542670 0.027346 0.072210
1 0.149223 0.531182 0.028359 0.063457
1 0.162728 0.582330 0.054693 0.030088
1 0.173363 0.510667 0.026671 0.074945
1 0.221641 0.487418 0.020594 0.074398
1 0.238859 0.494803 0.020594 0.071663
1 0.260128 0.490974 0.020594 0.058534
1 0.281567 0.498085 0.024983 0.072757
1 0.298109 0.490700 0.019581 0.067834
1 0.311107 0.489606 0.023970 0.074398
1 0.329169 0.486597 0.022282 0.072757
1 0.345206 0.486324 0.023295 0.072210
1 0.360736 0.485230 0.025321 0.067834
1 0.375760 0.470733 0.024308 0.072757
1 0.404625 0.473195 0.026671 0.072210
1 0.427076 0.461160 0.022957 0.073304
1 0.444632 0.466357 0.016205 0.071663
1 0.275827 0.408643 0.022957 0.066740
1 0.297772 0.412199 0.021607 0.067287
1 0.311107 0.396882 0.019919 0.076039
1 0.320729 0.404540 0.018906 0.071663
0 0.340479 0.399344 0.016543 0.061269
1 0.356009 0.400711 0.019919 0.057440
1 0.374072 0.393600 0.018231 0.054158
1 0.406482 0.388403 0.016880 0.057987
1 0.420831 0.382385 0.016543 0.077681
1 0.436023 0.385941 0.015192 0.071663
1 0.462525 0.463621 0.022282 0.064004
1 0.477380 0.459792 0.022282 0.055252
0 0.467927 0.382385 0.014180 0.064551
1 0.489028 0.407823 0.017218 0.059628
0 0.495611 0.463074 0.018231 0.069475
1 0.517725 0.476477 0.030047 0.071116
1 0.503883 0.395788 0.014517 0.057440
1 0.519750 0.399891 0.015868 0.067834
1 0.555537 0.400438 0.019244 0.082057
1 0.554524 0.463348 0.032073 0.062363
1 0.600270 0.396335 0.021607 0.072757
1 0.039332 0.764770 0.012492 0.062363
1 0.055030 0.764223 0.025658 0.078775
1 0.067691 0.741247 0.028697 0.083151
1 0.086597 0.750821 0.030722 0.074945
1 0.108204 0.759300 0.025996 0.074398
1 0.125422 0.739880 0.014517 0.038840
1 0.146691 0.748359 0.019919 0.071116
1 0.174544 0.740700 0.023633 0.067834
1 0.202059 0.737965 0.019919 0.064551
1 0.215226 0.739606 0.019244 0.070022
1 0.228224 0.664934 0.020932 0.074945
1 0.243079 0.734136 0.022957 0.075492
0 0.261648 0.728665 0.020932 0.067834
1 0.267387 0.653720 0.024308 0.057987
1 0.285449 0.667396 0.020594 0.055799
0 0.298447 0.663567 0.016205 0.065646
1 0.312795 0.661105 0.025321 0.077133
1 0.325962 0.657002 0.019244 0.077681
1 0.341661 0.669584 0.018906 0.062363
0 0.353815 0.671772 0.017556 0.063457
0 0.364619 0.670131 0.012829 0.061269
0 0.373396 0.669584 0.012829 0.062363
0 0.384031 0.667123 0.011141 0.062910
0 0.394835 0.667123 0.011141 0.060722
0 0.404794 0.667943 0.010804 0.063457
0 0.412390 0.649617 0.011816 0.062910
1 0.424544 0.658096 0.017893 0.056893
1 0.435010 0.653446 0.015192 0.061816
1 0.327481 0.767232 0.021607 0.062910
1 0.360736 0.761488 0.029372 0.074398
1 0.373228 0.743709 0.019244 0.060722
1 0.385888 0.749726 0.020932 0.061816
1 0.398886 0.745350 0.030047 0.079322
1 0.423869 0.742615 0.025996 0.061816
1 0.438893 0.742341 0.022957 0.060175
0 0.453072 0.737144 0.018231 0.065098
0 0.486833 0.739606 0.023633 0.064551
1 0.469278 0.746171 0.026334 0.075492
1 0.449527 0.655908 0.019244 0.072210
1 0.465057 0.644147 0.019919 0.069475
1 0.479575 0.643053 0.018569 0.076039
1 0.500675 0.644967 0.020932 0.077681
1 0.517725 0.635394 0.020594 0.064004
1 0.550979 0.649617 0.017556 0.059628
1 0.528866 0.575219 0.021945 0.074945
1 0.506415 0.732768 0.022282 0.069475
1 0.525321 0.738512 0.020932 0.054705
1 0.536799 0.728392 0.029034 0.074945
1 0.554186 0.716904 0.034774 0.060722
1 0.313639 0.790481 0.022282 0.072210
1 0.327650 0.865427 0.022620 0.068928
1 0.358204 0.880197 0.018231 0.062363
1 0.372215 0.877735 0.019244 0.068381
1 0.390783 0.878282 0.021945 0.064004
1 0.404288 0.873632 0.024646 0.068928
0 0.428596 0.868162 0.019244 0.073304
1 0.450034 0.862144 0.022957 0.070022
1 0.465395 0.858862 0.021945 0.076586
1 0.487846 0.860230 0.026334 0.069475
1 0.506077 0.850930 0.021607 0.071663
1 0.537306 0.854212 0.036799 0.062910
1 0.360061 0.936816 0.011141 0.013676
0 0.375084 0.932440 0.015530 0.016958
1 0.386226 0.930252 0.010804 0.019147
0 0.403106 0.929705 0.016205 0.015864
1 0.416104 0.930525 0.006415 0.009847
1 0.423700 0.924234 0.008778 0.020241
1 0.434841 0.927516 0.010804 0.011488
1 0.457968 0.922867 0.011816 0.015317
1 0.472654 0.916028 0.013504 0.024617
1 0.490716 0.916849 0.012492 0.017505
1 0.506077 0.911652 0.012829 0.024617
1 0.519244 0.910832 0.014855 0.021882
1 0.536462 0.908096 0.012154 0.021882
1 0.563808 0.855306 0.033086 0.067287
1 0.583221 0.883479 0.017218 0.059081
0 0.602802 0.780635 0.019919 0.079869
1 0.762998 0.862144 0.046590 0.032823
1 0.808913 0.856674 0.042539 0.035011
1 0.868163 0.850383 0.047603 0.033370
1 0.927583 0.845186 0.053005 0.033917
