0 0.016146 0.907870 0.031771 0.023148
1 0.023047 0.862731 0.046094 0.064352
1 0.108073 0.967593 0.049479 0.045370
1 0.077995 0.852083 0.032031 0.067130
1 0.062370 0.785880 0.025260 0.079167
1 0.077214 0.791667 0.028385 0.069444
1 0.099740 0.788657 0.023438 0.075463
0 0.117448 0.780093 0.024479 0.070370
1 0.138021 0.781019 0.021875 0.083333
1 0.154297 0.799306 0.039323 0.078241
0 0.179297 0.796296 0.021094 0.071296
0 0.229818 0.799306 0.026823 0.070833
1 0.245443 0.796065 0.026302 0.075463
1 0.094922 0.870370 0.024219 0.067593
1 0.110677 0.871065 0.017188 0.074537
0 0.128516 0.866667 0.033594 0.066667
1 0.147396 0.875231 0.022396 0.078241
1 0.165495 0.883333 0.026302 0.070370
0 0.183724 0.876620 0.014323 0.063426
1 0.197917 0.884028 0.018750 0.084722
1 0.218620 0.889583 0.024219 0.085648
1 0.239844 0.900694 0.025000 0.084722
1 0.219922 0.990046 0.045573 0.018981
1 0.270313 0.993981 0.033854 0.011111
1 0.256120 0.907639 0.025781 0.098611
1 0.276823 0.905556 0.025000 0.080556
1 0.291016 0.906481 0.017969 0.068519
0 0.306771 0.904630 0.018229 0.079630
1 0.321224 0.918981 0.020052 0.094444
0 0.255469 0.849769 0.043750 0.047685
1 0.259245 0.794907 0.026302 0.068519
1 0.279818 0.793981 0.027344 0.085185
1 0.294271 0.813657 0.026042 0.078241
0 0.313542 0.808333 0.023438 0.078704
1 0.330469 0.802083 0.024479 0.080093
1 0.357422 0.787269 0.026302 0.071759
1 0.373047 0.790972 0.026302 0.072685
1 0.391797 0.807870 0.025781 0.081481
1 0.415495 0.803241 0.019531 0.071296
1 0.433073 0.796991 0.021354 0.080093
1 0.448698 0.796296 0.025000 0.077778
1 0.469792 0.801157 0.020313 0.078241
1 0.488672 0.804630 0.016927 0.077778
1 0.509245 0.805093 0.019531 0.072222
1 0.526172 0.800231 0.019531 0.078241
0 0.547266 0.806019 0.018490 0.076852
0 0.579297 0.831481 0.017448 0.077778
1 0.474870 0.991667 0.011719 0.016667
1 0.499870 0.996759 0.008594 0.005556
1 0.414844 0.901620 0.019271 0.086574
1 0.443099 0.898380 0.019010 0.075463
1 0.481641 0.885417 0.015365 0.068056
1 0.498698 0.896759 0.018229 0.090741
1 0.514844 0.906481 0.019271 0.094444
1 0.533073 0.911111 0.015104 0.087037
1 0.543490 0.893981 0.014063 0.095370
0 0.554688 0.913194 0.017188 0.053241
1 0.583073 0.750231 0.028125 0.072685
1 0.606771 0.726620 0.019271 0.078241
1 0.687891 0.683796 0.038281 0.061111
1 0.731641 0.690972 0.052344 0.043056
1 0.742448 0.599306 0.045312 0.041204
1 0.792448 0.591204 0.043750 0.034259
1 0.778516 0.685880 0.041927 0.032870
1 0.826172 0.681944 0.054427 0.034259
1 0.885417 0.689583 0.053125 0.032870
1 0.884115 0.605093 0.049479 0.043519
1 0.019922 0.422454 0.039844 0.047685
1 0.040365 0.418981 0.045312 0.056481
1 0.046094 0.452546 0.050521 0.056019
1 0.051693 0.615972 0.035156 0.077315
1 0.063672 0.598380 0.026823 0.069907
1 0.082292 0.604167 0.027604 0.090741
1 0.102474 0.621528 0.037760 0.074537
1 0.115625 0.590741 0.025000 0.087037
1 0.139063 0.600694 0.025000 0.091204
1 0.083594 0.509954 0.030729 0.084722
1 0.106120 0.493981 0.028906 0.083333
1 0.132943 0.504167 0.029948 0.073148
1 0.145573 0.443981 0.055729 0.032407
1 0.166146 0.625231 0.023958 0.081944
1 0.180599 0.615509 0.020573 0.084722
1 0.197396 0.620833 0.017708 0.087963
1 0.159245 0.525231 0.028385 0.083796
1 0.220573 0.619907 0.022396 0.068519
1 0.213021 0.529630 0.020833 0.082407
1 0.228646 0.531019 0.021875 0.081481
1 0.241146 0.624769 0.021875 0.086574
1 0.254818 0.624769 0.024219 0.080093
1 0.271875 0.623843 0.025000 0.075463
1 0.293620 0.614583 0.021094 0.077315
1 0.308464 0.630324 0.022656 0.088426
1 0.319922 0.620833 0.022656 0.077778
1 0.251172 0.533565 0.022656 0.064352
1 0.270573 0.521759 0.026562 0.081481
1 0.289193 0.525694 0.023698 0.076389
1 0.303776 0.525694 0.023698 0.081944
1 0.323047 0.527546 0.022656 0.081944
0 0.338542 0.625231 0.017708 0.071759
1 0.339193 0.524769 0.023698 0.081944
1 0.355990 0.523611 0.025000 0.076852
1 0.371745 0.537269 0.023698 0.081944
1 0.354948 0.621065 0.019271 0.063426
1 0.374870 0.624537 0.019531 0.062037
1 0.408594 0.627083 0.017188 0.067130
1 0.401823 0.530556 0.027604 0.081481
1 0.426042 0.540509 0.021875 0.082870
1 0.424740 0.630324 0.017188 0.088426
1 0.439844 0.622917 0.017708 0.077315
1 0.444141 0.531481 0.016406 0.080556
1 0.463021 0.532407 0.022917 0.071296
0 0.472917 0.624769 0.014063 0.071759
1 0.477995 0.534259 0.022656 0.062037
1 0.494141 0.590046 0.017969 0.064352
0 0.497266 0.528009 0.017448 0.078241
1 0.508594 0.603704 0.015104 0.064815
1 0.525651 0.597917 0.017448 0.081019
1 0.563021 0.589583 0.019271 0.089352
1 0.561068 0.525231 0.032552 0.070833
1 0.603125 0.542593 0.022917 0.080556
1 0.519141 0.508333 0.031510 0.080556
1 0.006120 0.253704 0.011719 0.068519
1 0.021094 0.257870 0.023958 0.078704
1 0.037370 0.275231 0.028906 0.093981
1 0.055990 0.262731 0.031250 0.082870
1 0.077865 0.251157 0.026042 0.081019
1 0.098698 0.272917 0.016146 0.036574
1 0.117188 0.254398 0.021354 0.084722
1 0.148047 0.260185 0.021094 0.075000
1 0.177474 0.259954 0.020573 0.075463
1 0.189323 0.254630 0.021875 0.081481
1 0.208464 0.337269 0.021615 0.083796
1 0.219922 0.258565 0.021094 0.089352
0 0.239323 0.262269 0.019271 0.075463
1 0.249870 0.346296 0.024219 0.067593
1 0.267318 0.326620 0.021615 0.064352
0 0.281250 0.330093 0.014583 0.075000
1 0.295573 0.329167 0.025000 0.087963
1 0.311068 0.330787 0.017448 0.088426
1 0.326042 0.316204 0.020313 0.068519
0 0.338542 0.310648 0.018229 0.072222
0 0.349740 0.311111 0.013542 0.073148
0 0.359896 0.311343 0.011979 0.068981
0 0.370573 0.312731 0.011458 0.070833
0 0.380469 0.310185 0.009375 0.072222
0 0.391146 0.308333 0.011979 0.073148
0 0.400391 0.329630 0.011198 0.069444
1 0.413542 0.316204 0.019271 0.064815
1 0.424089 0.319907 0.014844 0.069444
1 0.439323 0.315046 0.020313 0.081019
1 0.455599 0.324306 0.020052 0.077315
1 0.471615 0.325231 0.018229 0.085648
1 0.492969 0.318287 0.020833 0.087500
1 0.511068 0.327083 0.020052 0.072685
1 0.524349 0.403241 0.022656 0.085185
1 0.544271 0.305093 0.018750 0.068519
1 0.289714 0.182870 0.020573 0.082407
1 0.307292 0.206019 0.019792 0.070370
1 0.301172 0.093981 0.022656 0.082407
1 0.341276 0.208333 0.027865 0.084259
1 0.354948 0.228472 0.020313 0.067130
1 0.367969 0.216667 0.018750 0.068519
1 0.381641 0.219444 0.030990 0.087963
1 0.407292 0.219444 0.028125 0.072222
1 0.423698 0.217130 0.020833 0.069444
0 0.438021 0.222917 0.018229 0.072685
1 0.454688 0.209954 0.025521 0.084722
0 0.473568 0.211574 0.026302 0.073148
1 0.494141 0.218056 0.022135 0.081481
1 0.513542 0.209722 0.022396 0.062037
1 0.331250 0.072917 0.019271 0.072685
1 0.346094 0.073611 0.021354 0.077778
1 0.365495 0.067824 0.020573 0.073611
1 0.380599 0.072222 0.026302 0.080556
0 0.404948 0.074769 0.018750 0.084722
1 0.428516 0.080093 0.022135 0.079630
1 0.444922 0.080556 0.023177 0.087037
1 0.467448 0.073843 0.025521 0.078241
1 0.487891 0.086343 0.023698 0.079167
1 0.519922 0.073148 0.038281 0.072222
1 0.328125 0.007407 0.014063 0.014815
0 0.346224 0.009954 0.016406 0.018981
1 0.358724 0.010648 0.011719 0.021296
0 0.376042 0.008333 0.015625 0.016667
1 0.389193 0.004398 0.006510 0.008796
1 0.397396 0.010880 0.010417 0.020833
1 0.408724 0.006481 0.012760 0.012963
1 0.432943 0.007870 0.010677 0.015741
1 0.448568 0.013194 0.013802 0.026389
1 0.467839 0.009954 0.012760 0.018981
1 0.484115 0.013194 0.012500 0.026389
1 0.497526 0.012500 0.016406 0.025000
1 0.515365 0.012731 0.013021 0.025463
1 0.526172 0.219444 0.032552 0.087037
1 0.543620 0.228704 0.036719 0.069444
0 0.594271 0.105556 0.019271 0.091667
1 0.565625 0.035417 0.020833 0.069907
1 0.546745 0.065741 0.033073 0.086111
1 0.753776 0.030787 0.048698 0.036574
1 0.801172 0.028472 0.042448 0.039352
1 0.862370 0.027083 0.048698 0.035648
1 0.926042 0.026157 0.054167 0.039352
0 0.976042 0.869444 0.023958 0.085185
