0 0.016406 0.092130 0.031771 0.023148
1 0.023307 0.137269 0.046094 0.064352
1 0.108333 0.032407 0.049479 0.045370
1 0.078255 0.147917 0.032031 0.067130
1 0.062630 0.214120 0.025260 0.079167
1 0.077474 0.208333 0.028385 0.069444
1 0.100000 0.211343 0.023438 0.075463
0 0.117708 0.219907 0.024479 0.070370
1 0.138281 0.218981 0.021875 0.083333
1 0.154557 0.200694 0.039323 0.078241
0 0.179557 0.203704 0.021094 0.071296
0 0.230078 0.200694 0.026823 0.070833
1 0.245703 0.203935 0.026302 0.075463
1 0.095182 0.129630 0.024219 0.067593
1 0.110937 0.128935 0.017188 0.074537
0 0.128776 0.133333 0.033594 0.066667
1 0.147656 0.124769 0.022396 0.078241
1 0.165755 0.116667 0.026302 0.070370
0 0.183984 0.123380 0.014323 0.063426
1 0.198177 0.115972 0.018750 0.084722
1 0.218880 0.110417 0.024219 0.085648
1 0.240104 0.099306 0.025000 0.084722
1 0.220182 0.009954 0.045573 0.018981
1 0.270573 0.006019 0.033854 0.011111
1 0.256380 0.092361 0.025781 0.098611
1 0.277083 0.094444 0.025000 0.080556
1 0.291276 0.093519 0.017969 0.068519
0 0.307031 0.095370 0.018229 0.079630
1 0.321484 0.081019 0.020052 0.094444
0 0.255729 0.150231 0.043750 0.047685
1 0.259505 0.205093 0.026302 0.068519
1 0.280078 0.206019 0.027344 0.085185
1 0.294531 0.186343 0.026042 0.078241
0 0.313802 0.191667 0.023438 0.078704
1 0.330729 0.197917 0.024479 0.080093
1 0.357682 0.212731 0.026302 0.071759
1 0.373307 0.209028 0.026302 0.072685
1 0.392057 0.192130 0.025781 0.081481
1 0.415755 0.196759 0.019531 0.071296
1 0.433333 0.203009 0.021354 0.080093
1 0.448958 0.203704 0.025000 0.077778
1 0.470052 0.198843 0.020313 0.078241
1 0.488932 0.195370 0.016927 0.077778
1 0.509505 0.194907 0.019531 0.072222
1 0.526432 0.199769 0.019531 0.078241
0 0.547526 0.193981 0.018490 0.076852
0 0.579557 0.168519 0.017448 0.077778
1 0.475130 0.008333 0.011719 0.016667
1 0.500130 0.003241 0.008594 0.005556
1 0.415104 0.098380 0.019271 0.086574
1 0.443359 0.101620 0.019010 0.075463
1 0.481901 0.114583 0.015365 0.068056
1 0.498958 0.103241 0.018229 0.090741
1 0.515104 0.093519 0.019271 0.094444
1 0.533333 0.088889 0.015104 0.087037
1 0.543750 0.106019 0.014063 0.095370
0 0.554948 0.086806 0.017188 0.053241
1 0.583333 0.249769 0.028125 0.072685
1 0.607031 0.273380 0.019271 0.078241
1 0.688151 0.316204 0.038281 0.061111
1 0.731901 0.309028 0.052344 0.043056
1 0.742708 0.400694 0.045312 0.041204
1 0.792708 0.408796 0.043750 0.034259
1 0.778776 0.314120 0.041927 0.032870
1 0.826432 0.318056 0.054427 0.034259
1 0.885677 0.310417 0.053125 0.032870
1 0.884375 0.394907 0.049479 0.043519
1 0.020182 0.577546 0.039844 0.047685
1 0.040625 0.581019 0.045312 0.056481
1 0.046354 0.547454 0.050521 0.056019
1 0.051953 0.384028 0.035156 0.077315
1 0.063932 0.401620 0.026823 0.069907
1 0.082552 0.395833 0.027604 0.090741
1 0.102734 0.378472 0.037760 0.074537
1 0.115885 0.409259 0.025000 0.087037
1 0.139323 0.399306 0.025000 0.091204
1 0.083854 0.490046 0.030729 0.084722
1 0.106380 0.506019 0.028906 0.083333
1 0.133203 0.495833 0.029948 0.073148
1 0.145833 0.556019 0.055729 0.032407
1 0.166406 0.374769 0.023958 0.081944
1 0.180859 0.384491 0.020573 0.084722
1 0.197656 0.379167 0.017708 0.087963
1 0.159505 0.474769 0.028385 0.083796
1 0.220833 0.380093 0.022396 0.068519
1 0.213281 0.470370 0.020833 0.082407
1 0.228906 0.468981 0.021875 0.081481
1 0.241406 0.375231 0.021875 0.086574
1 0.255078 0.375231 0.024219 0.080093
1 0.272135 0.376157 0.025000 0.075463
1 0.293880 0.385417 0.021094 0.077315
1 0.308724 0.369676 0.022656 0.088426
1 0.320182 0.379167 0.022656 0.077778
1 0.251432 0.466435 0.022656 0.064352
1 0.270833 0.478241 0.026562 0.081481
1 0.289453 0.474306 0.023698 0.076389
1 0.304036 0.474306 0.023698 0.081944
1 0.323307 0.472454 0.022656 0.081944
0 0.338802 0.374769 0.017708 0.071759
1 0.339453 0.475231 0.023698 0.081944
1 0.356250 0.476389 0.025000 0.076852
1 0.372005 0.462731 0.023698 0.081944
1 0.355208 0.378935 0.019271 0.063426
1 0.375130 0.375463 0.019531 0.062037
1 0.408854 0.372917 0.017188 0.067130
1 0.402083 0.469444 0.027604 0.081481
1 0.426302 0.459491 0.021875 0.082870
1 0.425000 0.369676 0.017188 0.088426
1 0.440104 0.377083 0.017708 0.077315
1 0.444401 0.468519 0.016406 0.080556
1 0.463281 0.467593 0.022917 0.071296
0 0.473177 0.375231 0.014063 0.071759
1 0.478255 0.465741 0.022656 0.062037
1 0.494401 0.409954 0.017969 0.064352
0 0.497526 0.471991 0.017448 0.078241
1 0.508854 0.396296 0.015104 0.064815
1 0.525911 0.402083 0.017448 0.081019
1 0.563281 0.410417 0.019271 0.089352
1 0.561328 0.474769 0.032552 0.070833
1 0.603385 0.457407 0.022917 0.080556
1 0.519401 0.491667 0.031510 0.080556
1 0.006380 0.746296 0.011719 0.068519
1 0.021354 0.742130 0.023958 0.078704
1 0.037630 0.724769 0.028906 0.093981
1 0.056250 0.737269 0.031250 0.082870
1 0.078125 0.748843 0.026042 0.081019
1 0.098958 0.727083 0.016146 0.036574
1 0.117448 0.745602 0.021354 0.084722
1 0.148307 0.739815 0.021094 0.075000
1 0.177734 0.740046 0.020573 0.075463
1 0.189583 0.745370 0.021875 0.081481
1 0.208724 0.662731 0.021615 0.083796
1 0.220182 0.741435 0.021094 0.089352
0 0.239583 0.737731 0.019271 0.075463
1 0.250130 0.653704 0.024219 0.067593
1 0.267578 0.673380 0.021615 0.064352
0 0.281510 0.669907 0.014583 0.075000
1 0.295833 0.670833 0.025000 0.087963
1 0.311328 0.669213 0.017448 0.088426
1 0.326302 0.683796 0.020313 0.068519
0 0.338802 0.689352 0.018229 0.072222
0 0.350000 0.688889 0.013542 0.073148
0 0.360156 0.688657 0.011979 0.068981
0 0.370833 0.687269 0.011458 0.070833
0 0.380729 0.689815 0.009375 0.072222
0 0.391406 0.691667 0.011979 0.073148
0 0.400651 0.670370 0.011198 0.069444
1 0.413802 0.683796 0.019271 0.064815
1 0.424349 0.680093 0.014844 0.069444
1 0.439583 0.684954 0.020313 0.081019
1 0.455859 0.675694 0.020052 0.077315
1 0.471875 0.674769 0.018229 0.085648
1 0.493229 0.681713 0.020833 0.087500
1 0.511328 0.672917 0.020052 0.072685
1 0.524609 0.596759 0.022656 0.085185
1 0.544531 0.694907 0.018750 0.068519
1 0.289974 0.817130 0.020573 0.082407
1 0.307552 0.793981 0.019792 0.070370
1 0.301432 0.906019 0.022656 0.082407
1 0.341536 0.791667 0.027865 0.084259
1 0.355208 0.771528 0.020313 0.067130
1 0.368229 0.783333 0.018750 0.068519
1 0.381901 0.780556 0.030990 0.087963
1 0.407552 0.780556 0.028125 0.072222
1 0.423958 0.782870 0.020833 0.069444
0 0.438281 0.777083 0.018229 0.072685
1 0.454948 0.790046 0.025521 0.084722
0 0.473828 0.788426 0.026302 0.073148
1 0.494401 0.781944 0.022135 0.081481
1 0.513802 0.790278 0.022396 0.062037
1 0.331510 0.927083 0.019271 0.072685
1 0.346354 0.926389 0.021354 0.077778
1 0.365755 0.932176 0.020573 0.073611
1 0.380859 0.927778 0.026302 0.080556
0 0.405208 0.925231 0.018750 0.084722
1 0.428776 0.919907 0.022135 0.079630
1 0.445182 0.919444 0.023177 0.087037
1 0.467708 0.926157 0.025521 0.078241
1 0.488151 0.913657 0.023698 0.079167
1 0.520182 0.926852 0.038281 0.072222
1 0.328385 0.992593 0.014063 0.014815
0 0.346484 0.990046 0.016406 0.018981
1 0.358984 0.989352 0.011719 0.021296
0 0.376302 0.991667 0.015625 0.016667
1 0.389453 0.995602 0.006510 0.008796
1 0.397656 0.989120 0.010417 0.020833
1 0.408984 0.993519 0.012760 0.012963
1 0.433203 0.992130 0.010677 0.015741
1 0.448828 0.986806 0.013802 0.026389
1 0.468099 0.990046 0.012760 0.018981
1 0.484375 0.986806 0.012500 0.026389
1 0.497786 0.987500 0.016406 0.025000
1 0.515625 0.987269 0.013021 0.025463
1 0.526432 0.780556 0.032552 0.087037
1 0.543880 0.771296 0.036719 0.069444
0 0.594531 0.894444 0.019271 0.091667
1 0.565885 0.964583 0.020833 0.069907
1 0.547005 0.934259 0.033073 0.086111
1 0.754036 0.969213 0.048698 0.036574
1 0.801432 0.971528 0.042448 0.039352
1 0.862630 0.972917 0.048698 0.035648
1 0.926302 0.973843 0.054167 0.039352
0 0.976302 0.130556 0.023958 0.085185
