0 0.983854 0.907870 0.031771 0.023148
1 0.976953 0.862731 0.046094 0.064352
1 0.891927 0.967593 0.049479 0.045370
1 0.922005 0.852083 0.032031 0.067130
1 0.937630 0.785880 0.025260 0.079167
1 0.922786 0.791667 0.028385 0.069444
1 0.900260 0.788657 0.023438 0.075463
0 0.882552 0.780093 0.024479 0.070370
1 0.861979 0.781019 0.021875 0.083333
1 0.845703 0.799306 0.039323 0.078241
0 0.820703 0.796296 0.021094 0.071296
0 0.770182 0.799306 0.026823 0.070833
1 0.754557 0.796065 0.026302 0.075463
1 0.905078 0.870370 0.024219 0.067593
1 0.889323 0.871065 0.017188 0.074537
0 0.871484 0.866667 0.033594 0.066667
1 0.852604 0.875231 0.022396 0.078241
1 0.834505 0.883333 0.026302 0.070370
0 0.816276 0.876620 0.014323 0.063426
1 0.802083 0.884028 0.018750 0.084722
1 0.781380 0.889583 0.024219 0.085648
1 0.760156 0.900694 0.025000 0.084722
1 0.780078 0.990046 0.045573 0.018981
1 0.729688 0.993981 0.033854 0.011111
1 0.743880 0.907639 0.025781 0.098611
1 0.723177 0.905556 0.025000 0.080556
1 0.708984 0.906481 0.017969 0.068519
0 0.693229 0.904630 0.018229 0.079630
1 0.678776 0.918981 0.020052 0.094444
0 0.744531 0.849769 0.043750 0.047685
1 0.740755 0.794907 0.026302 0.068519
1 0.720182 0.793981 0.027344 0.085185
1 0.705729 0.813657 0.026042 0.078241
0 0.686458 0.808333 0.023438 0.078704
1 0.669531 0.802083 0.024479 0.080093
1 0.642578 0.787269 0.026302 0.071759
1 0.626953 0.790972 0.026302 0.072685
1 0.608203 0.807870 0.025781 0.081481
1 0.584505 0.803241 0.019531 0.071296
1 0.566927 0.796991 0.021354 0.080093
1 0.551302 0.796296 0.025000 0.077778
1 0.530208 0.801157 0.020313 0.078241
1 0.511328 0.804630 0.016927 0.077778
1 0.490755 0.805093 0.019531 0.072222
1 0.473828 0.800231 0.019531 0.078241
0 0.452734 0.806019 0.018490 0.076852
0 0.420703 0.831481 0.017448 0.077778
1 0.525130 0.991667 0.011719 0.016667
1 0.500130 0.996759 0.008594 0.005556
1 0.585156 0.901620 0.019271 0.086574
1 0.556901 0.898380 0.019010 0.075463
1 0.518359 0.885417 0.015365 0.068056
1 0.501302 0.896759 0.018229 0.090741
1 0.485156 0.906481 0.019271 0.094444
1 0.466927 0.911111 0.015104 0.087037
1 0.456510 0.893981 0.014063 0.095370
0 0.445312 0.913194 0.017188 0.053241
1 0.416927 0.750231 0.028125 0.072685
1 0.393229 0.726620 0.019271 0.078241
1 0.312109 0.683796 0.038281 0.061111
1 0.268359 0.690972 0.052344 0.043056
1 0.257552 0.599306 0.045312 0.041204
1 0.207552 0.591204 0.043750 0.034259
1 0.221484 0.685880 0.041927 0.032870
1 0.173828 0.681944 0.054427 0.034259
1 0.114583 0.689583 0.053125 0.032870
1 0.115885 0.605093 0.049479 0.043519
1 0.980078 0.422454 0.039844 0.047685
1 0.959635 0.418981 0.045312 0.056481
1 0.953906 0.452546 0.050521 0.056019
1 0.948307 0.615972 0.035156 0.077315
1 0.936328 0.598380 0.026823 0.069907
1 0.917708 0.604167 0.027604 0.090741
1 0.897526 0.621528 0.037760 0.074537
1 0.884375 0.590741 0.025000 0.087037
1 0.860938 0.600694 0.025000 0.091204
1 0.916406 0.509954 0.030729 0.084722
1 0.893880 0.493981 0.028906 0.083333
1 0.867057 0.504167 0.029948 0.073148
1 0.854427 0.443981 0.055729 0.032407
1 0.833854 0.625231 0.023958 0.081944
1 0.819401 0.615509 0.020573 0.084722
1 0.802604 0.620833 0.017708 0.087963
1 0.840755 0.525231 0.028385 0.083796
1 0.779427 0.619907 0.022396 0.068519
1 0.786979 0.529630 0.020833 0.082407
1 0.771354 0.531019 0.021875 0.081481
1 0.758854 0.624769 0.021875 0.086574
1 0.745182 0.624769 0.024219 0.080093
1 0.728125 0.623843 0.025000 0.075463
1 0.706380 0.614583 0.021094 0.077315
1 0.691536 0.630324 0.022656 0.088426
1 0.680078 0.620833 0.022656 0.077778
1 0.748828 0.533565 0.022656 0.064352
1 0.729427 0.521759 0.026562 0.081481
1 0.710807 0.525694 0.023698 0.076389
1 0.696224 0.525694 0.023698 0.081944
1 0.676953 0.527546 0.022656 0.081944
0 0.661458 0.625231 0.017708 0.071759
1 0.660807 0.524769 0.023698 0.081944
1 0.644010 0.523611 0.025000 0.076852
1 0.628255 0.537269 0.023698 0.081944
1 0.645052 0.621065 0.019271 0.063426
1 0.625130 0.624537 0.019531 0.062037
1 0.591406 0.627083 0.017188 0.067130
1 0.598177 0.530556 0.027604 0.081481
1 0.573958 0.540509 0.021875 0.082870
1 0.575260 0.630324 0.017188 0.088426
1 0.560156 0.622917 0.017708 0.077315
1 0.555859 0.531481 0.016406 0.080556
1 0.536979 0.532407 0.022917 0.071296
0 0.527083 0.624769 0.014063 0.071759
1 0.522005 0.534259 0.022656 0.062037
1 0.505859 0.590046 0.017969 0.064352
0 0.502734 0.528009 0.017448 0.078241
1 0.491406 0.603704 0.015104 0.064815
1 0.474349 0.597917 0.017448 0.081019
1 0.436979 0.589583 0.019271 0.089352
1 0.438932 0.525231 0.032552 0.070833
1 0.396875 0.542593 0.022917 0.080556
1 0.480859 0.508333 0.031510 0.080556
1 0.993880 0.253704 0.011719 0.068519
1 0.978906 0.257870 0.023958 0.078704
1 0.962630 0.275231 0.028906 0.093981
1 0.944010 0.262731 0.031250 0.082870
1 0.922135 0.251157 0.026042 0.081019
1 0.901302 0.272917 0.016146 0.036574
1 0.882812 0.254398 0.021354 0.084722
1 0.851953 0.260185 0.021094 0.075000
1 0.822526 0.259954 0.020573 0.075463
1 0.810677 0.254630 0.021875 0.081481
1 0.791536 0.337269 0.021615 0.083796
1 0.780078 0.258565 0.021094 0.089352
0 0.760677 0.262269 0.019271 0.075463
1 0.750130 0.346296 0.024219 0.067593
1 0.732682 0.326620 0.021615 0.064352
0 0.718750 0.330093 0.014583 0.075000
1 0.704427 0.329167 0.025000 0.087963
1 0.688932 0.330787 0.017448 0.088426
1 0.673958 0.316204 0.020313 0.068519
0 0.661458 0.310648 0.018229 0.072222
0 0.650260 0.311111 0.013542 0.073148
0 0.640104 0.311343 0.011979 0.068981
0 0.629427 0.312731 0.011458 0.070833
0 0.619531 0.310185 0.009375 0.072222
0 0.608854 0.308333 0.011979 0.073148
0 0.599609 0.329630 0.011198 0.069444
1 0.586458 0.316204 0.019271 0.064815
1 0.575911 0.319907 0.014844 0.069444
1 0.560677 0.315046 0.020313 0.081019
1 0.544401 0.324306 0.020052 0.077315
1 0.528385 0.325231 0.018229 0.085648
1 0.507031 0.318287 0.020833 0.087500
1 0.488932 0.327083 0.020052 0.072685
1 0.475651 0.403241 0.022656 0.085185
1 0.455729 0.305093 0.018750 0.068519
1 0.710286 0.182870 0.020573 0.082407
1 0.692708 0.206019 0.019792 0.070370
1 0.698828 0.093981 0.022656 0.082407
1 0.658724 0.208333 0.027865 0.084259
1 0.645052 0.228472 0.020313 0.067130
1 0.632031 0.216667 0.018750 0.068519
1 0.618359 0.219444 0.030990 0.087963
1 0.592708 0.219444 0.028125 0.072222
1 0.576302 0.217130 0.020833 0.069444
0 0.561979 0.222917 0.018229 0.072685
1 0.545312 0.209954 0.025521 0.084722
0 0.526432 0.211574 0.026302 0.073148
1 0.505859 0.218056 0.022135 0.081481
1 0.486458 0.209722 0.022396 0.062037
1 0.668750 0.072917 0.019271 0.072685
1 0.653906 0.073611 0.021354 0.077778
1 0.634505 0.067824 0.020573 0.073611
1 0.619401 0.072222 0.026302 0.080556
0 0.595052 0.074769 0.018750 0.084722
1 0.571484 0.080093 0.022135 0.079630
1 0.555078 0.080556 0.023177 0.087037
1 0.532552 0.073843 0.025521 0.078241
1 0.512109 0.086343 0.023698 0.079167
1 0.480078 0.073148 0.038281 0.072222
1 0.671875 0.007407 0.014063 0.014815
0 0.653776 0.009954 0.016406 0.018981
1 0.641276 0.010648 0.011719 0.021296
0 0.623958 0.008333 0.015625 0.016667
1 0.610807 0.004398 0.006510 0.008796
1 0.602604 0.010880 0.010417 0.020833
1 0.591276 0.006481 0.012760 0.012963
1 0.567057 0.007870 0.010677 0.015741
1 0.551432 0.013194 0.013802 0.026389
1 0.532161 0.009954 0.012760 0.018981
1 0.515885 0.013194 0.012500 0.026389
1 0.502474 0.012500 0.016406 0.025000
1 0.484635 0.012731 0.013021 0.025463
1 0.473828 0.219444 0.032552 0.087037
1 0.456380 0.228704 0.036719 0.069444
0 0.405729 0.105556 0.019271 0.091667
1 0.434375 0.035417 0.020833 0.069907
1 0.453255 0.065741 0.033073 0.086111
1 0.246224 0.030787 0.048698 0.036574
1 0.198828 0.028472 0.042448 0.039352
1 0.137630 0.027083 0.048698 0.035648
1 0.073958 0.026157 0.054167 0.039352
0 0.023958 0.869444 0.023958 0.085185
