0 0.948563 0.916903 0.030828 0.020987
1 0.943713 0.876064 0.044683 0.057289
1 0.857984 0.958877 0.047800 0.040272
1 0.891410 0.860182 0.030828 0.059558
1 0.909075 0.803460 0.024593 0.070902
1 0.894527 0.806863 0.027364 0.061826
1 0.872878 0.801758 0.022861 0.067499
0 0.856425 0.792116 0.023900 0.062961
1 0.836508 0.790414 0.021476 0.074305
1 0.820229 0.804594 0.038102 0.069767
0 0.796328 0.799206 0.020783 0.063528
0 0.747662 0.796086 0.025979 0.062961
1 0.732941 0.791265 0.025632 0.066931
1 0.874264 0.874362 0.023554 0.060692
1 0.859196 0.873227 0.016973 0.066364
0 0.842397 0.867272 0.032560 0.058990
1 0.823866 0.872660 0.021822 0.069767
1 0.806027 0.877765 0.025632 0.062961
0 0.788881 0.869541 0.014202 0.056721
1 0.775026 0.874645 0.018358 0.076007
1 0.754763 0.877198 0.023554 0.076574
1 0.733980 0.884572 0.024247 0.075440
1 0.749740 0.965967 0.043990 0.017016
1 0.701247 0.963698 0.032906 0.010210
1 0.718220 0.888826 0.025286 0.087351
1 0.698303 0.884572 0.024247 0.072036
1 0.684621 0.883721 0.017665 0.061259
0 0.669726 0.880318 0.017665 0.071469
1 0.655178 0.891378 0.019744 0.084515
0 0.721164 0.837777 0.042258 0.043108
1 0.719778 0.788712 0.025632 0.060692
1 0.699861 0.785593 0.026671 0.076007
1 0.685313 0.801191 0.025286 0.069767
0 0.666955 0.794385 0.022515 0.069767
1 0.651022 0.786727 0.023900 0.071469
1 0.625563 0.770562 0.025632 0.064095
1 0.610669 0.771980 0.025632 0.064663
1 0.591791 0.785026 0.025286 0.072604
1 0.569276 0.778219 0.019051 0.063528
1 0.552650 0.770562 0.021129 0.070902
1 0.537582 0.768009 0.024247 0.069200
1 0.517319 0.769994 0.019744 0.069767
1 0.498961 0.770845 0.016280 0.069200
1 0.479217 0.768860 0.019051 0.064095
1 0.463110 0.762621 0.019397 0.069767
0 0.442674 0.765457 0.018012 0.068633
0 0.410980 0.784175 0.016973 0.069767
1 0.504849 0.937890 0.011431 0.015315
1 0.480603 0.939592 0.008660 0.005105
1 0.565985 0.865003 0.018705 0.077141
1 0.538968 0.859047 0.018705 0.067499
1 0.502598 0.843165 0.015241 0.060692
1 0.485625 0.851106 0.018012 0.081112
1 0.469865 0.857913 0.019051 0.084515
1 0.452200 0.859898 0.014894 0.077141
1 0.442674 0.843449 0.013855 0.085082
0 0.431244 0.859331 0.016626 0.047646
1 0.410634 0.711855 0.027364 0.064663
1 0.388639 0.688315 0.018705 0.069767
1 0.312608 0.640953 0.037063 0.054453
1 0.270177 0.642371 0.050572 0.039138
1 0.263422 0.560125 0.043990 0.036869
1 0.215795 0.547079 0.042258 0.031197
1 0.225320 0.632445 0.040526 0.029495
1 0.179771 0.623369 0.052650 0.030630
1 0.122619 0.623369 0.051264 0.029495
1 0.127122 0.548780 0.047800 0.039138
1 0.964150 0.486954 0.038448 0.042541
1 0.944752 0.481282 0.043990 0.050482
1 0.937825 0.510493 0.048840 0.049915
1 0.926048 0.654282 0.034292 0.068633
1 0.915137 0.637550 0.026325 0.062394
1 0.897125 0.640386 0.027018 0.080545
1 0.877035 0.653432 0.036716 0.066931
1 0.865604 0.624787 0.024247 0.077708
1 0.842743 0.631027 0.024247 0.081112
1 0.899550 0.556721 0.029789 0.075440
1 0.878594 0.540272 0.028057 0.074305
1 0.852442 0.545944 0.029096 0.065230
1 0.842570 0.491492 0.053689 0.028928
1 0.815726 0.649461 0.023554 0.072604
1 0.802217 0.638968 0.020090 0.075440
1 0.785937 0.642087 0.017319 0.078276
1 0.826290 0.561826 0.027364 0.074305
1 0.763595 0.638400 0.021822 0.060692
1 0.774506 0.559558 0.020090 0.073171
1 0.759439 0.558707 0.021129 0.072604
1 0.743679 0.640386 0.021476 0.077141
1 0.730516 0.638684 0.023554 0.071469
1 0.714236 0.636132 0.024247 0.067499
1 0.693800 0.625355 0.020783 0.068633
1 0.678905 0.637266 0.022168 0.078843
1 0.668168 0.627907 0.022168 0.069200
1 0.737790 0.558423 0.022168 0.057289
1 0.719605 0.545661 0.025979 0.072604
1 0.701593 0.547362 0.023207 0.068066
1 0.687565 0.545377 0.022861 0.073171
1 0.668860 0.544810 0.022168 0.073171
0 0.650156 0.629325 0.017319 0.064095
1 0.653446 0.540556 0.023207 0.072604
1 0.637513 0.537436 0.024593 0.068633
1 0.621926 0.547930 0.023207 0.072604
1 0.634569 0.623936 0.018705 0.056721
1 0.615345 0.624787 0.019051 0.055020
1 0.582785 0.623086 0.016973 0.059558
1 0.593176 0.538287 0.026671 0.072604
1 0.569449 0.544526 0.021476 0.073738
1 0.567198 0.624220 0.016973 0.078843
1 0.553169 0.615712 0.017319 0.068633
1 0.552477 0.534600 0.015933 0.072036
1 0.534292 0.533182 0.022515 0.063528
0 0.521302 0.613443 0.013855 0.064095
1 0.519917 0.533182 0.022168 0.055587
1 0.502078 0.580545 0.017665 0.057289
0 0.501732 0.525525 0.016973 0.069767
1 0.487877 0.591038 0.014894 0.057856
1 0.471597 0.583948 0.016973 0.072036
1 0.436093 0.572320 0.018705 0.079410
1 0.440423 0.515315 0.031521 0.062961
1 0.399377 0.526092 0.022168 0.072036
1 0.481469 0.505389 0.030481 0.071469
1 0.984067 0.339195 0.011777 0.061259
1 0.969519 0.341180 0.023554 0.069767
1 0.953239 0.354793 0.028403 0.083381
1 0.935920 0.341463 0.030481 0.073738
1 0.915310 0.328701 0.025286 0.072036
1 0.894354 0.345434 0.015933 0.032898
1 0.877381 0.326999 0.020783 0.075440
1 0.847593 0.328417 0.020783 0.066931
1 0.819189 0.325014 0.020090 0.066931
1 0.808105 0.318775 0.021476 0.072604
1 0.786457 0.389677 0.021129 0.074872
1 0.778663 0.318775 0.020783 0.079410
0 0.759785 0.319909 0.019051 0.066931
1 0.746450 0.393080 0.023554 0.060125
1 0.730343 0.373511 0.021129 0.057289
0 0.716834 0.374929 0.014202 0.066931
1 0.703152 0.372660 0.024247 0.078276
1 0.688258 0.372377 0.017319 0.078843
1 0.674402 0.357913 0.020090 0.061259
0 0.662626 0.351390 0.018012 0.064095
0 0.651888 0.350255 0.013162 0.065230
0 0.642189 0.349404 0.011777 0.061259
0 0.631798 0.349404 0.011084 0.063528
0 0.622272 0.346001 0.009352 0.064663
0 0.612227 0.343449 0.012123 0.065230
0 0.602355 0.361032 0.011084 0.061826
1 0.590405 0.347703 0.019051 0.057856
1 0.580187 0.349688 0.014548 0.061826
1 0.565812 0.343449 0.019744 0.072036
1 0.549706 0.349972 0.019397 0.069200
1 0.534292 0.348837 0.017665 0.076007
1 0.514202 0.340329 0.020436 0.078276
1 0.496363 0.346001 0.019397 0.064663
1 0.480603 0.411798 0.021822 0.076007
1 0.465362 0.322745 0.018358 0.061259
1 0.714583 0.243902 0.020090 0.073738
1 0.696917 0.262337 0.019397 0.062961
1 0.707135 0.163925 0.021822 0.073738
1 0.664011 0.260352 0.027018 0.074872
1 0.650156 0.276801 0.020090 0.060125
1 0.638206 0.264889 0.018358 0.061259
1 0.624870 0.265457 0.029789 0.078276
1 0.600104 0.262621 0.027364 0.064663
1 0.584517 0.258934 0.020436 0.061826
0 0.570662 0.262337 0.017665 0.065230
1 0.555248 0.248724 0.024939 0.075440
0 0.536890 0.248157 0.025632 0.065230
1 0.516973 0.251276 0.021822 0.072604
1 0.498614 0.241917 0.021822 0.055020
1 0.679079 0.141804 0.019051 0.064663
1 0.664704 0.140669 0.020783 0.069200
1 0.646346 0.133296 0.020090 0.065797
1 0.631798 0.135564 0.025632 0.071469
0 0.608071 0.135281 0.018358 0.075440
1 0.585383 0.136982 0.021476 0.070902
1 0.569622 0.135564 0.022515 0.077141
1 0.548320 0.126773 0.024939 0.069767
1 0.528057 0.135848 0.023207 0.070902
1 0.497922 0.120250 0.037063 0.064663
1 0.684794 0.084515 0.013855 0.013613
0 0.667129 0.084515 0.015933 0.017016
1 0.655178 0.083664 0.011431 0.019853
0 0.638725 0.079694 0.015241 0.015315
1 0.626082 0.074589 0.006581 0.008508
1 0.617943 0.079410 0.010391 0.019285
1 0.607205 0.074022 0.012470 0.011912
1 0.583997 0.072604 0.010391 0.014748
1 0.568756 0.075440 0.013855 0.023823
1 0.550398 0.070618 0.012470 0.017584
1 0.534638 0.071469 0.012123 0.023823
1 0.521822 0.069200 0.016280 0.022689
1 0.504676 0.067499 0.013162 0.022689
1 0.486145 0.249007 0.031521 0.077141
1 0.468999 0.255247 0.035331 0.062394
0 0.425182 0.140669 0.019051 0.081679
1 0.455490 0.081679 0.020090 0.062394
1 0.472463 0.110891 0.031867 0.076574
1 0.275026 0.056154 0.047108 0.032898
1 0.229650 0.048497 0.040873 0.035735
1 0.170766 0.040272 0.047108 0.031764
1 0.109976 0.032048 0.052303 0.035735
0 0.028403 0.771980 0.023554 0.076007
