0 0.017188 0.092130 0.031771 0.023148
1 0.024089 0.137269 0.046094 0.064352
1 0.109115 0.032407 0.049479 0.045370
1 0.079036 0.147917 0.032031 0.067130
1 0.063411 0.214120 0.025260 0.079167
1 0.078255 0.208333 0.028385 0.069444
1 0.100781 0.211343 0.023438 0.075463
0 0.118490 0.219907 0.024479 0.070370
1 0.139063 0.218981 0.021875 0.083333
1 0.155339 0.200694 0.039323 0.078241
0 0.180339 0.203704 0.021094 0.071296
0 0.230859 0.200694 0.026823 0.070833
1 0.246484 0.203935 0.026302 0.075463
1 0.095964 0.129630 0.024219 0.067593
1 0.111719 0.128935 0.017188 0.074537
0 0.129557 0.133333 0.033594 0.066667
1 0.148438 0.124769 0.022396 0.078241
1 0.166536 0.116667 0.026302 0.070370
0 0.184766 0.123380 0.014323 0.063426
1 0.198958 0.115972 0.018750 0.084722
1 0.219661 0.110417 0.024219 0.085648
1 0.240885 0.099306 0.025000 0.084722
1 0.220964 0.009954 0.045573 0.018981
1 0.271354 0.006019 0.033854 0.011111
1 0.257161 0.092361 0.025781 0.098611
1 0.277865 0.094444 0.025000 0.080556
1 0.292057 0.093519 0.017969 0.068519
0 0.307812 0.095370 0.018229 0.079630
1 0.322266 0.081019 0.020052 0.094444
0 0.256510 0.150231 0.043750 0.047685
1 0.260286 0.205093 0.026302 0.068519
1 0.280859 0.206019 0.027344 0.085185
1 0.295312 0.186343 0.026042 0.078241
0 0.314583 0.191667 0.023438 0.078704
1 0.331510 0.197917 0.024479 0.080093
1 0.358464 0.212731 0.026302 0.071759
1 0.374089 0.209028 0.026302 0.072685
1 0.392839 0.192130 0.025781 0.081481
1 0.416536 0.196759 0.019531 0.071296
1 0.434115 0.203009 0.021354 0.080093
1 0.449740 0.203704 0.025000 0.077778
1 0.470833 0.198843 0.020313 0.078241
1 0.489714 0.195370 0.016927 0.077778
1 0.510286 0.194907 0.019531 0.072222
1 0.527214 0.199769 0.019531 0.078241
0 0.548307 0.193981 0.018490 0.076852
0 0.580339 0.168519 0.017448 0.077778
1 0.475911 0.008333 0.011719 0.016667
1 0.500911 0.003241 0.008594 0.005556
1 0.415885 0.098380 0.019271 0.086574
1 0.444141 0.101620 0.019010 0.075463
1 0.482682 0.114583 0.015365 0.068056
1 0.499740 0.103241 0.018229 0.090741
1 0.515885 0.093519 0.019271 0.094444
1 0.534115 0.088889 0.015104 0.087037
1 0.544531 0.106019 0.014063 0.095370
0 0.555729 0.086806 0.017188 0.053241
1 0.584115 0.249769 0.028125 0.072685
1 0.607812 0.273380 0.019271 0.078241
1 0.688932 0.316204 0.038281 0.061111
1 0.732682 0.309028 0.052344 0.043056
1 0.743490 0.400694 0.045312 0.041204
1 0.793490 0.408796 0.043750 0.034259
1 0.779557 0.314120 0.041927 0.032870
1 0.827214 0.318056 0.054427 0.034259
1 0.886458 0.310417 0.053125 0.032870
1 0.885156 0.394907 0.049479 0.043519
1 0.020964 0.577546 0.039844 0.047685
1 0.041406 0.581019 0.045312 0.056481
1 0.047135 0.547454 0.050521 0.056019
1 0.052734 0.384028 0.035156 0.077315
1 0.064714 0.401620 0.026823 0.069907
1 0.083333 0.395833 0.027604 0.090741
1 0.103516 0.378472 0.037760 0.074537
1 0.116667 0.409259 0.025000 0.087037
1 0.140104 0.399306 0.025000 0.091204
1 0.084635 0.490046 0.030729 0.084722
1 0.107161 0.506019 0.028906 0.083333
1 0.133984 0.495833 0.029948 0.073148
1 0.146615 0.556019 0.055729 0.032407
1 0.167187 0.374769 0.023958 0.081944
1 0.181641 0.384491 0.020573 0.084722
1 0.198437 0.379167 0.017708 0.087963
1 0.160286 0.474769 0.028385 0.083796
1 0.221615 0.380093 0.022396 0.068519
1 0.214062 0.470370 0.020833 0.082407
1 0.229687 0.468981 0.021875 0.081481
1 0.242188 0.375231 0.021875 0.086574
1 0.255859 0.375231 0.024219 0.080093
1 0.272917 0.376157 0.025000 0.075463
1 0.294661 0.385417 0.021094 0.077315
1 0.309505 0.369676 0.022656 0.088426
1 0.320964 0.379167 0.022656 0.077778
1 0.252214 0.466435 0.022656 0.064352
1 0.271615 0.478241 0.026562 0.081481
1 0.290234 0.474306 0.023698 0.076389
1 0.304818 0.474306 0.023698 0.081944
1 0.324089 0.472454 0.022656 0.081944
0 0.339583 0.374769 0.017708 0.071759
1 0.340234 0.475231 0.023698 0.081944
1 0.357031 0.476389 0.025000 0.076852
1 0.372786 0.462731 0.023698 0.081944
1 0.355990 0.378935 0.019271 0.063426
1 0.375911 0.375463 0.019531 0.062037
1 0.409635 0.372917 0.017188 0.067130
1 0.402865 0.469444 0.027604 0.081481
1 0.427083 0.459491 0.021875 0.082870
1 0.425781 0.369676 0.017188 0.088426
1 0.440885 0.377083 0.017708 0.077315
1 0.445182 0.468519 0.016406 0.080556
1 0.464062 0.467593 0.022917 0.071296
0 0.473958 0.375231 0.014063 0.071759
1 0.479036 0.465741 0.022656 0.062037
1 0.495182 0.409954 0.017969 0.064352
0 0.498307 0.471991 0.017448 0.078241
1 0.509635 0.396296 0.015104 0.064815
1 0.526693 0.402083 0.017448 0.081019
1 0.564063 0.410417 0.019271 0.089352
1 0.562109 0.474769 0.032552 0.070833
1 0.604167 0.457407 0.022917 0.080556
1 0.520182 0.491667 0.031510 0.080556
1 0.007161 0.746296 0.011719 0.068519
1 0.022135 0.742130 0.023958 0.078704
1 0.038411 0.724769 0.028906 0.093981
1 0.057031 0.737269 0.031250 0.082870
1 0.078906 0.748843 0.026042 0.081019
1 0.099740 0.727083 0.016146 0.036574
1 0.118229 0.745602 0.021354 0.084722
1 0.149089 0.739815 0.021094 0.075000
1 0.178516 0.740046 0.020573 0.075463
1 0.190365 0.745370 0.021875 0.081481
1 0.209505 0.662731 0.021615 0.083796
1 0.220964 0.741435 0.021094 0.089352
0 0.240365 0.737731 0.019271 0.075463
1 0.250911 0.653704 0.024219 0.067593
1 0.268359 0.673380 0.021615 0.064352
0 0.282292 0.669907 0.014583 0.075000
1 0.296615 0.670833 0.025000 0.087963
1 0.312109 0.669213 0.017448 0.088426
1 0.327083 0.683796 0.020313 0.068519
0 0.339583 0.689352 0.018229 0.072222
0 0.350781 0.688889 0.013542 0.073148
0 0.360938 0.688657 0.011979 0.068981
0 0.371615 0.687269 0.011458 0.070833
0 0.381510 0.689815 0.009375 0.072222
0 0.392188 0.691667 0.011979 0.073148
0 0.401432 0.670370 0.011198 0.069444
1 0.414583 0.683796 0.019271 0.064815
1 0.425130 0.680093 0.014844 0.069444
1 0.440365 0.684954 0.020313 0.081019
1 0.456641 0.675694 0.020052 0.077315
1 0.472656 0.674769 0.018229 0.085648
1 0.494010 0.681713 0.020833 0.087500
1 0.512109 0.672917 0.020052 0.072685
1 0.525391 0.596759 0.022656 0.085185
1 0.545312 0.694907 0.018750 0.068519
1 0.290755 0.817130 0.020573 0.082407
1 0.308333 0.793981 0.019792 0.070370
1 0.302214 0.906019 0.022656 0.082407
1 0.342318 0.791667 0.027865 0.084259
1 0.355990 0.771528 0.020313 0.067130
1 0.369010 0.783333 0.018750 0.068519
1 0.382682 0.780556 0.030990 0.087963
1 0.408333 0.780556 0.028125 0.072222
1 0.424740 0.782870 0.020833 0.069444
0 0.439063 0.777083 0.018229 0.072685
1 0.455729 0.790046 0.025521 0.084722
0 0.474609 0.788426 0.026302 0.073148
1 0.495182 0.781944 0.022135 0.081481
1 0.514583 0.790278 0.022396 0.062037
1 0.332292 0.927083 0.019271 0.072685
1 0.347135 0.926389 0.021354 0.077778
1 0.366536 0.932176 0.020573 0.073611
1 0.381641 0.927778 0.026302 0.080556
0 0.405990 0.925231 0.018750 0.084722
1 0.429557 0.919907 0.022135 0.079630
1 0.445964 0.919444 0.023177 0.087037
1 0.468490 0.926157 0.025521 0.078241
1 0.488932 0.913657 0.023698 0.079167
1 0.520964 0.926852 0.038281 0.072222
1 0.329167 0.992593 0.014063 0.014815
0 0.347266 0.990046 0.016406 0.018981
1 0.359766 0.989352 0.011719 0.021296
0 0.377083 0.991667 0.015625 0.016667
1 0.390234 0.995602 0.006510 0.008796
1 0.398438 0.989120 0.010417 0.020833
1 0.409766 0.993519 0.012760 0.012963
1 0.433984 0.992130 0.010677 0.015741
1 0.449609 0.986806 0.013802 0.026389
1 0.468880 0.990046 0.012760 0.018981
1 0.485156 0.986806 0.012500 0.026389
1 0.498568 0.987500 0.016406 0.025000
1 0.516406 0.987269 0.013021 0.025463
1 0.527214 0.780556 0.032552 0.087037
1 0.544661 0.771296 0.036719 0.069444
0 0.595313 0.894444 0.019271 0.091667
1 0.566667 0.964583 0.020833 0.069907
1 0.547786 0.934259 0.033073 0.086111
1 0.754818 0.969213 0.048698 0.036574
1 0.802214 0.971528 0.042448 0.039352
1 0.863411 0.972917 0.048698 0.035648
1 0.927083 0.973843 0.054167 0.039352
0 0.977083 0.130556 0.023958 0.085185
