0 0.981510 0.907870 0.031771 0.023148
1 0.974609 0.862731 0.046094 0.064352
1 0.889583 0.967593 0.049479 0.045370
1 0.919661 0.852083 0.032031 0.067130
1 0.935286 0.785880 0.025260 0.079167
1 0.920443 0.791667 0.028385 0.069444
1 0.897917 0.788657 0.023438 0.075463
0 0.880208 0.780093 0.024479 0.070370
1 0.859635 0.781019 0.021875 0.083333
1 0.843359 0.799306 0.039323 0.078241
0 0.818359 0.796296 0.021094 0.071296
0 0.767839 0.799306 0.026823 0.070833
1 0.752214 0.796065 0.026302 0.075463
1 0.902734 0.870370 0.024219 0.067593
1 0.886979 0.871065 0.017188 0.074537
0 0.869141 0.866667 0.033594 0.066667
1 0.850260 0.875231 0.022396 0.078241
1 0.832161 0.883333 0.026302 0.070370
0 0.813932 0.876620 0.014323 0.063426
1 0.799740 0.884028 0.018750 0.084722
1 0.779036 0.889583 0.024219 0.085648
1 0.757812 0.900694 0.025000 0.084722
1 0.777734 0.990046 0.045573 0.018981
1 0.727344 0.993981 0.033854 0.011111
1 0.741536 0.907639 0.025781 0.098611
1 0.720833 0.905556 0.025000 0.080556
1 0.706641 0.906481 0.017969 0.068519
0 0.690885 0.904630 0.018229 0.079630
1 0.676432 0.918981 0.020052 0.094444
0 0.742188 0.849769 0.043750 0.047685
1 0.738411 0.794907 0.026302 0.068519
1 0.717839 0.793981 0.027344 0.085185
1 0.703385 0.813657 0.026042 0.078241
0 0.684115 0.808333 0.023438 0.078704
1 0.667188 0.802083 0.024479 0.080093
1 0.640234 0.787269 0.026302 0.071759
1 0.624609 0.790972 0.026302 0.072685
1 0.605859 0.807870 0.025781 0.081481
1 0.582161 0.803241 0.019531 0.071296
1 0.564583 0.796991 0.021354 0.080093
1 0.548958 0.796296 0.025000 0.077778
1 0.527865 0.801157 0.020313 0.078241
1 0.508984 0.804630 0.016927 0.077778
1 0.488411 0.805093 0.019531 0.072222
1 0.471484 0.800231 0.019531 0.078241
0 0.450391 0.806019 0.018490 0.076852
0 0.418359 0.831481 0.017448 0.077778
1 0.522786 0.991667 0.011719 0.016667
1 0.497786 0.996759 0.008594 0.005556
1 0.582812 0.901620 0.019271 0.086574
1 0.554557 0.898380 0.019010 0.075463
1 0.516016 0.885417 0.015365 0.068056
1 0.498958 0.896759 0.018229 0.090741
1 0.482812 0.906481 0.019271 0.094444
1 0.464583 0.911111 0.015104 0.087037
1 0.454167 0.893981 0.014063 0.095370
0 0.442969 0.913194 0.017188 0.053241
1 0.414583 0.750231 0.028125 0.072685
1 0.390885 0.726620 0.019271 0.078241
1 0.309766 0.683796 0.038281 0.061111
1 0.266016 0.690972 0.052344 0.043056
1 0.255208 0.599306 0.045312 0.041204
1 0.205208 0.591204 0.043750 0.034259
1 0.219141 0.685880 0.041927 0.032870
1 0.171484 0.681944 0.054427 0.034259
1 0.112240 0.689583 0.053125 0.032870
1 0.113542 0.605093 0.049479 0.043519
1 0.977734 0.422454 0.039844 0.047685
1 0.957292 0.418981 0.045312 0.056481
1 0.951562 0.452546 0.050521 0.056019
1 0.945964 0.615972 0.035156 0.077315
1 0.933984 0.598380 0.026823 0.069907
1 0.915365 0.604167 0.027604 0.090741
1 0.895182 0.621528 0.037760 0.074537
1 0.882031 0.590741 0.025000 0.087037
1 0.858594 0.600694 0.025000 0.091204
1 0.914062 0.509954 0.030729 0.084722
1 0.891536 0.493981 0.028906 0.083333
1 0.864714 0.504167 0.029948 0.073148
1 0.852083 0.443981 0.055729 0.032407
1 0.831510 0.625231 0.023958 0.081944
1 0.817057 0.615509 0.020573 0.084722
1 0.800260 0.620833 0.017708 0.087963
1 0.838411 0.525231 0.028385 0.083796
1 0.777083 0.619907 0.022396 0.068519
1 0.784635 0.529630 0.020833 0.082407
1 0.769010 0.531019 0.021875 0.081481
1 0.756510 0.624769 0.021875 0.086574
1 0.742839 0.624769 0.024219 0.080093
1 0.725781 0.623843 0.025000 0.075463
1 0.704036 0.614583 0.021094 0.077315
1 0.689193 0.630324 0.022656 0.088426
1 0.677734 0.620833 0.022656 0.077778
1 0.746484 0.533565 0.022656 0.064352
1 0.727083 0.521759 0.026562 0.081481
1 0.708464 0.525694 0.023698 0.076389
1 0.693880 0.525694 0.023698 0.081944
1 0.674609 0.527546 0.022656 0.081944
0 0.659115 0.625231 0.017708 0.071759
1 0.658464 0.524769 0.023698 0.081944
1 0.641667 0.523611 0.025000 0.076852
1 0.625911 0.537269 0.023698 0.081944
1 0.642708 0.621065 0.019271 0.063426
1 0.622786 0.624537 0.019531 0.062037
1 0.589063 0.627083 0.017188 0.067130
1 0.595833 0.530556 0.027604 0.081481
1 0.571615 0.540509 0.021875 0.082870
1 0.572917 0.630324 0.017188 0.088426
1 0.557813 0.622917 0.017708 0.077315
1 0.553516 0.531481 0.016406 0.080556
1 0.534635 0.532407 0.022917 0.071296
0 0.524740 0.624769 0.014063 0.071759
1 0.519661 0.534259 0.022656 0.062037
1 0.503516 0.590046 0.017969 0.064352
0 0.500391 0.528009 0.017448 0.078241
1 0.489063 0.603704 0.015104 0.064815
1 0.472005 0.597917 0.017448 0.081019
1 0.434635 0.589583 0.019271 0.089352
1 0.436589 0.525231 0.032552 0.070833
1 0.394531 0.542593 0.022917 0.080556
1 0.478516 0.508333 0.031510 0.080556
1 0.991536 0.253704 0.011719 0.068519
1 0.976562 0.257870 0.023958 0.078704
1 0.960286 0.275231 0.028906 0.093981
1 0.941667 0.262731 0.031250 0.082870
1 0.919792 0.251157 0.026042 0.081019
1 0.898958 0.272917 0.016146 0.036574
1 0.880469 0.254398 0.021354 0.084722
1 0.849609 0.260185 0.021094 0.075000
1 0.820182 0.259954 0.020573 0.075463
1 0.808333 0.254630 0.021875 0.081481
1 0.789193 0.337269 0.021615 0.083796
1 0.777734 0.258565 0.021094 0.089352
0 0.758333 0.262269 0.019271 0.075463
1 0.747786 0.346296 0.024219 0.067593
1 0.730339 0.326620 0.021615 0.064352
0 0.716406 0.330093 0.014583 0.075000
1 0.702083 0.329167 0.025000 0.087963
1 0.686589 0.330787 0.017448 0.088426
1 0.671615 0.316204 0.020313 0.068519
0 0.659115 0.310648 0.018229 0.072222
0 0.647917 0.311111 0.013542 0.073148
0 0.637760 0.311343 0.011979 0.068981
0 0.627083 0.312731 0.011458 0.070833
0 0.617188 0.310185 0.009375 0.072222
0 0.606510 0.308333 0.011979 0.073148
0 0.597266 0.329630 0.011198 0.069444
1 0.584115 0.316204 0.019271 0.064815
1 0.573568 0.319907 0.014844 0.069444
1 0.558333 0.315046 0.020313 0.081019
1 0.542057 0.324306 0.020052 0.077315
1 0.526042 0.325231 0.018229 0.085648
1 0.504687 0.318287 0.020833 0.087500
1 0.486589 0.327083 0.020052 0.072685
1 0.473307 0.403241 0.022656 0.085185
1 0.453385 0.305093 0.018750 0.068519
1 0.707943 0.182870 0.020573 0.082407
1 0.690365 0.206019 0.019792 0.070370
1 0.696484 0.093981 0.022656 0.082407
1 0.656380 0.208333 0.027865 0.084259
1 0.642708 0.228472 0.020313 0.067130
1 0.629687 0.216667 0.018750 0.068519
1 0.616016 0.219444 0.030990 0.087963
1 0.590365 0.219444 0.028125 0.072222
1 0.573958 0.217130 0.020833 0.069444
0 0.559635 0.222917 0.018229 0.072685
1 0.542969 0.209954 0.025521 0.084722
0 0.524089 0.211574 0.026302 0.073148
1 0.503516 0.218056 0.022135 0.081481
1 0.484115 0.209722 0.022396 0.062037
1 0.666406 0.072917 0.019271 0.072685
1 0.651563 0.073611 0.021354 0.077778
1 0.632161 0.067824 0.020573 0.073611
1 0.617057 0.072222 0.026302 0.080556
0 0.592708 0.074769 0.018750 0.084722
1 0.569141 0.080093 0.022135 0.079630
1 0.552734 0.080556 0.023177 0.087037
1 0.530208 0.073843 0.025521 0.078241
1 0.509766 0.086343 0.023698 0.079167
1 0.477734 0.073148 0.038281 0.072222
1 0.669531 0.007407 0.014063 0.014815
0 0.651432 0.009954 0.016406 0.018981
1 0.638932 0.010648 0.011719 0.021296
0 0.621615 0.008333 0.015625 0.016667
1 0.608464 0.004398 0.006510 0.008796
1 0.600260 0.010880 0.010417 0.020833
1 0.588932 0.006481 0.012760 0.012963
1 0.564714 0.007870 0.010677 0.015741
1 0.549089 0.013194 0.013802 0.026389
1 0.529818 0.009954 0.012760 0.018981
1 0.513542 0.013194 0.012500 0.026389
1 0.500130 0.012500 0.016406 0.025000
1 0.482292 0.012731 0.013021 0.025463
1 0.471484 0.219444 0.032552 0.087037
1 0.454036 0.228704 0.036719 0.069444
0 0.403385 0.105556 0.019271 0.091667
1 0.432031 0.035417 0.020833 0.069907
1 0.450911 0.065741 0.033073 0.086111
1 0.243880 0.030787 0.048698 0.036574
1 0.196484 0.028472 0.042448 0.039352
1 0.135286 0.027083 0.048698 0.035648
1 0.071615 0.026157 0.054167 0.039352
0 0.021615 0.869444 0.023958 0.085185
