0 0.016406 0.091667 0.031771 0.023148
1 0.023307 0.136806 0.046094 0.064352
1 0.108333 0.031944 0.049479 0.045370
1 0.078255 0.147454 0.032031 0.067130
1 0.062630 0.213657 0.025260 0.079167
1 0.077474 0.207870 0.028385 0.069444
1 0.100000 0.210880 0.023438 0.075463
0 0.117708 0.219444 0.024479 0.070370
1 0.138281 0.218519 0.021875 0.083333
1 0.154557 0.200231 0.039323 0.078241
0 0.179557 0.203241 0.021094 0.071296
0 0.230078 0.200231 0.026823 0.070833
1 0.245703 0.203472 0.026302 0.075463
1 0.095182 0.129167 0.024219 0.067593
1 0.110937 0.128472 0.017188 0.074537
0 0.128776 0.132870 0.033594 0.066667
1 0.147656 0.124306 0.022396 0.078241
1 0.165755 0.116204 0.026302 0.070370
0 0.183984 0.122917 0.014323 0.063426
1 0.198177 0.115509 0.018750 0.084722
1 0.218880 0.109954 0.024219 0.085648
1 0.240104 0.098843 0.025000 0.084722
1 0.220182 0.009491 0.045573 0.018981
1 0.270573 0.005556 0.033854 0.011111
1 0.256380 0.091898 0.025781 0.098611
1 0.277083 0.093981 0.025000 0.080556
1 0.291276 0.093056 0.017969 0.068519
0 0.307031 0.094907 0.018229 0.079630
1 0.321484 0.080556 0.020052 0.094444
0 0.255729 0.149769 0.043750 0.047685
1 0.259505 0.204630 0.026302 0.068519
1 0.280078 0.205556 0.027344 0.085185
1 0.294531 0.185880 0.026042 0.078241
0 0.313802 0.191204 0.023438 0.078704
1 0.330729 0.197454 0.024479 0.080093
1 0.357682 0.212269 0.026302 0.071759
1 0.373307 0.208565 0.026302 0.072685
1 0.392057 0.191667 0.025781 0.081481
1 0.415755 0.196296 0.019531 0.071296
1 0.433333 0.202546 0.021354 0.080093
1 0.448958 0.203241 0.025000 0.077778
1 0.470052 0.198380 0.020313 0.078241
1 0.488932 0.194907 0.016927 0.077778
1 0.509505 0.194444 0.019531 0.072222
1 0.526432 0.199306 0.019531 0.078241
0 0.547526 0.193519 0.018490 0.076852
0 0.579557 0.168056 0.017448 0.077778
1 0.475130 0.008102 0.011719 0.016204
1 0.500130 0.002778 0.008594 0.005556
1 0.415104 0.097917 0.019271 0.086574
1 0.443359 0.101157 0.019010 0.075463
1 0.481901 0.114120 0.015365 0.068056
1 0.498958 0.102778 0.018229 0.090741
1 0.515104 0.093056 0.019271 0.094444
1 0.533333 0.088426 0.015104 0.087037
1 0.543750 0.105556 0.014063 0.095370
0 0.554948 0.086343 0.017188 0.053241
1 0.583333 0.249306 0.028125 0.072685
1 0.607031 0.272917 0.019271 0.078241
1 0.688151 0.315741 0.038281 0.061111
1 0.731901 0.308565 0.052344 0.043056
1 0.742708 0.400231 0.045312 0.041204
1 0.792708 0.408333 0.043750 0.034259
1 0.778776 0.313657 0.041927 0.032870
1 0.826432 0.317593 0.054427 0.034259
1 0.885677 0.309954 0.053125 0.032870
1 0.884375 0.394444 0.049479 0.043519
1 0.020182 0.577083 0.039844 0.047685
1 0.040625 0.580556 0.045312 0.056481
1 0.046354 0.546991 0.050521 0.056019
1 0.051953 0.383565 0.035156 0.077315
1 0.063932 0.401157 0.026823 0.069907
1 0.082552 0.395370 0.027604 0.090741
1 0.102734 0.378009 0.037760 0.074537
1 0.115885 0.408796 0.025000 0.087037
1 0.139323 0.398843 0.025000 0.091204
1 0.083854 0.489583 0.030729 0.084722
1 0.106380 0.505556 0.028906 0.083333
1 0.133203 0.495370 0.029948 0.073148
1 0.145833 0.555556 0.055729 0.032407
1 0.166406 0.374306 0.023958 0.081944
1 0.180859 0.384028 0.020573 0.084722
1 0.197656 0.378704 0.017708 0.087963
1 0.159505 0.474306 0.028385 0.083796
1 0.220833 0.379630 0.022396 0.068519
1 0.213281 0.469907 0.020833 0.082407
1 0.228906 0.468519 0.021875 0.081481
1 0.241406 0.374769 0.021875 0.086574
1 0.255078 0.374769 0.024219 0.080093
1 0.272135 0.375694 0.025000 0.075463
1 0.293880 0.384954 0.021094 0.077315
1 0.308724 0.369213 0.022656 0.088426
1 0.320182 0.378704 0.022656 0.077778
1 0.251432 0.465972 0.022656 0.064352
1 0.270833 0.477778 0.026562 0.081481
1 0.289453 0.473843 0.023698 0.076389
1 0.304036 0.473843 0.023698 0.081944
1 0.323307 0.471991 0.022656 0.081944
0 0.338802 0.374306 0.017708 0.071759
1 0.339453 0.474769 0.023698 0.081944
1 0.356250 0.475926 0.025000 0.076852
1 0.372005 0.462269 0.023698 0.081944
1 0.355208 0.378472 0.019271 0.063426
1 0.375130 0.375000 0.019531 0.062037
1 0.408854 0.372454 0.017188 0.067130
1 0.402083 0.468981 0.027604 0.081481
1 0.426302 0.459028 0.021875 0.082870
1 0.425000 0.369213 0.017188 0.088426
1 0.440104 0.376620 0.017708 0.077315
1 0.444401 0.468056 0.016406 0.080556
1 0.463281 0.467130 0.022917 0.071296
0 0.473177 0.374769 0.014063 0.071759
1 0.478255 0.465278 0.022656 0.062037
1 0.494401 0.409491 0.017969 0.064352
0 0.497526 0.471528 0.017448 0.078241
1 0.508854 0.395833 0.015104 0.064815
1 0.525911 0.401620 0.017448 0.081019
1 0.563281 0.409954 0.019271 0.089352
1 0.561328 0.474306 0.032552 0.070833
1 0.603385 0.456944 0.022917 0.080556
1 0.519401 0.491204 0.031510 0.080556
1 0.006380 0.745833 0.011719 0.068519
1 0.021354 0.741667 0.023958 0.078704
1 0.037630 0.724306 0.028906 0.093981
1 0.056250 0.736806 0.031250 0.082870
1 0.078125 0.748380 0.026042 0.081019
1 0.098958 0.726620 0.016146 0.036574
1 0.117448 0.745139 0.021354 0.084722
1 0.148307 0.739352 0.021094 0.075000
1 0.177734 0.739583 0.020573 0.075463
1 0.189583 0.744907 0.021875 0.081481
1 0.208724 0.662269 0.021615 0.083796
1 0.220182 0.740972 0.021094 0.089352
0 0.239583 0.737269 0.019271 0.075463
1 0.250130 0.653241 0.024219 0.067593
1 0.267578 0.672917 0.021615 0.064352
0 0.281510 0.669444 0.014583 0.075000
1 0.295833 0.670370 0.025000 0.087963
1 0.311328 0.668750 0.017448 0.088426
1 0.326302 0.683333 0.020313 0.068519
0 0.338802 0.688889 0.018229 0.072222
0 0.350000 0.688426 0.013542 0.073148
0 0.360156 0.688194 0.011979 0.068981
0 0.370833 0.686806 0.011458 0.070833
0 0.380729 0.689352 0.009375 0.072222
0 0.391406 0.691204 0.011979 0.073148
0 0.400651 0.669907 0.011198 0.069444
1 0.413802 0.683333 0.019271 0.064815
1 0.424349 0.679630 0.014844 0.069444
1 0.439583 0.684491 0.020313 0.081019
1 0.455859 0.675231 0.020052 0.077315
1 0.471875 0.674306 0.018229 0.085648
1 0.493229 0.681250 0.020833 0.087500
1 0.511328 0.672454 0.020052 0.072685
1 0.524609 0.596296 0.022656 0.085185
1 0.544531 0.694444 0.018750 0.068519
1 0.289974 0.816667 0.020573 0.082407
1 0.307552 0.793519 0.019792 0.070370
1 0.301432 0.905556 0.022656 0.082407
1 0.341536 0.791204 0.027865 0.084259
1 0.355208 0.771065 0.020313 0.067130
1 0.368229 0.782870 0.018750 0.068519
1 0.381901 0.780093 0.030990 0.087963
1 0.407552 0.780093 0.028125 0.072222
1 0.423958 0.782407 0.020833 0.069444
0 0.438281 0.776620 0.018229 0.072685
1 0.454948 0.789583 0.025521 0.084722
0 0.473828 0.787963 0.026302 0.073148
1 0.494401 0.781481 0.022135 0.081481
1 0.513802 0.789815 0.022396 0.062037
1 0.331510 0.926620 0.019271 0.072685
1 0.346354 0.925926 0.021354 0.077778
1 0.365755 0.931713 0.020573 0.073611
1 0.380859 0.927315 0.026302 0.080556
0 0.405208 0.924769 0.018750 0.084722
1 0.428776 0.919444 0.022135 0.079630
1 0.445182 0.918981 0.023177 0.087037
1 0.467708 0.925694 0.025521 0.078241
1 0.488151 0.913194 0.023698 0.079167
1 0.520182 0.926389 0.038281 0.072222
1 0.328385 0.992130 0.014063 0.014815
0 0.346484 0.989583 0.016406 0.018981
1 0.358984 0.988889 0.011719 0.021296
0 0.376302 0.991204 0.015625 0.016667
1 0.389453 0.995139 0.006510 0.008796
1 0.397656 0.988657 0.010417 0.020833
1 0.408984 0.993056 0.012760 0.012963
1 0.433203 0.991667 0.010677 0.015741
1 0.448828 0.986343 0.013802 0.026389
1 0.468099 0.989583 0.012760 0.018981
1 0.484375 0.986343 0.012500 0.026389
1 0.497786 0.987037 0.016406 0.025000
1 0.515625 0.986806 0.013021 0.025463
1 0.526432 0.780093 0.032552 0.087037
1 0.543880 0.770833 0.036719 0.069444
0 0.594531 0.893981 0.019271 0.091667
1 0.565885 0.964120 0.020833 0.069907
1 0.547005 0.933796 0.033073 0.086111
1 0.754036 0.968750 0.048698 0.036574
1 0.801432 0.971065 0.042448 0.039352
1 0.862630 0.972454 0.048698 0.035648
1 0.926302 0.973380 0.054167 0.039352
0 0.976302 0.130093 0.023958 0.085185
