0 0.959903 0.913914 0.031240 0.021657
1 0.954589 0.871955 0.045089 0.060097
1 0.868921 0.961559 0.048309 0.042231
1 0.901449 0.857878 0.031562 0.062263
1 0.918357 0.798051 0.024799 0.073633
1 0.903704 0.802112 0.027697 0.064429
1 0.881804 0.797780 0.023188 0.069843
0 0.864895 0.788305 0.024155 0.064970
1 0.844928 0.787493 0.021578 0.077423
1 0.828502 0.802924 0.038325 0.072550
0 0.804348 0.798051 0.020934 0.066053
0 0.754911 0.796968 0.026409 0.066053
1 0.739936 0.792907 0.026087 0.069843
1 0.884380 0.873308 0.023833 0.062805
1 0.869082 0.872496 0.017069 0.068760
0 0.851852 0.867082 0.032850 0.062263
1 0.833172 0.873308 0.021900 0.072550
1 0.815298 0.879534 0.026087 0.065512
0 0.797746 0.871955 0.014171 0.059015
1 0.783897 0.877369 0.018680 0.078506
1 0.763607 0.880888 0.023833 0.079047
1 0.742512 0.889280 0.024799 0.078506
1 0.759581 0.973200 0.044767 0.017867
1 0.710306 0.972929 0.033172 0.010828
1 0.726409 0.894694 0.025443 0.091500
1 0.706441 0.891175 0.024799 0.074716
1 0.692593 0.890633 0.017713 0.063887
0 0.677295 0.887656 0.018035 0.074174
1 0.662802 0.899838 0.019968 0.087710
0 0.728663 0.841364 0.042834 0.044396
1 0.726570 0.790742 0.025765 0.063346
1 0.706602 0.788035 0.027053 0.078506
1 0.691948 0.805089 0.025443 0.072550
0 0.673430 0.798592 0.023188 0.072550
1 0.657166 0.791283 0.024155 0.074174
1 0.631240 0.775582 0.025765 0.066594
1 0.615942 0.777748 0.026087 0.067677
1 0.597262 0.791825 0.025443 0.075257
1 0.574235 0.785598 0.019324 0.066053
1 0.557327 0.778831 0.020934 0.074174
1 0.542190 0.776665 0.024799 0.072009
1 0.521417 0.779643 0.019968 0.072550
1 0.503060 0.780996 0.016747 0.072009
1 0.483092 0.779913 0.019324 0.066594
1 0.466667 0.774228 0.019324 0.072550
0 0.445894 0.777748 0.018357 0.070926
0 0.414171 0.798863 0.017391 0.072009
1 0.511433 0.954250 0.011594 0.015701
1 0.487118 0.956957 0.008696 0.005956
1 0.572303 0.876557 0.019324 0.080130
1 0.544928 0.871142 0.018680 0.070384
1 0.507729 0.856253 0.015137 0.063346
1 0.490821 0.865187 0.018035 0.084461
1 0.474879 0.872767 0.019002 0.087710
1 0.457005 0.875744 0.014815 0.080671
1 0.447343 0.858960 0.014171 0.088251
0 0.435910 0.875744 0.017069 0.049269
1 0.412560 0.723606 0.027697 0.067677
1 0.390177 0.700054 0.019002 0.072550
1 0.312399 0.654304 0.037359 0.056849
1 0.269726 0.657282 0.051208 0.040065
1 0.261514 0.572009 0.044444 0.038441
1 0.213205 0.560639 0.043156 0.031944
1 0.224155 0.648890 0.041224 0.030861
1 0.177939 0.641310 0.053140 0.031944
1 0.120129 0.643476 0.052174 0.030861
1 0.123671 0.566053 0.048309 0.040606
1 0.969243 0.467244 0.038969 0.044396
1 0.949436 0.462101 0.044444 0.052518
1 0.942995 0.492691 0.049597 0.051976
1 0.933172 0.642664 0.034461 0.071467
1 0.922061 0.625338 0.026409 0.064970
1 0.903704 0.629399 0.027053 0.083920
1 0.883575 0.643747 0.037037 0.069302
1 0.871659 0.614239 0.024799 0.080671
1 0.848631 0.621548 0.024477 0.084461
1 0.904992 0.542231 0.030274 0.078506
1 0.883575 0.525988 0.028663 0.077423
1 0.857166 0.533027 0.029308 0.067677
1 0.846538 0.476990 0.054428 0.030319
1 0.821578 0.642122 0.023833 0.075799
1 0.807890 0.631565 0.020290 0.078506
1 0.791304 0.635355 0.017391 0.081754
1 0.831079 0.550352 0.028019 0.077423
1 0.768921 0.632648 0.022222 0.063346
1 0.778583 0.550352 0.020290 0.076340
1 0.763446 0.550352 0.021578 0.075257
1 0.748631 0.635625 0.021578 0.080130
1 0.735266 0.634272 0.023833 0.074174
1 0.718841 0.632106 0.024477 0.069843
1 0.697907 0.622090 0.020612 0.071467
1 0.683092 0.635355 0.022544 0.081754
1 0.672142 0.625609 0.022544 0.072009
1 0.741385 0.550623 0.022544 0.059556
1 0.722866 0.538441 0.026087 0.075257
1 0.704509 0.540606 0.023510 0.070926
1 0.690338 0.539253 0.023510 0.075799
1 0.671659 0.539524 0.022222 0.076340
0 0.653945 0.628316 0.017713 0.066594
1 0.655878 0.535463 0.023510 0.075799
1 0.639614 0.533297 0.024477 0.071467
1 0.623994 0.544667 0.023510 0.075799
1 0.638164 0.622902 0.019002 0.059015
1 0.618680 0.624526 0.019324 0.057932
1 0.585668 0.624256 0.017069 0.062805
1 0.594847 0.536004 0.027053 0.075799
1 0.571176 0.543043 0.021578 0.076881
1 0.569887 0.625880 0.017069 0.082296
1 0.555395 0.617759 0.017713 0.071467
1 0.553623 0.533297 0.016103 0.074716
1 0.535266 0.532756 0.022544 0.066053
0 0.523188 0.616946 0.013849 0.066594
1 0.520612 0.533297 0.022222 0.057390
1 0.503543 0.583378 0.017713 0.060097
0 0.502093 0.526259 0.017391 0.072550
1 0.489050 0.594748 0.015137 0.060097
1 0.472625 0.587981 0.017069 0.074716
1 0.436554 0.577423 0.019002 0.082837
1 0.440097 0.518408 0.031884 0.065512
1 0.398712 0.531132 0.022544 0.074716
1 0.481320 0.506226 0.031240 0.074716
1 0.987279 0.312940 0.011916 0.063887
1 0.972625 0.315376 0.023833 0.073091
1 0.956200 0.330265 0.028341 0.086627
1 0.938486 0.317271 0.030918 0.076881
1 0.917552 0.304819 0.025765 0.074716
1 0.896618 0.322956 0.016103 0.034109
1 0.879227 0.304548 0.021256 0.078506
1 0.849114 0.307526 0.020934 0.069302
1 0.820451 0.305089 0.020290 0.069843
1 0.808857 0.299134 0.021578 0.075257
1 0.788084 0.373579 0.021256 0.077964
1 0.779227 0.300217 0.020934 0.082837
0 0.760225 0.302112 0.019002 0.070384
1 0.747504 0.378452 0.023833 0.062805
1 0.731079 0.358960 0.021256 0.059556
0 0.717391 0.361126 0.014493 0.069302
1 0.703543 0.359231 0.024799 0.081754
1 0.688567 0.359502 0.017391 0.082296
1 0.674396 0.344884 0.019968 0.063887
0 0.662319 0.338657 0.018357 0.066594
0 0.651530 0.338116 0.013527 0.067677
0 0.641546 0.337845 0.012238 0.063887
0 0.631079 0.338116 0.011272 0.065512
0 0.621578 0.334867 0.009662 0.066594
0 0.611111 0.332431 0.011916 0.068219
0 0.601610 0.351110 0.010950 0.064429
1 0.589211 0.337845 0.019002 0.060639
1 0.578744 0.340282 0.014815 0.064429
1 0.564090 0.334867 0.020290 0.075257
1 0.547987 0.341906 0.019646 0.072009
1 0.532367 0.341364 0.018035 0.079589
1 0.511755 0.333514 0.020612 0.081213
1 0.494042 0.340011 0.019968 0.067136
1 0.479066 0.409042 0.022222 0.078506
1 0.462319 0.317271 0.018357 0.063887
1 0.713205 0.224959 0.020290 0.076340
1 0.695491 0.244992 0.019646 0.065512
1 0.704509 0.142122 0.022222 0.076340
1 0.662319 0.244180 0.027375 0.077964
1 0.648631 0.261776 0.019968 0.062263
1 0.636232 0.249865 0.018357 0.063346
1 0.622866 0.251489 0.030274 0.081754
1 0.597746 0.249323 0.027697 0.066594
1 0.581965 0.246075 0.020612 0.064429
0 0.567794 0.250135 0.018035 0.067136
1 0.552013 0.236871 0.025121 0.078506
0 0.533655 0.236871 0.025765 0.067677
1 0.513366 0.241202 0.021900 0.075257
1 0.494847 0.231727 0.022222 0.057390
1 0.675845 0.120466 0.019002 0.067677
1 0.661353 0.119924 0.020934 0.072009
1 0.642673 0.113156 0.020290 0.068219
1 0.627697 0.115864 0.025765 0.074716
0 0.604026 0.116134 0.018357 0.078506
1 0.580998 0.119383 0.021900 0.074174
1 0.565056 0.118300 0.022866 0.080671
1 0.543317 0.110449 0.025121 0.072550
1 0.523027 0.120466 0.023188 0.073091
1 0.492271 0.105577 0.037681 0.067136
1 0.680515 0.060639 0.014171 0.014077
0 0.662963 0.061451 0.016425 0.017867
1 0.650725 0.060910 0.011916 0.020032
0 0.633816 0.057661 0.015459 0.015701
1 0.621256 0.053059 0.006441 0.008663
1 0.613043 0.058202 0.010628 0.020032
1 0.602093 0.053330 0.012560 0.012453
1 0.578583 0.052518 0.010628 0.015160
1 0.563124 0.056308 0.013849 0.024905
1 0.544605 0.051705 0.012882 0.017867
1 0.528663 0.053600 0.012560 0.024905
1 0.515620 0.051705 0.016103 0.023281
1 0.498229 0.050352 0.012882 0.023822
1 0.482287 0.239578 0.031884 0.080671
1 0.465056 0.247158 0.036071 0.064429
0 0.419002 0.129670 0.019324 0.085003
1 0.448631 0.067136 0.020612 0.064970
1 0.466184 0.096643 0.032528 0.079589
1 0.265700 0.047916 0.047665 0.034109
1 0.219807 0.042231 0.041546 0.036816
1 0.160225 0.036004 0.047987 0.033027
1 0.098390 0.030049 0.053140 0.036275
0 0.027214 0.801841 0.023510 0.079047
