0 0.976775 0.813304 0.030966 0.021241
1 0.968529 0.773337 0.044766 0.058692
1 0.889768 0.876188 0.048132 0.041923
1 0.915012 0.768865 0.031303 0.060928
1 0.927970 0.707658 0.024907 0.071548
1 0.913834 0.714366 0.027600 0.063723
1 0.891956 0.713527 0.022888 0.068753
0 0.874621 0.707937 0.023898 0.064282
1 0.854594 0.710453 0.021542 0.076020
1 0.839448 0.728619 0.038371 0.070989
0 0.815214 0.728340 0.020868 0.064841
0 0.766409 0.735886 0.026254 0.064282
1 0.751262 0.734768 0.025581 0.068753
1 0.899192 0.787032 0.023898 0.061487
1 0.884046 0.789268 0.017166 0.068195
0 0.866712 0.787032 0.032986 0.060369
1 0.848704 0.796534 0.021878 0.071548
1 0.831370 0.805757 0.025581 0.064282
0 0.813531 0.801286 0.014137 0.057574
1 0.800236 0.809391 0.018512 0.077138
1 0.780209 0.816378 0.023561 0.077697
1 0.760182 0.828396 0.024571 0.077138
1 0.782228 0.907211 0.044429 0.017887
1 0.733760 0.915875 0.032986 0.010620
1 0.744699 0.836221 0.025244 0.089435
1 0.724504 0.836501 0.024571 0.073225
1 0.710703 0.838737 0.017839 0.062046
0 0.695557 0.838457 0.017839 0.072666
1 0.682094 0.852990 0.019859 0.086082
0 0.743352 0.784237 0.042747 0.043600
1 0.737967 0.734768 0.025917 0.062046
1 0.717940 0.735886 0.026927 0.077697
1 0.704477 0.755170 0.025581 0.071548
0 0.685796 0.752376 0.023225 0.071548
1 0.669303 0.748183 0.023898 0.073225
1 0.642713 0.737563 0.025917 0.065400
1 0.627735 0.742314 0.025581 0.065959
1 0.610064 0.759363 0.025244 0.074343
1 0.587176 0.757406 0.019185 0.064841
1 0.569842 0.753494 0.020868 0.072666
1 0.554695 0.754332 0.024234 0.070989
1 0.534500 0.760760 0.020195 0.071548
1 0.516324 0.765791 0.016829 0.070430
1 0.496298 0.768027 0.019185 0.065959
1 0.479805 0.765511 0.019185 0.070989
0 0.459778 0.772778 0.018176 0.069871
0 0.429653 0.798770 0.017166 0.070430
1 0.535678 0.933482 0.011781 0.015651
1 0.511781 0.940190 0.008415 0.005590
1 0.590878 0.846003 0.019185 0.078815
1 0.563447 0.846003 0.018849 0.068753
1 0.525749 0.838178 0.015483 0.062046
1 0.509593 0.849916 0.018176 0.082169
1 0.494278 0.860257 0.019185 0.086082
1 0.476944 0.866406 0.014810 0.079374
1 0.466173 0.851593 0.014137 0.086641
0 0.456075 0.870039 0.016829 0.048631
1 0.423258 0.725824 0.027264 0.066518
1 0.399529 0.706819 0.018849 0.070989
1 0.319589 0.675797 0.037361 0.055897
1 0.277684 0.686696 0.051161 0.039687
1 0.264053 0.604807 0.044093 0.038010
1 0.215584 0.602292 0.042747 0.031861
1 0.232077 0.686417 0.040727 0.030184
1 0.185964 0.687535 0.052844 0.031302
1 0.128913 0.700112 0.051834 0.030743
1 0.127398 0.623533 0.048132 0.039687
1 0.957085 0.375070 0.038708 0.043600
1 0.937227 0.373952 0.044093 0.051425
1 0.932683 0.404975 0.049142 0.050866
1 0.932683 0.553382 0.034332 0.070430
1 0.920565 0.538290 0.026254 0.063723
1 0.902726 0.545556 0.026927 0.082728
1 0.883877 0.563164 0.037025 0.067636
1 0.870077 0.536613 0.024234 0.079374
1 0.847694 0.547792 0.024571 0.082728
1 0.898519 0.460593 0.029956 0.077138
1 0.876136 0.448295 0.028273 0.076020
1 0.850387 0.460034 0.029283 0.067077
1 0.836250 0.406931 0.054191 0.030184
1 0.822282 0.572666 0.023561 0.074343
1 0.808145 0.565120 0.020195 0.077138
1 0.791989 0.571548 0.017503 0.079933
1 0.825816 0.481554 0.027937 0.076579
1 0.769606 0.572946 0.021878 0.062605
1 0.773982 0.490777 0.020532 0.074902
1 0.758835 0.493292 0.021205 0.074343
1 0.749916 0.579374 0.021542 0.078815
1 0.736621 0.580771 0.023898 0.072666
1 0.720128 0.581610 0.024571 0.068753
1 0.698755 0.575182 0.020868 0.070430
1 0.684955 0.590833 0.022215 0.080492
1 0.673511 0.583287 0.022215 0.070989
1 0.737126 0.497764 0.022215 0.058692
1 0.717940 0.489100 0.026254 0.073784
1 0.700101 0.494410 0.023561 0.069871
1 0.686133 0.495808 0.023225 0.074902
1 0.667452 0.499441 0.022215 0.074343
0 0.655671 0.589435 0.017503 0.065400
1 0.651801 0.498603 0.023225 0.074902
1 0.635308 0.498882 0.024571 0.069871
1 0.620666 0.512856 0.023561 0.074343
1 0.639684 0.586920 0.019185 0.058133
1 0.620498 0.592230 0.019185 0.056456
1 0.588018 0.597541 0.016829 0.061487
1 0.591383 0.509782 0.026927 0.073784
1 0.568159 0.521241 0.021542 0.075461
1 0.572535 0.602012 0.016829 0.080492
1 0.557725 0.596982 0.017503 0.070430
1 0.550320 0.514533 0.016156 0.073225
1 0.532312 0.517328 0.022551 0.065400
0 0.525581 0.601733 0.013800 0.065400
1 0.517671 0.520682 0.022215 0.056456
1 0.504039 0.572666 0.017839 0.058692
0 0.498990 0.516769 0.017166 0.070989
1 0.490407 0.586361 0.014810 0.059251
1 0.473746 0.582448 0.017166 0.073784
1 0.437395 0.578815 0.019185 0.081051
1 0.437227 0.520402 0.031639 0.064841
1 0.397004 0.540246 0.022551 0.073225
1 0.477112 0.501118 0.030629 0.073225
1 0.964995 0.221353 0.011444 0.062605
1 0.950522 0.226663 0.023561 0.072107
1 0.935375 0.243991 0.028273 0.085523
1 0.917031 0.234489 0.030629 0.075461
1 0.895490 0.226104 0.025244 0.073225
1 0.875968 0.247624 0.015820 0.033538
1 0.857624 0.232812 0.020868 0.076579
1 0.828004 0.240917 0.020868 0.068195
1 0.799394 0.243432 0.020195 0.068753
1 0.787950 0.240078 0.021542 0.074343
1 0.771962 0.316378 0.021205 0.076020
1 0.758331 0.246506 0.020868 0.081610
0 0.739818 0.251817 0.018849 0.068753
1 0.732245 0.328675 0.023898 0.061487
1 0.714743 0.312745 0.021205 0.058692
0 0.701279 0.316937 0.014473 0.068195
1 0.687479 0.317775 0.024571 0.079933
1 0.672669 0.320570 0.017166 0.079933
1 0.657523 0.308832 0.019859 0.062046
0 0.645406 0.305198 0.017839 0.065959
0 0.634467 0.306596 0.013463 0.066518
0 0.624705 0.307714 0.012117 0.063164
0 0.614440 0.309950 0.011107 0.064282
0 0.604847 0.308552 0.009424 0.065959
0 0.594413 0.307993 0.012117 0.067077
0 0.586166 0.328116 0.011107 0.063723
1 0.573039 0.317216 0.019185 0.058692
1 0.562942 0.321688 0.014473 0.063164
1 0.548132 0.318614 0.019859 0.073784
1 0.532649 0.328675 0.019859 0.070430
1 0.517166 0.330911 0.017839 0.078256
1 0.496298 0.326719 0.020532 0.079933
1 0.479132 0.336501 0.019859 0.065959
1 0.468697 0.406652 0.022551 0.077697
1 0.446146 0.319732 0.018512 0.062605
1 0.688320 0.185020 0.020195 0.074902
1 0.672164 0.207658 0.019522 0.064282
1 0.674520 0.105646 0.022215 0.074902
1 0.639347 0.212689 0.027264 0.076579
1 0.626893 0.232253 0.019859 0.060928
1 0.613766 0.223030 0.018512 0.062605
1 0.600808 0.226663 0.030293 0.079933
1 0.575900 0.229178 0.027600 0.065959
1 0.559912 0.228899 0.020532 0.063164
0 0.546281 0.235327 0.018176 0.065959
1 0.529788 0.225266 0.024907 0.077138
0 0.511444 0.228340 0.025917 0.066518
1 0.491922 0.236445 0.021878 0.073784
1 0.472736 0.230576 0.021878 0.056456
1 0.644564 0.089435 0.018849 0.065959
1 0.630259 0.091671 0.021205 0.070430
1 0.611242 0.088317 0.020195 0.067077
1 0.596937 0.093628 0.025917 0.073225
0 0.573376 0.098379 0.018512 0.077138
1 0.550825 0.105366 0.021878 0.072107
1 0.535005 0.107323 0.022551 0.079374
1 0.512959 0.103410 0.024907 0.071548
1 0.493605 0.116546 0.023225 0.072107
1 0.462302 0.107881 0.037361 0.065959
1 0.645574 0.029905 0.014137 0.013974
0 0.628071 0.034097 0.016156 0.017887
1 0.616123 0.036054 0.011781 0.019564
0 0.599125 0.035774 0.015483 0.015651
1 0.586335 0.033259 0.006732 0.008385
1 0.578761 0.039966 0.010434 0.019564
1 0.567486 0.036892 0.012790 0.012297
1 0.544261 0.040525 0.010771 0.015092
1 0.529283 0.046954 0.013800 0.024595
1 0.510434 0.045836 0.012454 0.017887
1 0.494951 0.050307 0.012454 0.024595
1 0.481993 0.051146 0.016156 0.022918
1 0.464658 0.053102 0.013127 0.023477
1 0.460956 0.240637 0.031976 0.078815
1 0.444295 0.250699 0.035678 0.063164
0 0.391282 0.144494 0.019185 0.083287
1 0.416863 0.078256 0.020532 0.063723
1 0.435880 0.103969 0.032312 0.078256
1 0.234769 0.092230 0.047459 0.033538
1 0.188657 0.094746 0.041400 0.036333
1 0.129418 0.099497 0.047459 0.032420
1 0.067822 0.104807 0.052844 0.036333
0 0.047122 0.871437 0.023561 0.077138
