1 0.331173 0.047409 0.020937 0.025358
1 0.333998 0.041896 0.020605 0.023153
1 0.337155 0.038589 0.015620 0.015436
1 0.357428 0.047409 0.007644 0.025358
1 0.372217 0.049890 0.007976 0.029217
1 0.380359 0.049890 0.006979 0.029217
1 0.340312 0.037762 0.015287 0.012679
1 0.386673 0.048512 0.006979 0.024256
1 0.393819 0.050717 0.008641 0.028666
1 0.400465 0.050717 0.007976 0.026461
1 0.408441 0.051819 0.010635 0.023153
1 0.414756 0.054024 0.008641 0.024256
1 0.422732 0.053749 0.007311 0.023705
0 0.428215 0.051544 0.007644 0.023705
0 0.431206 0.054300 0.006979 0.024807
0 0.436191 0.052922 0.006979 0.024256
1 0.326354 0.066979 0.019940 0.020397
1 0.356431 0.076902 0.008308 0.034730
1 0.364407 0.074972 0.010302 0.033076
1 0.371386 0.077178 0.007644 0.027563
1 0.378863 0.076075 0.009970 0.028666
1 0.389000 0.079658 0.009638 0.027012
1 0.397142 0.077453 0.008641 0.033627
1 0.407444 0.078280 0.009970 0.029768
0 0.415088 0.080485 0.007976 0.024256
0 0.419408 0.080209 0.005982 0.028115
1 0.425889 0.080761 0.008308 0.027012
1 0.435028 0.080485 0.009305 0.027563
0 0.440013 0.081312 0.007976 0.025910
1 0.444832 0.081588 0.009638 0.033076
1 0.443170 0.053749 0.012296 0.023705
1 0.449817 0.054851 0.014290 0.025910
1 0.459787 0.054576 0.008308 0.023153
1 0.465105 0.056781 0.008308 0.025358
0 0.451479 0.083793 0.006314 0.027563
0 0.456630 0.083241 0.007311 0.026461
1 0.463443 0.084344 0.008308 0.026461
1 0.324360 0.075248 0.015952 0.014884
0 0.471087 0.056781 0.008308 0.025358
0 0.476736 0.055954 0.007644 0.022602
1 0.482719 0.058159 0.011632 0.025910
0 0.491525 0.057332 0.007311 0.022051
1 0.497175 0.059261 0.007976 0.024807
1 0.504320 0.059813 0.008308 0.023705
1 0.511133 0.060364 0.009970 0.023705
1 0.519442 0.062293 0.010635 0.026461
0 0.526587 0.062845 0.006979 0.024256
1 0.532569 0.063120 0.008973 0.025910
1 0.549352 0.059537 0.008641 0.014333
1 0.546029 0.079383 0.009970 0.028666
1 0.558325 0.081312 0.010635 0.031422
1 0.552675 0.116318 0.011964 0.028666
0 0.474410 0.081036 0.007644 0.020948
1 0.481555 0.084068 0.008641 0.024807
1 0.489531 0.081588 0.011299 0.028666
1 0.496178 0.084620 0.009305 0.027012
1 0.505816 0.083793 0.011964 0.028666
1 0.512795 0.084895 0.010635 0.027563
1 0.523264 0.089030 0.012961 0.025910
0 0.531904 0.087927 0.009638 0.028115
0 0.577767 0.072492 0.008308 0.024807
1 0.586075 0.064498 0.006979 0.016538
1 0.570788 0.132304 0.011632 0.031974
1 0.589232 0.125413 0.011299 0.034730
1 0.623131 0.113010 0.025922 0.033076
1 0.645231 0.116593 0.020937 0.031422
1 0.608674 0.130650 0.020273 0.025358
1 0.627949 0.127894 0.020937 0.017641
1 0.653539 0.127343 0.022267 0.019846
1 0.678797 0.131202 0.020937 0.017641
1 0.671319 0.121555 0.017281 0.023705
1 0.309737 0.108324 0.022599 0.023705
1 0.311731 0.117420 0.022599 0.024256
1 0.305085 0.123484 0.024593 0.026461
1 0.305749 0.139195 0.018611 0.020397
1 0.337820 0.117420 0.014955 0.036384
1 0.361582 0.109702 0.012629 0.033076
1 0.386673 0.113010 0.010302 0.029768
1 0.396810 0.114664 0.009970 0.033076
1 0.403622 0.113561 0.009638 0.024256
1 0.413426 0.113010 0.010635 0.036384
1 0.424061 0.116318 0.011299 0.034179
1 0.450648 0.117420 0.009970 0.033076
1 0.459787 0.117696 0.008973 0.036935
1 0.466268 0.119625 0.011299 0.031974
1 0.474576 0.121279 0.008641 0.028666
0 0.481389 0.121830 0.009638 0.029768
0 0.488701 0.120176 0.010967 0.028666
1 0.494849 0.120176 0.009305 0.033076
0 0.511798 0.126516 0.008641 0.031422
1 0.519442 0.127343 0.011964 0.029768
1 0.536391 0.127894 0.011299 0.031974
0 0.527252 0.126792 0.007644 0.034179
1 0.556830 0.161521 0.011632 0.036384
1 0.569126 0.178886 0.010967 0.030320
1 0.364739 0.127343 0.020937 0.026461
1 0.359920 0.132580 0.025258 0.032525
1 0.382851 0.131477 0.019940 0.024807
1 0.403290 0.130099 0.020273 0.025358
1 0.403622 0.138920 0.022931 0.027563
1 0.421901 0.143605 0.023596 0.024807
0 0.427551 0.138368 0.021602 0.022051
1 0.451811 0.141125 0.022267 0.030871
1 0.483217 0.142227 0.022599 0.025358
1 0.477900 0.148567 0.023264 0.027012
1 0.498671 0.151599 0.019608 0.033076
1 0.500166 0.160970 0.017281 0.029768
0 0.512961 0.156560 0.009638 0.030871
1 0.525756 0.158214 0.015952 0.034179
0 0.537056 0.188534 0.010635 0.033076
0 0.304254 0.175854 0.013626 0.022051
1 0.302758 0.198456 0.009305 0.035281
1 0.315886 0.170066 0.010967 0.031422
1 0.314556 0.191841 0.012961 0.037486
1 0.325025 0.176406 0.012629 0.028666
0 0.333167 0.179438 0.008973 0.027012
0 0.329013 0.195976 0.007976 0.032525
1 0.360253 0.150221 0.023928 0.023705
1 0.384015 0.148842 0.022931 0.028666
1 0.342639 0.174476 0.011964 0.038037
1 0.356431 0.173374 0.011632 0.032525
0 0.349784 0.195976 0.014290 0.031422
0 0.356929 0.199835 0.009305 0.031422
1 0.364074 0.197905 0.010967 0.037486
1 0.371884 0.198732 0.011299 0.034730
1 0.366401 0.171720 0.009638 0.028115
1 0.376537 0.170342 0.012629 0.033076
1 0.387006 0.171444 0.013626 0.031974
1 0.393320 0.176957 0.010302 0.026461
0 0.401795 0.175854 0.009305 0.027563
1 0.411599 0.172547 0.009638 0.035281
1 0.446494 0.169239 0.008973 0.028666
0 0.371718 0.186880 0.024261 0.028666
0 0.402127 0.199835 0.009970 0.035832
1 0.392988 0.198456 0.010302 0.035281
1 0.411931 0.197354 0.010302 0.028666
1 0.430542 0.202315 0.022931 0.031974
1 0.418578 0.229052 0.021602 0.033627
1 0.433034 0.222437 0.024593 0.027012
1 0.446494 0.200386 0.012961 0.041345
1 0.460950 0.183297 0.009305 0.039140
1 0.469093 0.181918 0.011632 0.031974
1 0.476570 0.184399 0.010635 0.029217
1 0.496510 0.187982 0.008641 0.022051
1 0.506647 0.185502 0.011632 0.029217
1 0.514457 0.186053 0.008641 0.033627
1 0.524427 0.189085 0.009970 0.037486
1 0.531073 0.194322 0.008641 0.036935
1 0.555666 0.219405 0.012629 0.037486
1 0.582752 0.223264 0.015620 0.039691
1 0.567630 0.235667 0.012629 0.036935
1 0.029910 0.264609 0.013293 0.038589
1 0.038053 0.262128 0.015620 0.025910
1 0.090063 0.260474 0.031240 0.039140
1 0.112994 0.264884 0.022599 0.046858
1 0.126454 0.275083 0.020273 0.045204
1 0.148222 0.282525 0.010635 0.027012
1 0.165670 0.269570 0.024261 0.045204
1 0.146893 0.248897 0.007311 0.015987
1 0.125457 0.253032 0.008308 0.026461
1 0.031572 0.233738 0.013958 0.033076
1 0.107012 0.240904 0.021934 0.024256
1 0.182785 0.276185 0.019940 0.041896
1 0.197574 0.285832 0.020273 0.032525
1 0.287471 0.246692 0.011299 0.039140
1 0.325856 0.234840 0.013626 0.031974
1 0.339980 0.242558 0.011964 0.025358
1 0.322366 0.294377 0.031904 0.034179
1 0.311565 0.274807 0.013626 0.036935
1 0.335494 0.265987 0.012961 0.039140
1 0.289465 0.292999 0.019276 0.029217
1 0.352941 0.269846 0.012629 0.035832
1 0.360086 0.242282 0.013626 0.032525
1 0.370887 0.246141 0.013293 0.036935
1 0.376039 0.271775 0.010302 0.041896
1 0.382851 0.246141 0.012629 0.036935
1 0.392655 0.243109 0.013626 0.039691
1 0.397973 0.250551 0.012961 0.033627
1 0.383018 0.273980 0.014955 0.044101
1 0.395148 0.273153 0.009305 0.043550
0 0.408109 0.250000 0.009970 0.033627
1 0.404952 0.275634 0.010967 0.041896
1 0.417248 0.251929 0.011632 0.029768
1 0.430043 0.250276 0.011299 0.026461
1 0.415254 0.276461 0.014290 0.044653
1 0.424227 0.275634 0.014290 0.040794
1 0.442838 0.278666 0.014290 0.043550
1 0.449485 0.253583 0.010302 0.033076
1 0.459787 0.234564 0.025590 0.030320
0 0.459123 0.203693 0.010967 0.027012
1 0.468096 0.225193 0.023596 0.024807
1 0.468096 0.205347 0.010967 0.027012
1 0.477069 0.209757 0.012961 0.035832
1 0.489199 0.210309 0.013293 0.033627
1 0.499501 0.209757 0.010635 0.039140
1 0.510967 0.209482 0.012296 0.038589
1 0.521768 0.212238 0.012629 0.036384
0 0.531406 0.214719 0.010635 0.033627
1 0.457793 0.251929 0.010967 0.031974
1 0.456298 0.278942 0.013958 0.041896
1 0.468594 0.257718 0.011964 0.040243
1 0.479561 0.242834 0.008641 0.017089
1 0.468594 0.279217 0.011299 0.041345
1 0.479229 0.281147 0.015952 0.040794
0 0.487371 0.258820 0.007644 0.031422
1 0.494184 0.254961 0.009305 0.028115
1 0.500499 0.266814 0.009970 0.038589
1 0.490196 0.281422 0.013293 0.040243
0 0.502160 0.285557 0.010635 0.040794
1 0.509970 0.266814 0.011632 0.031974
1 0.514124 0.290243 0.018611 0.041345
1 0.518112 0.266538 0.013958 0.041345
1 0.526088 0.244212 0.025922 0.030871
1 0.540877 0.272878 0.012296 0.044101
1 0.547192 0.291345 0.013626 0.039140
1 0.562147 0.267365 0.012296 0.033076
1 0.563975 0.306781 0.013958 0.040243
1 0.571785 0.289140 0.013626 0.036935
1 0.580093 0.273980 0.012296 0.034179
1 0.619309 0.265436 0.017614 0.036935
1 0.604686 0.297409 0.011632 0.029217
1 0.637920 0.249173 0.028249 0.034179
1 0.665171 0.253583 0.022931 0.024256
1 0.693254 0.251929 0.022599 0.029768
1 0.646228 0.269846 0.026255 0.015987
1 0.676471 0.272602 0.024261 0.013782
1 0.728315 0.268467 0.026255 0.024256
1 0.723995 0.253859 0.028249 0.025910
1 0.834829 0.320838 0.029246 0.030871
0 0.919242 0.270121 0.013958 0.038589
1 0.924726 0.270397 0.012961 0.036935
0 0.939016 0.274807 0.014955 0.041345
0 0.948820 0.275634 0.013958 0.038589
0 0.953971 0.272602 0.012296 0.039140
1 0.960950 0.274256 0.014290 0.039140
1 0.970754 0.274807 0.012629 0.042448
1 0.980392 0.275358 0.013293 0.042448
1 0.988701 0.280871 0.008641 0.039140
1 0.893819 0.331863 0.028249 0.031974
0 0.906780 0.331312 0.024261 0.035281
0 0.918910 0.330209 0.024593 0.035281
0 0.926720 0.329107 0.022931 0.030871
1 0.937355 0.327178 0.020273 0.032525
1 0.946328 0.322767 0.018943 0.036935
1 0.961117 0.324146 0.019276 0.037486
1 0.972416 0.324697 0.017946 0.046307
1 0.985211 0.325799 0.012296 0.038589
1 0.031904 0.328004 0.021270 0.041896
1 0.034231 0.338754 0.024593 0.040243
1 0.050017 0.325248 0.013626 0.026461
1 0.055168 0.326902 0.012629 0.024256
1 0.092389 0.318633 0.013293 0.023153
1 0.097873 0.328004 0.020273 0.048512
0 0.108342 0.337652 0.016617 0.038037
1 0.125457 0.338203 0.018943 0.044653
1 0.139249 0.339030 0.016617 0.037486
1 0.150881 0.341235 0.015952 0.037486
1 0.164673 0.339857 0.019608 0.039140
1 0.179628 0.337100 0.014290 0.041345
1 0.196577 0.317255 0.028249 0.034730
1 0.206215 0.336549 0.019608 0.042448
1 0.225823 0.344818 0.020937 0.040243
1 0.241609 0.349228 0.017281 0.040243
1 0.316218 0.345645 0.013626 0.047409
0 0.323363 0.351985 0.009970 0.040243
1 0.337155 0.321940 0.014290 0.020948
1 0.349285 0.336549 0.012629 0.036935
0 0.356597 0.335722 0.011299 0.035281
1 0.367564 0.332966 0.014623 0.051819
1 0.377700 0.335447 0.014290 0.046858
1 0.387338 0.342337 0.010967 0.034179
1 0.585909 0.321389 0.025922 0.037486
1 0.571120 0.341510 0.030243 0.029217
1 0.543038 0.326075 0.028581 0.033627
1 0.571452 0.398015 0.018943 0.049614
0 0.393154 0.347299 0.011964 0.036384
0 0.401462 0.348401 0.009970 0.036384
0 0.407611 0.349228 0.009638 0.036935
0 0.414922 0.349504 0.009638 0.036384
0 0.422067 0.350055 0.010635 0.036384
0 0.429379 0.349779 0.009305 0.033627
0 0.435693 0.346748 0.009970 0.037486
1 0.441343 0.320011 0.029910 0.036935
1 0.443337 0.349779 0.009970 0.032525
1 0.449485 0.351433 0.009638 0.038037
1 0.459455 0.347023 0.014290 0.044653
1 0.471253 0.345645 0.011964 0.049614
1 0.480724 0.346748 0.013626 0.048512
1 0.495513 0.348677 0.013293 0.046858
1 0.505982 0.353914 0.013626 0.038589
1 0.515454 0.353087 0.014623 0.043550
1 0.526753 0.363010 0.013958 0.034730
1 0.528747 0.388644 0.022599 0.037486
1 0.514789 0.386990 0.020605 0.041896
1 0.506647 0.393330 0.016949 0.039140
1 0.494849 0.385888 0.015952 0.047409
0 0.480226 0.387541 0.015952 0.044101
1 0.466434 0.385336 0.018943 0.048512
0 0.455633 0.381202 0.011964 0.047960
1 0.446992 0.383407 0.014623 0.042448
1 0.436358 0.380099 0.016617 0.044653
1 0.420073 0.377067 0.015952 0.044101
1 0.409605 0.377619 0.011632 0.044101
1 0.401296 0.376240 0.009638 0.036935
1 0.390828 0.375413 0.017946 0.045204
1 0.367232 0.376516 0.014623 0.044101
1 0.356098 0.383407 0.012296 0.040243
1 0.355268 0.423098 0.013958 0.045755
1 0.376039 0.431643 0.015620 0.038589
1 0.387836 0.426130 0.015952 0.047409
1 0.398471 0.435226 0.013958 0.031422
1 0.412097 0.427233 0.020605 0.048512
0 0.429379 0.434399 0.013293 0.038589
1 0.445165 0.433572 0.015620 0.044653
1 0.456630 0.436604 0.016617 0.042999
1 0.472915 0.440463 0.021270 0.038589
1 0.487537 0.436053 0.016617 0.049614
1 0.508973 0.442668 0.027584 0.050717
1 0.528082 0.447905 0.022599 0.051268
1 0.675640 0.462514 0.035228 0.048512
1 0.709040 0.462514 0.026255 0.047409
1 0.689266 0.508269 0.029910 0.029768
0 0.721336 0.515987 0.017614 0.019846
1 0.751579 0.466373 0.035560 0.029768
1 0.369392 0.468302 0.015620 0.051268
0 0.380359 0.467751 0.012961 0.053473
1 0.390828 0.472437 0.013958 0.055127
0 0.401961 0.473264 0.010967 0.049063
1 0.409272 0.480706 0.010302 0.050717
1 0.418245 0.475193 0.012961 0.051819
1 0.432037 0.475193 0.017281 0.052922
1 0.445331 0.477674 0.019276 0.044653
1 0.457461 0.475469 0.010967 0.046858
1 0.469093 0.478225 0.012961 0.051268
1 0.481223 0.477398 0.012629 0.055127
1 0.493353 0.479052 0.014955 0.052922
1 0.506314 0.480154 0.015620 0.047409
1 0.514290 0.497519 0.020273 0.036935
1 0.525922 0.498071 0.022267 0.055678
1 0.371386 0.509647 0.032901 0.049063
1 0.414756 0.515711 0.038551 0.043550
1 0.388667 0.537486 0.021602 0.061742
1 0.353938 0.572767 0.017946 0.057332
1 0.396145 0.579107 0.022599 0.065601
0 0.407611 0.581312 0.013626 0.054576
1 0.415254 0.589857 0.017614 0.039691
1 0.430043 0.580485 0.015952 0.060639
0 0.445829 0.586273 0.014290 0.053473
1 0.461449 0.579658 0.025590 0.065601
1 0.471585 0.585998 0.019276 0.061742
1 0.484380 0.590684 0.018278 0.055678
1 0.502160 0.598953 0.017281 0.043550
1 0.530243 0.593164 0.017614 0.063947
1 0.549518 0.598677 0.015620 0.062845
1 0.569791 0.641400 0.024261 0.055678
1 0.318378 0.628721 0.020605 0.063396
1 0.333666 0.624587 0.019276 0.072767
1 0.347624 0.630926 0.017946 0.060088
1 0.361748 0.624862 0.014955 0.060088
0 0.379030 0.634509 0.014290 0.063947
1 0.389831 0.634234 0.014623 0.064498
1 0.401961 0.638644 0.012961 0.056781
0 0.423064 0.638093 0.012629 0.064498
1 0.433865 0.645259 0.016284 0.062293
1 0.449153 0.643605 0.015620 0.062293
1 0.462280 0.647189 0.017281 0.060639
0 0.481057 0.647740 0.014955 0.063947
1 0.494683 0.648015 0.015620 0.064498
0 0.516118 0.649394 0.015287 0.066152
1 0.617979 0.713616 0.025590 0.078831
1 0.663011 0.822216 0.038551 0.084344
1 0.281489 0.764609 0.023264 0.073870
1 0.294118 0.769019 0.022599 0.080485
1 0.307245 0.773980 0.022931 0.073870
1 0.324526 0.773705 0.016284 0.071114
0 0.335992 0.774531 0.017946 0.072767
0 0.348122 0.780044 0.015620 0.061742
1 0.361914 0.781147 0.017946 0.063947
1 0.375872 0.782800 0.019940 0.062845
1 0.392489 0.775910 0.023264 0.081036
1 0.408774 0.777839 0.025258 0.080485
1 0.438185 0.778666 0.016949 0.068908
0 0.457129 0.786108 0.016284 0.063947
1 0.466766 0.783903 0.012961 0.060639
1 0.479727 0.780871 0.016949 0.062293
1 0.499003 0.778942 0.017614 0.087100
0 0.509638 0.790794 0.013626 0.067806
1 0.524925 0.781698 0.020273 0.078280
1 0.539548 0.789691 0.021602 0.081036
1 0.726820 0.832690 0.035892 0.051268
1 0.742606 0.869901 0.048853 0.046307
1 0.750415 0.906284 0.053838 0.063947
1 0.777999 0.832690 0.043204 0.053473
1 0.832004 0.845094 0.060153 0.050717
1 0.885676 0.854190 0.038551 0.055678
1 0.808242 0.917034 0.051180 0.051268
1 0.853274 0.929713 0.025590 0.040243
1 0.269857 0.847850 0.018611 0.076075
1 0.282154 0.846196 0.020605 0.080485
1 0.299103 0.842062 0.020605 0.060088
1 0.308740 0.848401 0.023264 0.078280
1 0.332170 0.848953 0.019608 0.084895
1 0.361748 0.854190 0.024925 0.074421
1 0.392489 0.859702 0.023264 0.081036
1 0.413925 0.853914 0.020273 0.085998
1 0.435527 0.866318 0.020273 0.074421
1 0.451811 0.865766 0.019608 0.076626
1 0.474909 0.863561 0.015952 0.067806
1 0.486707 0.869350 0.016949 0.076075
1 0.514623 0.870176 0.023596 0.087652
1 0.530076 0.866593 0.021270 0.072767
