1 0.309115 0.018981 0.021354 0.027778
1 0.311719 0.012731 0.020833 0.024537
1 0.314844 0.008565 0.015625 0.016204
1 0.336068 0.015972 0.007552 0.027315
1 0.351302 0.017130 0.007812 0.031481
1 0.359896 0.016204 0.006771 0.031481
1 0.317969 0.007176 0.015625 0.013426
1 0.366276 0.014120 0.007031 0.026389
1 0.373568 0.015741 0.008594 0.031481
1 0.380599 0.014815 0.008073 0.028704
1 0.388672 0.015278 0.010677 0.025000
1 0.395443 0.017130 0.008594 0.025926
1 0.403646 0.015972 0.007292 0.025463
0 0.409245 0.012731 0.007552 0.025463
0 0.412370 0.015509 0.007031 0.027315
0 0.417448 0.013426 0.006771 0.025926
1 0.304818 0.041435 0.020052 0.021759
1 0.336198 0.048843 0.008333 0.037500
1 0.344271 0.045833 0.010417 0.036111
1 0.351693 0.047454 0.007552 0.030093
1 0.359115 0.045370 0.009896 0.031481
1 0.369792 0.048380 0.009375 0.029167
1 0.377995 0.045139 0.008594 0.036574
1 0.388802 0.044907 0.009896 0.032407
0 0.396745 0.046528 0.008073 0.026389
0 0.401172 0.045370 0.005990 0.030556
1 0.407943 0.045370 0.008073 0.029630
1 0.417318 0.043981 0.009115 0.029630
0 0.422396 0.044444 0.007812 0.027778
1 0.427474 0.044213 0.009635 0.036574
1 0.424740 0.013426 0.012500 0.025926
1 0.431641 0.014120 0.014323 0.028241
1 0.441797 0.012731 0.008073 0.025463
1 0.447396 0.014352 0.008333 0.027778
0 0.434375 0.045833 0.006250 0.029630
0 0.439714 0.044907 0.007031 0.028704
1 0.446745 0.044907 0.008073 0.028704
1 0.302995 0.050694 0.016406 0.016204
0 0.453516 0.013657 0.008073 0.027315
0 0.459375 0.012269 0.007292 0.024537
1 0.465625 0.014120 0.011458 0.028241
0 0.474740 0.012269 0.007292 0.023611
1 0.480599 0.013889 0.008073 0.026852
1 0.488021 0.013426 0.008333 0.025926
1 0.495052 0.013426 0.009896 0.025926
1 0.503646 0.014815 0.010417 0.028704
0 0.510938 0.014352 0.006771 0.026852
1 0.517188 0.014120 0.008854 0.028241
1 0.534375 0.008102 0.008333 0.015278
1 0.531641 0.030556 0.010156 0.031481
1 0.544401 0.031019 0.010677 0.034259
1 0.539844 0.070370 0.011979 0.031481
0 0.457943 0.040509 0.007552 0.022685
1 0.465365 0.042593 0.008333 0.026852
1 0.473438 0.039120 0.011458 0.031019
1 0.480469 0.041667 0.009375 0.029630
1 0.490365 0.039583 0.011979 0.031019
1 0.497526 0.040046 0.010677 0.030093
1 0.508594 0.043519 0.013021 0.027778
0 0.517448 0.041667 0.009375 0.030556
0 0.564063 0.019444 0.008333 0.026852
1 0.572396 0.009491 0.006771 0.018056
1 0.559245 0.086343 0.011719 0.034722
1 0.577995 0.076389 0.011198 0.037963
1 0.612370 0.058796 0.026302 0.036111
1 0.635417 0.060417 0.021354 0.034722
1 0.598047 0.080093 0.020573 0.027778
1 0.617969 0.074769 0.021354 0.018981
1 0.644271 0.071296 0.022917 0.021296
1 0.670573 0.072917 0.021354 0.018981
1 0.662500 0.063194 0.017708 0.025463
1 0.289193 0.088889 0.023177 0.025926
1 0.291667 0.098380 0.022917 0.026389
1 0.285026 0.106019 0.025260 0.028704
1 0.286198 0.123380 0.018750 0.021759
1 0.318490 0.095602 0.015104 0.039352
1 0.342839 0.084491 0.012760 0.035648
1 0.368620 0.085417 0.010156 0.031944
1 0.379167 0.086111 0.009896 0.036111
1 0.386198 0.084028 0.009375 0.026389
1 0.396224 0.082407 0.010677 0.039815
1 0.407422 0.084722 0.011198 0.037037
1 0.434896 0.083333 0.009896 0.036111
1 0.444271 0.082407 0.008854 0.039815
1 0.451042 0.083565 0.011458 0.034722
1 0.459766 0.084491 0.008594 0.031019
0 0.466667 0.084491 0.009375 0.032870
0 0.474089 0.081944 0.011198 0.031481
1 0.480469 0.081019 0.009375 0.036111
0 0.498047 0.086343 0.008594 0.034722
1 0.506120 0.086343 0.012240 0.032870
1 0.523568 0.084954 0.011198 0.034722
0 0.514193 0.084954 0.007552 0.037500
1 0.545964 0.119907 0.011719 0.039815
1 0.559245 0.137731 0.011198 0.032870
1 0.346615 0.103704 0.021354 0.028704
1 0.341797 0.109954 0.025781 0.035648
1 0.365495 0.106019 0.020052 0.026852
1 0.386589 0.102546 0.020573 0.027315
1 0.387240 0.112269 0.023438 0.030093
1 0.406250 0.115278 0.023958 0.026852
0 0.411849 0.108796 0.022135 0.024074
1 0.436849 0.109028 0.022656 0.033796
1 0.469401 0.106944 0.023177 0.027778
1 0.464193 0.114583 0.023698 0.029167
1 0.485547 0.115509 0.020052 0.035648
1 0.487370 0.125694 0.017448 0.032870
0 0.500391 0.119444 0.009635 0.033333
1 0.513802 0.119676 0.016146 0.037500
0 0.526563 0.151852 0.010937 0.036111
0 0.286068 0.164120 0.013802 0.023611
1 0.285417 0.189120 0.009375 0.038426
1 0.297917 0.156019 0.010937 0.034259
1 0.297396 0.180556 0.013021 0.040741
1 0.307422 0.162269 0.012760 0.031019
0 0.316146 0.164815 0.008854 0.029630
0 0.312370 0.183565 0.008073 0.035648
1 0.342839 0.129398 0.024219 0.025463
1 0.367188 0.125231 0.023438 0.031019
1 0.325521 0.158333 0.011979 0.041667
1 0.339714 0.155556 0.011719 0.035185
0 0.333724 0.181019 0.014323 0.034259
0 0.341276 0.184722 0.009115 0.034259
1 0.348698 0.181481 0.010937 0.040741
1 0.356771 0.181481 0.011458 0.037963
1 0.350000 0.152778 0.009375 0.030556
1 0.360417 0.149769 0.012500 0.035648
1 0.371224 0.149769 0.013802 0.034722
1 0.377995 0.155093 0.010156 0.028704
0 0.386719 0.153241 0.009375 0.029630
1 0.396745 0.148380 0.009635 0.038426
1 0.432552 0.140741 0.008854 0.031481
0 0.356120 0.168519 0.024740 0.031481
0 0.388021 0.179630 0.009896 0.038889
1 0.378516 0.179167 0.010156 0.038889
1 0.397917 0.175694 0.010417 0.031019
1 0.417318 0.178935 0.023177 0.034722
1 0.405990 0.209954 0.021875 0.036574
1 0.420573 0.201157 0.025000 0.029167
1 0.433594 0.175231 0.013021 0.045833
1 0.447917 0.154630 0.009375 0.042593
1 0.456120 0.152315 0.011719 0.035185
1 0.464193 0.154167 0.010677 0.031481
1 0.484766 0.156019 0.008594 0.024074
1 0.495052 0.152083 0.011458 0.031944
1 0.503125 0.151620 0.008854 0.036574
1 0.513542 0.154167 0.009896 0.040741
1 0.520573 0.159028 0.008333 0.040278
1 0.546875 0.184028 0.012500 0.041204
1 0.575000 0.185417 0.015625 0.043056
1 0.559766 0.200694 0.012760 0.040278
1 0.006771 0.292593 0.013542 0.042593
1 0.014974 0.288889 0.015885 0.027778
1 0.068620 0.281481 0.032031 0.042593
1 0.092318 0.283796 0.023177 0.050926
1 0.106641 0.293519 0.020573 0.049074
1 0.129297 0.299306 0.010677 0.029167
1 0.146875 0.283102 0.025000 0.049537
1 0.126693 0.262269 0.007031 0.017130
1 0.104818 0.269444 0.008073 0.028704
1 0.007292 0.258333 0.014063 0.036111
1 0.085417 0.257639 0.022396 0.026389
1 0.164714 0.288194 0.020052 0.045833
1 0.180339 0.297454 0.020573 0.035648
1 0.271615 0.243981 0.011458 0.042593
1 0.310547 0.226852 0.013802 0.035185
1 0.325521 0.233565 0.011979 0.027315
1 0.309245 0.292824 0.032552 0.037500
1 0.297396 0.272454 0.013542 0.040278
1 0.321615 0.259954 0.013021 0.043056
1 0.275391 0.294907 0.019531 0.031481
1 0.339844 0.262269 0.012500 0.039352
1 0.346224 0.231019 0.013802 0.035185
1 0.357422 0.234028 0.013281 0.040278
1 0.363672 0.261806 0.010156 0.045833
1 0.369792 0.232639 0.013021 0.040278
1 0.379818 0.228241 0.013802 0.043519
1 0.385417 0.235880 0.013021 0.036574
1 0.371094 0.263426 0.015104 0.048148
1 0.383594 0.261343 0.009375 0.047685
0 0.396094 0.234259 0.009896 0.037037
1 0.393750 0.263194 0.010937 0.045833
1 0.405469 0.235417 0.011979 0.031944
1 0.418620 0.232407 0.011198 0.028704
1 0.404297 0.262963 0.014323 0.049074
1 0.413542 0.260880 0.014583 0.044907
1 0.432943 0.261806 0.014323 0.047685
1 0.438672 0.233796 0.010156 0.036111
1 0.448568 0.211343 0.026302 0.032870
0 0.446875 0.177546 0.010937 0.029167
1 0.456771 0.200231 0.023958 0.026389
1 0.455990 0.178241 0.010937 0.029630
1 0.465495 0.182176 0.013281 0.039352
1 0.477995 0.181481 0.013281 0.037037
1 0.488672 0.179630 0.010677 0.042593
1 0.500521 0.178009 0.012500 0.042130
1 0.511719 0.180093 0.012500 0.039815
0 0.521745 0.181481 0.010677 0.037037
1 0.447266 0.231019 0.010677 0.035185
1 0.446615 0.260880 0.014063 0.045833
1 0.458594 0.235880 0.011979 0.043981
1 0.469401 0.218519 0.008594 0.018519
1 0.459375 0.259954 0.011458 0.044907
1 0.470443 0.260880 0.016406 0.044907
0 0.477995 0.235185 0.007552 0.034259
1 0.484896 0.230093 0.009375 0.030556
1 0.491797 0.242593 0.010156 0.041667
1 0.481771 0.259954 0.013542 0.043981
0 0.494401 0.263194 0.010677 0.044907
1 0.501693 0.241435 0.011719 0.034722
1 0.506901 0.267130 0.019010 0.045370
1 0.510026 0.240278 0.014323 0.045370
1 0.517448 0.214583 0.026562 0.033796
1 0.533594 0.244907 0.012500 0.048148
1 0.541016 0.264583 0.013802 0.043056
1 0.555469 0.236111 0.012500 0.036111
1 0.558724 0.279630 0.014323 0.043519
1 0.566146 0.259259 0.013542 0.040741
1 0.574219 0.241667 0.012500 0.037037
1 0.614193 0.227546 0.017969 0.040278
1 0.600391 0.264583 0.011719 0.031944
1 0.632943 0.207639 0.028906 0.037500
1 0.661068 0.209491 0.023698 0.026389
1 0.689974 0.204630 0.023177 0.032407
1 0.642188 0.229630 0.027083 0.017593
1 0.673438 0.229167 0.024479 0.014815
1 0.726693 0.218981 0.026823 0.026852
1 0.721745 0.203472 0.028906 0.028241
1 0.838542 0.264815 0.029687 0.033333
0 0.923568 0.199306 0.014323 0.042130
1 0.929167 0.199306 0.013021 0.040278
0 0.944271 0.202315 0.015104 0.045370
0 0.954297 0.202315 0.014323 0.041667
0 0.959375 0.198380 0.012500 0.043056
1 0.966797 0.199306 0.014323 0.043056
1 0.976823 0.198843 0.012500 0.046759
1 0.986849 0.198380 0.013281 0.046759
1 0.995573 0.203704 0.008333 0.042593
1 0.899740 0.270602 0.029167 0.034722
0 0.913021 0.268519 0.024479 0.038889
0 0.925521 0.265972 0.025000 0.038426
0 0.933594 0.263657 0.023438 0.033796
1 0.944401 0.260417 0.020573 0.035648
1 0.953646 0.254630 0.019271 0.039815
1 0.968750 0.254630 0.019792 0.040741
1 0.980469 0.253704 0.018229 0.050926
1 0.993750 0.253704 0.012500 0.042593
1 0.011198 0.362269 0.021875 0.045833
1 0.014063 0.373843 0.025000 0.043981
1 0.029818 0.357407 0.013802 0.028704
1 0.035026 0.358796 0.012760 0.025926
1 0.073047 0.345370 0.013281 0.025000
1 0.079297 0.355093 0.020573 0.052778
0 0.090365 0.364815 0.016667 0.041667
1 0.108073 0.363194 0.019271 0.048611
1 0.122266 0.362731 0.016927 0.041204
1 0.134245 0.363657 0.016406 0.041204
1 0.148568 0.360880 0.020052 0.043056
1 0.163672 0.356019 0.014323 0.045370
1 0.180339 0.332176 0.028906 0.037500
1 0.191146 0.352546 0.019792 0.046759
1 0.211719 0.359491 0.021354 0.043981
1 0.227995 0.362269 0.017448 0.043981
1 0.304818 0.350231 0.013802 0.051389
0 0.312500 0.356481 0.009896 0.043519
1 0.325651 0.321759 0.014323 0.022222
1 0.338672 0.336343 0.012760 0.040278
0 0.346094 0.334722 0.011458 0.038889
1 0.357422 0.330556 0.014844 0.056481
1 0.367969 0.332176 0.014583 0.051389
1 0.377995 0.338657 0.011198 0.037500
1 0.581901 0.293519 0.026302 0.040741
1 0.567448 0.317130 0.031250 0.031481
1 0.538021 0.303472 0.029167 0.036574
1 0.569792 0.379630 0.019271 0.054630
0 0.384245 0.343519 0.011719 0.039815
0 0.392839 0.343519 0.010156 0.039815
0 0.399219 0.343981 0.009896 0.039815
0 0.406771 0.343519 0.009896 0.039815
0 0.414193 0.343519 0.010677 0.039815
0 0.421615 0.342130 0.009375 0.037037
0 0.427995 0.338194 0.010156 0.041204
1 0.432943 0.307870 0.030469 0.040741
1 0.436068 0.340741 0.010156 0.035185
1 0.442448 0.341667 0.009896 0.041667
1 0.452474 0.335880 0.014323 0.048611
1 0.464714 0.332870 0.012240 0.054630
1 0.474349 0.333102 0.013802 0.053241
1 0.489844 0.333565 0.013542 0.051389
1 0.500651 0.338194 0.013802 0.042130
1 0.510547 0.336343 0.014844 0.047685
1 0.522526 0.345833 0.013802 0.037963
1 0.525521 0.373843 0.022917 0.041204
1 0.511198 0.373843 0.020833 0.045833
1 0.502995 0.381481 0.017448 0.042593
1 0.490495 0.374769 0.016406 0.052315
0 0.475521 0.378241 0.016146 0.048148
1 0.461198 0.377315 0.019271 0.052778
0 0.450000 0.373843 0.011979 0.052315
1 0.441016 0.377315 0.014844 0.046296
1 0.429948 0.374769 0.016667 0.048611
1 0.413021 0.373380 0.016146 0.048611
1 0.402344 0.375231 0.011979 0.048611
1 0.393750 0.374306 0.009896 0.040278
1 0.382943 0.374769 0.017969 0.049537
1 0.358594 0.378704 0.014583 0.048148
1 0.347396 0.387731 0.012500 0.043981
1 0.348047 0.431481 0.013802 0.050000
1 0.369792 0.438657 0.015625 0.042130
1 0.381771 0.431019 0.016146 0.051852
1 0.392969 0.440278 0.014063 0.034259
1 0.406771 0.429630 0.020833 0.053704
0 0.424870 0.435417 0.013281 0.042130
1 0.441146 0.433102 0.015625 0.048611
1 0.452995 0.434954 0.016927 0.046759
1 0.469922 0.437269 0.021615 0.042130
1 0.484766 0.431019 0.016927 0.054630
1 0.507292 0.435880 0.028125 0.055093
1 0.527214 0.439583 0.023177 0.056019
1 0.679818 0.439120 0.036198 0.053241
1 0.714193 0.435648 0.026823 0.051852
1 0.695573 0.488194 0.030729 0.031944
0 0.728776 0.493056 0.017969 0.021296
1 0.758073 0.434954 0.036458 0.032870
1 0.364193 0.479630 0.015885 0.056481
0 0.375651 0.478009 0.013281 0.058796
1 0.386589 0.481944 0.014323 0.060185
0 0.398047 0.481481 0.011198 0.053704
1 0.405990 0.489120 0.010417 0.056019
1 0.414844 0.481944 0.013021 0.056481
1 0.429297 0.480556 0.017448 0.058333
1 0.442839 0.481481 0.019531 0.049074
1 0.455469 0.477778 0.010937 0.050926
1 0.467448 0.479630 0.013021 0.056481
1 0.479948 0.477546 0.012500 0.060648
1 0.492448 0.477778 0.015104 0.058333
1 0.505990 0.477778 0.015625 0.051852
1 0.514844 0.495833 0.020833 0.040741
1 0.526823 0.494907 0.022917 0.061111
1 0.367839 0.525231 0.033594 0.053241
1 0.412891 0.527083 0.039844 0.047685
1 0.386719 0.554167 0.021875 0.067593
1 0.352344 0.597222 0.018229 0.062963
1 0.396094 0.599306 0.022917 0.071759
0 0.407943 0.600231 0.013802 0.059722
1 0.416146 0.608796 0.017708 0.043519
1 0.431120 0.597222 0.016406 0.066667
0 0.447526 0.601620 0.014323 0.058796
1 0.463542 0.592593 0.026042 0.072222
1 0.474089 0.598380 0.019531 0.068056
1 0.487500 0.602083 0.018750 0.060648
1 0.506120 0.609491 0.017448 0.047685
1 0.534896 0.599769 0.017708 0.069907
1 0.554948 0.603704 0.015625 0.069444
1 0.577474 0.648611 0.024740 0.061111
1 0.317839 0.662731 0.021094 0.069907
1 0.333464 0.656481 0.019531 0.080556
1 0.347917 0.661806 0.018229 0.066204
1 0.362240 0.653704 0.015104 0.065741
0 0.380599 0.662269 0.014323 0.069907
1 0.391797 0.660880 0.014844 0.070833
1 0.404427 0.664352 0.013021 0.062037
0 0.426042 0.661343 0.012500 0.070833
1 0.437500 0.668056 0.016667 0.068519
1 0.453125 0.664583 0.015625 0.068981
1 0.466797 0.667130 0.017448 0.066667
0 0.486198 0.665741 0.015104 0.070370
1 0.500391 0.664120 0.015885 0.070833
0 0.522396 0.663657 0.015625 0.072685
1 0.629948 0.723148 0.026042 0.087037
1 0.680339 0.838194 0.039323 0.093056
1 0.285026 0.817130 0.023698 0.081481
1 0.298047 0.820370 0.023177 0.088889
1 0.311719 0.824306 0.023438 0.081019
1 0.329688 0.821991 0.016667 0.078241
0 0.341667 0.821991 0.018229 0.080093
0 0.354167 0.826620 0.015625 0.068056
1 0.368490 0.826157 0.018229 0.069907
1 0.382943 0.826620 0.020052 0.068981
1 0.399870 0.817130 0.023698 0.088889
1 0.416667 0.817361 0.025521 0.088426
1 0.446875 0.814815 0.017188 0.075926
0 0.466797 0.820833 0.016406 0.070370
1 0.476693 0.817593 0.013281 0.066667
1 0.489844 0.812731 0.017188 0.068056
1 0.509766 0.808565 0.017969 0.095833
0 0.521094 0.820139 0.014063 0.074537
1 0.536589 0.808565 0.020573 0.086574
1 0.551823 0.815972 0.021875 0.089352
1 0.746615 0.842593 0.036979 0.056481
1 0.764193 0.881944 0.050260 0.050926
1 0.773568 0.921296 0.055469 0.070370
1 0.799349 0.836806 0.044531 0.058796
1 0.855469 0.844444 0.061979 0.055556
1 0.911068 0.848380 0.039323 0.061574
1 0.833594 0.926620 0.052604 0.056019
1 0.880599 0.935417 0.026302 0.043981
1 0.276042 0.910185 0.018750 0.084259
1 0.288672 0.907176 0.021094 0.088426
1 0.306120 0.900694 0.021094 0.066204
1 0.316276 0.906481 0.023698 0.086111
1 0.340495 0.904630 0.020052 0.093519
1 0.371094 0.906944 0.025521 0.081481
1 0.402995 0.909491 0.023698 0.089352
1 0.424870 0.900694 0.020573 0.094907
1 0.447526 0.912269 0.020573 0.081944
1 0.464323 0.909722 0.019792 0.084259
1 0.488021 0.904398 0.016146 0.074537
1 0.500391 0.909491 0.017448 0.083796
1 0.529297 0.907407 0.024219 0.096296
1 0.544922 0.902083 0.021615 0.080093
