1 0.301140 0.074118 0.021383 0.026300
1 0.303457 0.068440 0.020314 0.023311
1 0.306486 0.063957 0.015681 0.015541
1 0.327156 0.069038 0.007840 0.025702
1 0.342124 0.069038 0.007840 0.029289
1 0.350499 0.067543 0.006771 0.029886
1 0.309337 0.062762 0.015681 0.013150
1 0.356557 0.065152 0.007484 0.025105
1 0.363685 0.066049 0.008909 0.029289
1 0.370456 0.064256 0.008197 0.026898
1 0.378475 0.064256 0.010691 0.023311
1 0.385068 0.065451 0.008909 0.024507
1 0.392908 0.063658 0.007484 0.024507
0 0.398254 0.060371 0.007484 0.023909
0 0.401283 0.062463 0.007128 0.025702
0 0.406272 0.060072 0.007128 0.024507
1 0.297577 0.095039 0.019957 0.020323
1 0.328225 0.099522 0.008553 0.035266
1 0.336066 0.095935 0.010691 0.034071
1 0.343193 0.096832 0.007840 0.028691
1 0.350321 0.094142 0.009979 0.029289
1 0.360834 0.096234 0.009622 0.027496
1 0.368852 0.092349 0.008553 0.034071
1 0.379187 0.091452 0.009979 0.029886
0 0.387206 0.092349 0.008197 0.024507
0 0.391304 0.090855 0.006415 0.028691
1 0.397897 0.090257 0.008197 0.027496
1 0.406985 0.088165 0.009266 0.028093
0 0.411974 0.088165 0.007840 0.025702
1 0.416785 0.087567 0.009622 0.034071
1 0.413400 0.059474 0.012830 0.024507
1 0.420171 0.059773 0.014255 0.026300
1 0.429971 0.057382 0.008197 0.023909
1 0.435495 0.058577 0.008553 0.026300
0 0.423735 0.088464 0.006415 0.027496
0 0.428724 0.087268 0.007128 0.027496
1 0.435674 0.086671 0.008197 0.027496
1 0.296151 0.104005 0.016393 0.015541
0 0.441376 0.057681 0.008197 0.025702
0 0.447078 0.055888 0.007484 0.023311
1 0.453136 0.056784 0.011761 0.026300
0 0.462046 0.054393 0.007484 0.022714
1 0.467748 0.055589 0.008197 0.025105
1 0.474875 0.054393 0.008197 0.023909
1 0.481825 0.053796 0.009979 0.023909
1 0.490200 0.054393 0.010335 0.027496
0 0.497149 0.053198 0.007128 0.025105
1 0.503386 0.052600 0.008909 0.026300
1 0.519957 0.045726 0.008553 0.014943
1 0.517819 0.066647 0.009979 0.029289
1 0.530292 0.065750 0.010691 0.032277
1 0.526907 0.102510 0.011761 0.029289
0 0.446365 0.081889 0.007484 0.021518
1 0.453671 0.083084 0.008553 0.025105
1 0.461511 0.079199 0.011404 0.029289
1 0.468282 0.080992 0.009266 0.028093
1 0.477904 0.078302 0.012117 0.028691
1 0.485032 0.078004 0.010691 0.028093
1 0.495723 0.080395 0.012830 0.025702
0 0.504277 0.077705 0.009266 0.028691
0 0.549002 0.053796 0.008197 0.025105
1 0.556842 0.043933 0.006771 0.017334
1 0.546151 0.115362 0.011761 0.032277
1 0.564148 0.104901 0.011404 0.035266
1 0.597113 0.085774 0.026016 0.034071
1 0.619565 0.085475 0.021026 0.032277
1 0.583749 0.106396 0.020670 0.026300
1 0.602994 0.099821 0.021383 0.017932
1 0.628475 0.094740 0.022452 0.019725
1 0.654134 0.093843 0.021026 0.017932
1 0.645937 0.085475 0.017463 0.023909
1 0.283678 0.140167 0.022808 0.024507
1 0.286351 0.148536 0.022452 0.024507
1 0.280114 0.156306 0.024947 0.026898
1 0.281718 0.171847 0.018888 0.020921
1 0.312366 0.143754 0.015324 0.036461
1 0.335709 0.131500 0.012830 0.033473
1 0.360834 0.130305 0.010335 0.029886
1 0.370991 0.130006 0.009979 0.034071
1 0.377940 0.127615 0.009622 0.024507
1 0.387562 0.125224 0.011048 0.037657
1 0.398432 0.126420 0.011404 0.034071
1 0.425160 0.122833 0.009979 0.034071
1 0.434248 0.121339 0.008909 0.037059
1 0.440841 0.121937 0.011404 0.032277
1 0.449394 0.121937 0.008553 0.028691
0 0.456165 0.121339 0.009266 0.031082
0 0.463293 0.118350 0.011404 0.029886
1 0.469530 0.117155 0.009622 0.033473
0 0.486636 0.120442 0.008909 0.032875
1 0.494476 0.119845 0.012473 0.030484
1 0.511404 0.117155 0.011404 0.032277
0 0.502316 0.117753 0.007484 0.034668
1 0.534034 0.147340 0.011761 0.037657
1 0.547577 0.162582 0.011048 0.031082
1 0.339808 0.148834 0.021026 0.027496
1 0.335353 0.154812 0.025659 0.033473
1 0.358339 0.149432 0.019601 0.025105
1 0.378653 0.144351 0.020314 0.025702
1 0.379722 0.153317 0.023165 0.028093
1 0.398254 0.154513 0.023877 0.025702
0 0.403421 0.148237 0.022096 0.022714
1 0.427833 0.146145 0.022452 0.031680
1 0.459373 0.141662 0.022808 0.026300
1 0.454562 0.149133 0.023165 0.026898
1 0.475410 0.148237 0.019957 0.033473
1 0.477370 0.157501 0.017463 0.030484
0 0.489843 0.150628 0.009622 0.031082
1 0.503029 0.149731 0.016037 0.035266
0 0.516215 0.178123 0.011048 0.033473
0 0.282787 0.209205 0.013899 0.022714
1 0.282787 0.232516 0.009622 0.035864
1 0.294013 0.200837 0.010691 0.032277
1 0.294191 0.223551 0.013186 0.038255
1 0.303279 0.205918 0.012830 0.029289
0 0.312010 0.207412 0.008909 0.027496
0 0.308803 0.224746 0.008197 0.033473
1 0.336957 0.172744 0.023877 0.023909
1 0.360478 0.167065 0.023165 0.029289
1 0.320919 0.200538 0.011761 0.038852
1 0.334462 0.196952 0.011761 0.032875
0 0.329651 0.220861 0.014255 0.031680
0 0.336957 0.223551 0.008909 0.032277
1 0.344084 0.219964 0.011048 0.038255
1 0.351924 0.219366 0.011761 0.035864
1 0.344619 0.193664 0.009266 0.028691
1 0.354597 0.190078 0.012830 0.033473
1 0.365110 0.188882 0.013899 0.032277
1 0.371882 0.193365 0.010335 0.026898
0 0.380257 0.190974 0.009266 0.028093
1 0.389879 0.185894 0.009979 0.035864
1 0.424626 0.175732 0.008909 0.029886
0 0.350855 0.207711 0.024590 0.029289
0 0.382395 0.215182 0.009979 0.035864
1 0.372951 0.215481 0.010335 0.036461
1 0.391839 0.210699 0.010335 0.029289
1 0.410727 0.212194 0.023165 0.032277
1 0.400570 0.241184 0.021383 0.034071
1 0.414469 0.232218 0.024947 0.026898
1 0.426408 0.207412 0.013186 0.043036
1 0.439772 0.187089 0.009266 0.039450
1 0.447790 0.184399 0.011761 0.032875
1 0.455631 0.185595 0.011048 0.029289
1 0.475766 0.185296 0.008553 0.022714
1 0.485567 0.181112 0.011761 0.029886
1 0.493407 0.179916 0.008909 0.034668
1 0.503564 0.181411 0.009979 0.037657
1 0.510691 0.185296 0.008553 0.037059
1 0.536885 0.206216 0.012473 0.038255
1 0.564148 0.205021 0.015681 0.040646
1 0.549893 0.220263 0.012830 0.037657
1 0.014612 0.349970 0.013542 0.040048
1 0.022452 0.346085 0.015681 0.026300
1 0.074483 0.334728 0.031361 0.039450
1 0.097648 0.335027 0.022808 0.047221
1 0.111725 0.342797 0.020314 0.046025
1 0.133999 0.346085 0.010691 0.027496
1 0.150570 0.329647 0.024590 0.046025
1 0.130435 0.312313 0.007128 0.016139
1 0.109230 0.320681 0.008197 0.026898
1 0.014255 0.318589 0.014255 0.033473
1 0.090164 0.311417 0.022096 0.025105
1 0.168211 0.333234 0.019957 0.042439
1 0.183713 0.340108 0.020314 0.033473
1 0.270848 0.283622 0.011404 0.040048
1 0.308268 0.264495 0.013542 0.032875
1 0.322880 0.269874 0.012117 0.025702
1 0.308803 0.325463 0.031718 0.035266
1 0.296864 0.307531 0.013542 0.037657
1 0.319850 0.294381 0.013186 0.040048
1 0.275837 0.330245 0.019244 0.029289
1 0.337669 0.294979 0.012473 0.036461
1 0.343015 0.265690 0.013899 0.032875
1 0.354063 0.267484 0.013186 0.037657
1 0.360834 0.292588 0.010335 0.042439
1 0.366001 0.265093 0.012830 0.037657
1 0.375624 0.260311 0.013542 0.040048
1 0.381326 0.266886 0.012830 0.034071
1 0.368140 0.293186 0.014968 0.044830
1 0.380257 0.290496 0.009266 0.044232
0 0.391661 0.264794 0.009979 0.034668
1 0.390057 0.291393 0.011048 0.042439
1 0.400748 0.264794 0.011761 0.029886
1 0.413400 0.260909 0.011404 0.026898
1 0.400392 0.290197 0.014612 0.046025
1 0.409301 0.287507 0.014612 0.041841
1 0.428368 0.286910 0.014255 0.044232
1 0.433001 0.260610 0.009979 0.033473
1 0.442088 0.239091 0.026016 0.031082
0 0.439416 0.208308 0.010691 0.026898
1 0.449751 0.228332 0.023521 0.025105
1 0.448325 0.208308 0.010691 0.028093
1 0.457769 0.210998 0.013186 0.037059
1 0.469886 0.209205 0.013186 0.034668
1 0.480043 0.206814 0.010691 0.039450
1 0.491625 0.204423 0.012473 0.039450
1 0.502673 0.205619 0.012473 0.037059
0 0.512473 0.205619 0.010691 0.034668
1 0.441197 0.257322 0.010691 0.032875
1 0.441376 0.284818 0.013899 0.042439
1 0.452423 0.260909 0.011761 0.041243
1 0.462402 0.244172 0.008909 0.017334
1 0.453849 0.282726 0.011761 0.041841
1 0.464718 0.282726 0.016393 0.041841
0 0.471311 0.258816 0.007484 0.032277
1 0.477904 0.253437 0.009266 0.028691
1 0.484854 0.264495 0.010335 0.038852
1 0.475766 0.280932 0.013542 0.040646
0 0.487883 0.283025 0.010691 0.041243
1 0.494476 0.262403 0.011761 0.032277
1 0.500178 0.285415 0.018888 0.042439
1 0.502495 0.260610 0.014255 0.041841
1 0.509088 0.236402 0.026016 0.031680
1 0.525481 0.263001 0.012473 0.044232
1 0.533321 0.280634 0.013899 0.040048
1 0.546507 0.253138 0.012473 0.034071
1 0.550962 0.292887 0.014255 0.040646
1 0.557733 0.273461 0.013542 0.037657
1 0.565039 0.256724 0.012473 0.034071
1 0.603350 0.240586 0.017819 0.037657
1 0.591055 0.275553 0.011761 0.029886
1 0.621169 0.220562 0.028510 0.034668
1 0.648610 0.219964 0.023521 0.025105
1 0.676586 0.213090 0.023165 0.030484
1 0.630791 0.240287 0.026372 0.016736
1 0.661083 0.237298 0.024234 0.014345
1 0.712758 0.223551 0.026372 0.025105
1 0.707413 0.209504 0.028510 0.026898
1 0.822523 0.256426 0.029223 0.031082
0 0.903421 0.189181 0.014255 0.038852
1 0.908945 0.188583 0.013186 0.037657
0 0.923735 0.190078 0.014968 0.041841
0 0.933535 0.189181 0.014612 0.038852
0 0.938346 0.185595 0.012830 0.040048
1 0.945474 0.185595 0.014255 0.040048
1 0.955274 0.184399 0.012473 0.043634
1 0.965075 0.183204 0.013542 0.043634
1 0.973628 0.187089 0.008553 0.039450
1 0.882395 0.256426 0.028510 0.032277
0 0.895225 0.253437 0.024234 0.035864
0 0.907163 0.249851 0.024590 0.035864
0 0.915004 0.247161 0.023165 0.031680
1 0.925517 0.243276 0.020670 0.033473
1 0.934426 0.237298 0.019244 0.037059
1 0.948860 0.236103 0.019601 0.038255
1 0.960264 0.234310 0.018175 0.047818
1 0.973450 0.233114 0.012473 0.039450
1 0.020848 0.413628 0.021739 0.043036
1 0.024056 0.424088 0.024590 0.041243
1 0.038845 0.407352 0.013542 0.026898
1 0.043835 0.408548 0.012830 0.024507
1 0.080542 0.393007 0.013542 0.023311
1 0.086778 0.401674 0.020314 0.049014
0 0.098004 0.409444 0.016393 0.038255
1 0.115110 0.406455 0.019244 0.045427
1 0.128831 0.404961 0.016750 0.038852
1 0.140592 0.404662 0.016037 0.038255
1 0.154312 0.401076 0.019957 0.040646
1 0.168924 0.395397 0.014255 0.042439
1 0.184604 0.372086 0.028510 0.035266
1 0.195474 0.390018 0.019601 0.043634
1 0.215788 0.394501 0.021026 0.040646
1 0.231646 0.395696 0.017106 0.040646
1 0.305952 0.378362 0.013899 0.047818
0 0.313614 0.383742 0.009979 0.040646
1 0.325374 0.350568 0.014255 0.020921
1 0.338560 0.363120 0.012830 0.037657
0 0.345688 0.360729 0.011404 0.036461
1 0.356736 0.356246 0.014968 0.052600
1 0.366892 0.356844 0.014612 0.047818
1 0.376871 0.361925 0.011048 0.035266
1 0.573949 0.303646 0.026016 0.038255
1 0.560584 0.326659 0.030649 0.029289
1 0.531540 0.316497 0.028867 0.034071
1 0.564505 0.383443 0.019244 0.050807
0 0.383108 0.365810 0.011404 0.037059
0 0.391483 0.365212 0.010335 0.037059
0 0.397719 0.365212 0.009979 0.037059
0 0.404847 0.364017 0.009979 0.037059
0 0.412331 0.363419 0.010691 0.037059
0 0.419458 0.361626 0.009266 0.034668
0 0.425517 0.357442 0.009979 0.038255
1 0.429437 0.329050 0.029936 0.037657
1 0.433535 0.358936 0.010335 0.032875
1 0.439772 0.359534 0.009979 0.038852
1 0.449394 0.353258 0.014255 0.045427
1 0.461155 0.349372 0.012117 0.050807
1 0.470421 0.348775 0.013542 0.049611
1 0.485388 0.347878 0.013542 0.047818
1 0.496258 0.351464 0.013899 0.039450
1 0.505702 0.348775 0.014968 0.044830
1 0.517641 0.356545 0.013899 0.035266
1 0.521383 0.381949 0.022808 0.038255
1 0.507484 0.383144 0.020670 0.043036
1 0.499644 0.390915 0.017106 0.039450
1 0.487170 0.385834 0.016393 0.048416
0 0.472737 0.390018 0.016037 0.044830
1 0.458838 0.390317 0.018888 0.049014
0 0.447969 0.388225 0.012117 0.048416
1 0.439237 0.392110 0.014612 0.043036
1 0.428368 0.390616 0.016393 0.044830
1 0.411796 0.390915 0.016037 0.045427
1 0.401639 0.393305 0.012117 0.045427
1 0.393086 0.393007 0.009979 0.037657
1 0.382751 0.394800 0.017819 0.046025
1 0.359052 0.400179 0.014612 0.044830
1 0.348361 0.409444 0.012473 0.040646
1 0.350321 0.449492 0.013542 0.046623
1 0.371703 0.454274 0.015681 0.039450
1 0.383108 0.446204 0.016393 0.048416
1 0.394334 0.453676 0.013899 0.032277
1 0.407341 0.442917 0.020670 0.050209
0 0.425160 0.446802 0.013542 0.038852
1 0.440841 0.443216 0.015681 0.044830
1 0.452423 0.443814 0.016750 0.043634
1 0.468995 0.444710 0.021383 0.039450
1 0.483250 0.437836 0.017106 0.050807
1 0.505346 0.440526 0.027798 0.051405
1 0.524768 0.442020 0.023165 0.052002
1 0.673200 0.429169 0.035638 0.049014
1 0.706344 0.423192 0.026372 0.047818
1 0.689772 0.472803 0.030292 0.029886
0 0.722381 0.474597 0.017819 0.020323
1 0.749109 0.419008 0.035638 0.031082
1 0.367427 0.492230 0.015681 0.052002
0 0.378475 0.489839 0.013542 0.054393
1 0.389166 0.492528 0.014255 0.056186
0 0.400392 0.491034 0.011048 0.049611
1 0.408232 0.497609 0.010335 0.052002
1 0.416607 0.490137 0.012830 0.052600
1 0.430684 0.487747 0.017463 0.053796
1 0.443870 0.487448 0.019601 0.046025
1 0.455987 0.483264 0.011048 0.047221
1 0.467748 0.483861 0.013186 0.052002
1 0.479865 0.480574 0.012473 0.056186
1 0.492160 0.479976 0.014968 0.053796
1 0.505167 0.479079 0.015324 0.048416
1 0.514255 0.494620 0.020670 0.037657
1 0.525837 0.492827 0.022452 0.056784
1 0.372238 0.533772 0.033143 0.049014
1 0.415895 0.531978 0.039202 0.044232
1 0.391304 0.558876 0.021383 0.062164
1 0.359052 0.601016 0.018175 0.057980
1 0.401639 0.599223 0.022808 0.066348
0 0.413222 0.599223 0.013899 0.055589
1 0.421418 0.606695 0.017463 0.040646
1 0.435674 0.594740 0.016037 0.062164
0 0.451889 0.597430 0.014255 0.054393
1 0.467213 0.587567 0.025659 0.066946
1 0.477548 0.592050 0.019244 0.062762
1 0.490734 0.594740 0.018532 0.056186
1 0.508909 0.599522 0.017106 0.044232
1 0.536707 0.588464 0.017819 0.065152
1 0.556308 0.590556 0.015681 0.064555
1 0.579473 0.629707 0.024234 0.056784
1 0.327334 0.664077 0.021026 0.064555
1 0.342480 0.657203 0.019244 0.074716
1 0.356557 0.660789 0.018175 0.061566
1 0.370278 0.652122 0.014968 0.060968
0 0.388453 0.658398 0.014255 0.065152
1 0.399145 0.656306 0.014968 0.065750
1 0.411618 0.658398 0.012830 0.057980
0 0.432466 0.653915 0.012473 0.065750
1 0.443870 0.659295 0.016750 0.063359
1 0.459016 0.654812 0.015681 0.063957
1 0.472381 0.656007 0.017463 0.061566
0 0.491091 0.653019 0.014968 0.065152
1 0.504989 0.650329 0.015681 0.065750
0 0.526372 0.648237 0.015681 0.067543
1 0.632573 0.693664 0.025659 0.080693
1 0.684604 0.795278 0.038489 0.085475
1 0.299715 0.808129 0.023521 0.075314
1 0.312545 0.810221 0.022808 0.081889
1 0.325909 0.812612 0.023165 0.074716
1 0.343193 0.809026 0.016393 0.072325
0 0.354775 0.808129 0.018175 0.074118
0 0.367071 0.811417 0.015681 0.062762
1 0.381148 0.809922 0.018175 0.064555
1 0.395225 0.809026 0.019957 0.063957
1 0.411262 0.798864 0.023521 0.081889
1 0.427655 0.797669 0.024947 0.081889
1 0.456878 0.792887 0.017106 0.069934
0 0.476479 0.797071 0.016393 0.065152
1 0.486101 0.792887 0.013542 0.061566
1 0.498574 0.787507 0.017106 0.062762
1 0.517819 0.781829 0.017819 0.088464
0 0.529401 0.791692 0.013899 0.068739
1 0.544013 0.780036 0.020314 0.080096
1 0.558981 0.785415 0.021739 0.082487
1 0.749109 0.793784 0.036351 0.052600
1 0.767284 0.828452 0.049180 0.047818
1 0.777619 0.864017 0.054170 0.065152
1 0.800428 0.784220 0.043478 0.054991
1 0.855132 0.786611 0.060941 0.051405
1 0.909301 0.785714 0.038845 0.056784
1 0.836066 0.864017 0.051319 0.052002
1 0.882038 0.867902 0.025659 0.040646
1 0.293656 0.894501 0.018532 0.078302
1 0.305773 0.890915 0.020670 0.081889
1 0.322523 0.883443 0.020670 0.060968
1 0.332502 0.887926 0.023521 0.079498
1 0.356023 0.884041 0.019957 0.086073
1 0.385780 0.883443 0.025303 0.075314
1 0.416964 0.883443 0.023521 0.082487
1 0.437990 0.873580 0.020670 0.087866
1 0.460264 0.882546 0.020314 0.075912
1 0.476657 0.878661 0.019601 0.077705
1 0.499465 0.871787 0.016037 0.068739
1 0.511582 0.875374 0.017463 0.077107
1 0.539736 0.871189 0.023877 0.089062
1 0.554882 0.864913 0.021383 0.074118
