1 0.309115 0.031944 0.021354 0.027778
1 0.311719 0.025694 0.020833 0.024537
1 0.314844 0.021528 0.015625 0.016204
1 0.336068 0.028935 0.007552 0.027315
1 0.351302 0.030093 0.007812 0.031481
1 0.359896 0.029167 0.006771 0.031481
1 0.317969 0.020139 0.015625 0.013426
1 0.366276 0.027083 0.007031 0.026389
1 0.373568 0.028704 0.008594 0.031481
1 0.380599 0.027778 0.008073 0.028704
1 0.388672 0.028241 0.010677 0.025000
1 0.395443 0.030093 0.008594 0.025926
1 0.403646 0.028935 0.007292 0.025463
0 0.409245 0.025694 0.007552 0.025463
0 0.412370 0.028472 0.007031 0.027315
0 0.417448 0.026389 0.006771 0.025926
1 0.304818 0.054398 0.020052 0.021759
1 0.336198 0.061806 0.008333 0.037500
1 0.344271 0.058796 0.010417 0.036111
1 0.351693 0.060417 0.007552 0.030093
1 0.359115 0.058333 0.009896 0.031481
1 0.369792 0.061343 0.009375 0.029167
1 0.377995 0.058102 0.008594 0.036574
1 0.388802 0.057870 0.009896 0.032407
0 0.396745 0.059491 0.008073 0.026389
0 0.401172 0.058333 0.005990 0.030556
1 0.407943 0.058333 0.008073 0.029630
1 0.417318 0.056944 0.009115 0.029630
0 0.422396 0.057407 0.007812 0.027778
1 0.427474 0.057176 0.009635 0.036574
1 0.424740 0.026389 0.012500 0.025926
1 0.431641 0.027083 0.014323 0.028241
1 0.441797 0.025694 0.008073 0.025463
1 0.447396 0.027315 0.008333 0.027778
0 0.434375 0.058796 0.006250 0.029630
0 0.439714 0.057870 0.007031 0.028704
1 0.446745 0.057870 0.008073 0.028704
1 0.302995 0.063657 0.016406 0.016204
0 0.453516 0.026620 0.008073 0.027315
0 0.459375 0.025231 0.007292 0.024537
1 0.465625 0.027083 0.011458 0.028241
0 0.474740 0.025231 0.007292 0.023611
1 0.480599 0.026852 0.008073 0.026852
1 0.488021 0.026389 0.008333 0.025926
1 0.495052 0.026389 0.009896 0.025926
1 0.503646 0.027778 0.010417 0.028704
0 0.510938 0.027315 0.006771 0.026852
1 0.517188 0.027083 0.008854 0.028241
1 0.534375 0.021065 0.008333 0.015278
1 0.531641 0.043519 0.010156 0.031481
1 0.544401 0.043981 0.010677 0.034259
1 0.539844 0.083333 0.011979 0.031481
0 0.457943 0.053472 0.007552 0.022685
1 0.465365 0.055556 0.008333 0.026852
1 0.473438 0.052083 0.011458 0.031019
1 0.480469 0.054630 0.009375 0.029630
1 0.490365 0.052546 0.011979 0.031019
1 0.497526 0.053009 0.010677 0.030093
1 0.508594 0.056481 0.013021 0.027778
0 0.517448 0.054630 0.009375 0.030556
0 0.564063 0.032407 0.008333 0.026852
1 0.572396 0.022454 0.006771 0.018056
1 0.559245 0.099306 0.011719 0.034722
1 0.577995 0.089352 0.011198 0.037963
1 0.612370 0.071759 0.026302 0.036111
1 0.635417 0.073380 0.021354 0.034722
1 0.598047 0.093056 0.020573 0.027778
1 0.617969 0.087731 0.021354 0.018981
1 0.644271 0.084259 0.022917 0.021296
1 0.670573 0.085880 0.021354 0.018981
1 0.662500 0.076157 0.017708 0.025463
1 0.289193 0.101852 0.023177 0.025926
1 0.291667 0.111343 0.022917 0.026389
1 0.285026 0.118981 0.025260 0.028704
1 0.286198 0.136343 0.018750 0.021759
1 0.318490 0.108565 0.015104 0.039352
1 0.342839 0.097454 0.012760 0.035648
1 0.368620 0.098380 0.010156 0.031944
1 0.379167 0.099074 0.009896 0.036111
1 0.386198 0.096991 0.009375 0.026389
1 0.396224 0.095370 0.010677 0.039815
1 0.407422 0.097685 0.011198 0.037037
1 0.434896 0.096296 0.009896 0.036111
1 0.444271 0.095370 0.008854 0.039815
1 0.451042 0.096528 0.011458 0.034722
1 0.459766 0.097454 0.008594 0.031019
0 0.466667 0.097454 0.009375 0.032870
0 0.474089 0.094907 0.011198 0.031481
1 0.480469 0.093981 0.009375 0.036111
0 0.498047 0.099306 0.008594 0.034722
1 0.506120 0.099306 0.012240 0.032870
1 0.523568 0.097917 0.011198 0.034722
0 0.514193 0.097917 0.007552 0.037500
1 0.545964 0.132870 0.011719 0.039815
1 0.559245 0.150694 0.011198 0.032870
1 0.346615 0.116667 0.021354 0.028704
1 0.341797 0.122917 0.025781 0.035648
1 0.365495 0.118981 0.020052 0.026852
1 0.386589 0.115509 0.020573 0.027315
1 0.387240 0.125231 0.023438 0.030093
1 0.406250 0.128241 0.023958 0.026852
0 0.411849 0.121759 0.022135 0.024074
1 0.436849 0.121991 0.022656 0.033796
1 0.469401 0.119907 0.023177 0.027778
1 0.464193 0.127546 0.023698 0.029167
1 0.485547 0.128472 0.020052 0.035648
1 0.487370 0.138657 0.017448 0.032870
0 0.500391 0.132407 0.009635 0.033333
1 0.513802 0.132639 0.016146 0.037500
0 0.526563 0.164815 0.010937 0.036111
0 0.286068 0.177083 0.013802 0.023611
1 0.285417 0.202083 0.009375 0.038426
1 0.297917 0.168981 0.010937 0.034259
1 0.297396 0.193519 0.013021 0.040741
1 0.307422 0.175231 0.012760 0.031019
0 0.316146 0.177778 0.008854 0.029630
0 0.312370 0.196528 0.008073 0.035648
1 0.342839 0.142361 0.024219 0.025463
1 0.367188 0.138194 0.023438 0.031019
1 0.325521 0.171296 0.011979 0.041667
1 0.339714 0.168519 0.011719 0.035185
0 0.333724 0.193981 0.014323 0.034259
0 0.341276 0.197685 0.009115 0.034259
1 0.348698 0.194444 0.010937 0.040741
1 0.356771 0.194444 0.011458 0.037963
1 0.350000 0.165741 0.009375 0.030556
1 0.360417 0.162731 0.012500 0.035648
1 0.371224 0.162731 0.013802 0.034722
1 0.377995 0.168056 0.010156 0.028704
0 0.386719 0.166204 0.009375 0.029630
1 0.396745 0.161343 0.009635 0.038426
1 0.432552 0.153704 0.008854 0.031481
0 0.356120 0.181481 0.024740 0.031481
0 0.388021 0.192593 0.009896 0.038889
1 0.378516 0.192130 0.010156 0.038889
1 0.397917 0.188657 0.010417 0.031019
1 0.417318 0.191898 0.023177 0.034722
1 0.405990 0.222917 0.021875 0.036574
1 0.420573 0.214120 0.025000 0.029167
1 0.433594 0.188194 0.013021 0.045833
1 0.447917 0.167593 0.009375 0.042593
1 0.456120 0.165278 0.011719 0.035185
1 0.464193 0.167130 0.010677 0.031481
1 0.484766 0.168981 0.008594 0.024074
1 0.495052 0.165046 0.011458 0.031944
1 0.503125 0.164583 0.008854 0.036574
1 0.513542 0.167130 0.009896 0.040741
1 0.520573 0.171991 0.008333 0.040278
1 0.546875 0.196991 0.012500 0.041204
1 0.575000 0.198380 0.015625 0.043056
1 0.559766 0.213657 0.012760 0.040278
1 0.006771 0.305556 0.013542 0.042593
1 0.014974 0.301852 0.015885 0.027778
1 0.068620 0.294444 0.032031 0.042593
1 0.092318 0.296759 0.023177 0.050926
1 0.106641 0.306481 0.020573 0.049074
1 0.129297 0.312269 0.010677 0.029167
1 0.146875 0.296065 0.025000 0.049537
1 0.126693 0.275231 0.007031 0.017130
1 0.104818 0.282407 0.008073 0.028704
1 0.007292 0.271296 0.014063 0.036111
1 0.085417 0.270602 0.022396 0.026389
1 0.164714 0.301157 0.020052 0.045833
1 0.180339 0.310417 0.020573 0.035648
1 0.271615 0.256944 0.011458 0.042593
1 0.310547 0.239815 0.013802 0.035185
1 0.325521 0.246528 0.011979 0.027315
1 0.309245 0.305787 0.032552 0.037500
1 0.297396 0.285417 0.013542 0.040278
1 0.321615 0.272917 0.013021 0.043056
1 0.275391 0.307870 0.019531 0.031481
1 0.339844 0.275231 0.012500 0.039352
1 0.346224 0.243981 0.013802 0.035185
1 0.357422 0.246991 0.013281 0.040278
1 0.363672 0.274769 0.010156 0.045833
1 0.369792 0.245602 0.013021 0.040278
1 0.379818 0.241204 0.013802 0.043519
1 0.385417 0.248843 0.013021 0.036574
1 0.371094 0.276389 0.015104 0.048148
1 0.383594 0.274306 0.009375 0.047685
0 0.396094 0.247222 0.009896 0.037037
1 0.393750 0.276157 0.010937 0.045833
1 0.405469 0.248380 0.011979 0.031944
1 0.418620 0.245370 0.011198 0.028704
1 0.404297 0.275926 0.014323 0.049074
1 0.413542 0.273843 0.014583 0.044907
1 0.432943 0.274769 0.014323 0.047685
1 0.438672 0.246759 0.010156 0.036111
1 0.448568 0.224306 0.026302 0.032870
0 0.446875 0.190509 0.010937 0.029167
1 0.456771 0.213194 0.023958 0.026389
1 0.455990 0.191204 0.010937 0.029630
1 0.465495 0.195139 0.013281 0.039352
1 0.477995 0.194444 0.013281 0.037037
1 0.488672 0.192593 0.010677 0.042593
1 0.500521 0.190972 0.012500 0.042130
1 0.511719 0.193056 0.012500 0.039815
0 0.521745 0.194444 0.010677 0.037037
1 0.447266 0.243981 0.010677 0.035185
1 0.446615 0.273843 0.014063 0.045833
1 0.458594 0.248843 0.011979 0.043981
1 0.469401 0.231481 0.008594 0.018519
1 0.459375 0.272917 0.011458 0.044907
1 0.470443 0.273843 0.016406 0.044907
0 0.477995 0.248148 0.007552 0.034259
1 0.484896 0.243056 0.009375 0.030556
1 0.491797 0.255556 0.010156 0.041667
1 0.481771 0.272917 0.013542 0.043981
0 0.494401 0.276157 0.010677 0.044907
1 0.501693 0.254398 0.011719 0.034722
1 0.506901 0.280093 0.019010 0.045370
1 0.510026 0.253241 0.014323 0.045370
1 0.517448 0.227546 0.026562 0.033796
1 0.533594 0.257870 0.012500 0.048148
1 0.541016 0.277546 0.013802 0.043056
1 0.555469 0.249074 0.012500 0.036111
1 0.558724 0.292593 0.014323 0.043519
1 0.566146 0.272222 0.013542 0.040741
1 0.574219 0.254630 0.012500 0.037037
1 0.614193 0.240509 0.017969 0.040278
1 0.600391 0.277546 0.011719 0.031944
1 0.632943 0.220602 0.028906 0.037500
1 0.661068 0.222454 0.023698 0.026389
1 0.689974 0.217593 0.023177 0.032407
1 0.642188 0.242593 0.027083 0.017593
1 0.673438 0.242130 0.024479 0.014815
1 0.726693 0.231944 0.026823 0.026852
1 0.721745 0.216435 0.028906 0.028241
1 0.838542 0.277778 0.029687 0.033333
0 0.923568 0.212269 0.014323 0.042130
1 0.929167 0.212269 0.013021 0.040278
0 0.944271 0.215278 0.015104 0.045370
0 0.954297 0.215278 0.014323 0.041667
0 0.959375 0.211343 0.012500 0.043056
1 0.966797 0.212269 0.014323 0.043056
1 0.976823 0.211806 0.012500 0.046759
1 0.986849 0.211343 0.013281 0.046759
1 0.995573 0.216667 0.008333 0.042593
1 0.899740 0.283565 0.029167 0.034722
0 0.913021 0.281481 0.024479 0.038889
0 0.925521 0.278935 0.025000 0.038426
0 0.933594 0.276620 0.023438 0.033796
1 0.944401 0.273380 0.020573 0.035648
1 0.953646 0.267593 0.019271 0.039815
1 0.968750 0.267593 0.019792 0.040741
1 0.980469 0.266667 0.018229 0.050926
1 0.993750 0.266667 0.012500 0.042593
1 0.011198 0.375231 0.021875 0.045833
1 0.014063 0.386806 0.025000 0.043981
1 0.029818 0.370370 0.013802 0.028704
1 0.035026 0.371759 0.012760 0.025926
1 0.073047 0.358333 0.013281 0.025000
1 0.079297 0.368056 0.020573 0.052778
0 0.090365 0.377778 0.016667 0.041667
1 0.108073 0.376157 0.019271 0.048611
1 0.122266 0.375694 0.016927 0.041204
1 0.134245 0.376620 0.016406 0.041204
1 0.148568 0.373843 0.020052 0.043056
1 0.163672 0.368981 0.014323 0.045370
1 0.180339 0.345139 0.028906 0.037500
1 0.191146 0.365509 0.019792 0.046759
1 0.211719 0.372454 0.021354 0.043981
1 0.227995 0.375231 0.017448 0.043981
1 0.304818 0.363194 0.013802 0.051389
0 0.312500 0.369444 0.009896 0.043519
1 0.325651 0.334722 0.014323 0.022222
1 0.338672 0.349306 0.012760 0.040278
0 0.346094 0.347685 0.011458 0.038889
1 0.357422 0.343519 0.014844 0.056481
1 0.367969 0.345139 0.014583 0.051389
1 0.377995 0.351620 0.011198 0.037500
1 0.581901 0.306481 0.026302 0.040741
1 0.567448 0.330093 0.031250 0.031481
1 0.538021 0.316435 0.029167 0.036574
1 0.569792 0.392593 0.019271 0.054630
0 0.384245 0.356481 0.011719 0.039815
0 0.392839 0.356481 0.010156 0.039815
0 0.399219 0.356944 0.009896 0.039815
0 0.406771 0.356481 0.009896 0.039815
0 0.414193 0.356481 0.010677 0.039815
0 0.421615 0.355093 0.009375 0.037037
0 0.427995 0.351157 0.010156 0.041204
1 0.432943 0.320833 0.030469 0.040741
1 0.436068 0.353704 0.010156 0.035185
1 0.442448 0.354630 0.009896 0.041667
1 0.452474 0.348843 0.014323 0.048611
1 0.464714 0.345833 0.012240 0.054630
1 0.474349 0.346065 0.013802 0.053241
1 0.489844 0.346528 0.013542 0.051389
1 0.500651 0.351157 0.013802 0.042130
1 0.510547 0.349306 0.014844 0.047685
1 0.522526 0.358796 0.013802 0.037963
1 0.525521 0.386806 0.022917 0.041204
1 0.511198 0.386806 0.020833 0.045833
1 0.502995 0.394444 0.017448 0.042593
1 0.490495 0.387731 0.016406 0.052315
0 0.475521 0.391204 0.016146 0.048148
1 0.461198 0.390278 0.019271 0.052778
0 0.450000 0.386806 0.011979 0.052315
1 0.441016 0.390278 0.014844 0.046296
1 0.429948 0.387731 0.016667 0.048611
1 0.413021 0.386343 0.016146 0.048611
1 0.402344 0.388194 0.011979 0.048611
1 0.393750 0.387269 0.009896 0.040278
1 0.382943 0.387731 0.017969 0.049537
1 0.358594 0.391667 0.014583 0.048148
1 0.347396 0.400694 0.012500 0.043981
1 0.348047 0.444444 0.013802 0.050000
1 0.369792 0.451620 0.015625 0.042130
1 0.381771 0.443981 0.016146 0.051852
1 0.392969 0.453241 0.014063 0.034259
1 0.406771 0.442593 0.020833 0.053704
0 0.424870 0.448380 0.013281 0.042130
1 0.441146 0.446065 0.015625 0.048611
1 0.452995 0.447917 0.016927 0.046759
1 0.469922 0.450231 0.021615 0.042130
1 0.484766 0.443981 0.016927 0.054630
1 0.507292 0.448843 0.028125 0.055093
1 0.527214 0.452546 0.023177 0.056019
1 0.679818 0.452083 0.036198 0.053241
1 0.714193 0.448611 0.026823 0.051852
1 0.695573 0.501157 0.030729 0.031944
0 0.728776 0.506019 0.017969 0.021296
1 0.758073 0.447917 0.036458 0.032870
1 0.364193 0.492593 0.015885 0.056481
0 0.375651 0.490972 0.013281 0.058796
1 0.386589 0.494907 0.014323 0.060185
0 0.398047 0.494444 0.011198 0.053704
1 0.405990 0.502083 0.010417 0.056019
1 0.414844 0.494907 0.013021 0.056481
1 0.429297 0.493519 0.017448 0.058333
1 0.442839 0.494444 0.019531 0.049074
1 0.455469 0.490741 0.010937 0.050926
1 0.467448 0.492593 0.013021 0.056481
1 0.479948 0.490509 0.012500 0.060648
1 0.492448 0.490741 0.015104 0.058333
1 0.505990 0.490741 0.015625 0.051852
1 0.514844 0.508796 0.020833 0.040741
1 0.526823 0.507870 0.022917 0.061111
1 0.367839 0.538194 0.033594 0.053241
1 0.412891 0.540046 0.039844 0.047685
1 0.386719 0.567130 0.021875 0.067593
1 0.352344 0.610185 0.018229 0.062963
1 0.396094 0.612269 0.022917 0.071759
0 0.407943 0.613194 0.013802 0.059722
1 0.416146 0.621759 0.017708 0.043519
1 0.431120 0.610185 0.016406 0.066667
0 0.447526 0.614583 0.014323 0.058796
1 0.463542 0.605556 0.026042 0.072222
1 0.474089 0.611343 0.019531 0.068056
1 0.487500 0.615046 0.018750 0.060648
1 0.506120 0.622454 0.017448 0.047685
1 0.534896 0.612731 0.017708 0.069907
1 0.554948 0.616667 0.015625 0.069444
1 0.577474 0.661574 0.024740 0.061111
1 0.317839 0.675694 0.021094 0.069907
1 0.333464 0.669444 0.019531 0.080556
1 0.347917 0.674769 0.018229 0.066204
1 0.362240 0.666667 0.015104 0.065741
0 0.380599 0.675231 0.014323 0.069907
1 0.391797 0.673843 0.014844 0.070833
1 0.404427 0.677315 0.013021 0.062037
0 0.426042 0.674306 0.012500 0.070833
1 0.437500 0.681019 0.016667 0.068519
1 0.453125 0.677546 0.015625 0.068981
1 0.466797 0.680093 0.017448 0.066667
0 0.486198 0.678704 0.015104 0.070370
1 0.500391 0.677083 0.015885 0.070833
0 0.522396 0.676620 0.015625 0.072685
1 0.629948 0.736111 0.026042 0.087037
1 0.680339 0.851157 0.039323 0.093056
1 0.285026 0.830093 0.023698 0.081481
1 0.298047 0.833333 0.023177 0.088889
1 0.311719 0.837269 0.023438 0.081019
1 0.329688 0.834954 0.016667 0.078241
0 0.341667 0.834954 0.018229 0.080093
0 0.354167 0.839583 0.015625 0.068056
1 0.368490 0.839120 0.018229 0.069907
1 0.382943 0.839583 0.020052 0.068981
1 0.399870 0.830093 0.023698 0.088889
1 0.416667 0.830324 0.025521 0.088426
1 0.446875 0.827778 0.017188 0.075926
0 0.466797 0.833796 0.016406 0.070370
1 0.476693 0.830556 0.013281 0.066667
1 0.489844 0.825694 0.017188 0.068056
1 0.509766 0.821528 0.017969 0.095833
0 0.521094 0.833102 0.014063 0.074537
1 0.536589 0.821528 0.020573 0.086574
1 0.551823 0.828935 0.021875 0.089352
1 0.746615 0.855556 0.036979 0.056481
1 0.764193 0.894907 0.050260 0.050926
1 0.773568 0.934259 0.055469 0.070370
1 0.799349 0.849769 0.044531 0.058796
1 0.855469 0.857407 0.061979 0.055556
1 0.911068 0.861343 0.039323 0.061574
1 0.833594 0.939583 0.052604 0.056019
1 0.880599 0.948380 0.026302 0.043981
1 0.276042 0.923148 0.018750 0.084259
1 0.288672 0.920139 0.021094 0.088426
1 0.306120 0.913657 0.021094 0.066204
1 0.316276 0.919444 0.023698 0.086111
1 0.340495 0.917593 0.020052 0.093519
1 0.371094 0.919907 0.025521 0.081481
1 0.402995 0.922454 0.023698 0.089352
1 0.424870 0.913657 0.020573 0.094907
1 0.447526 0.925231 0.020573 0.081944
1 0.464323 0.922685 0.019792 0.084259
1 0.488021 0.917361 0.016146 0.074537
1 0.500391 0.922454 0.017448 0.083796
1 0.529297 0.920370 0.024219 0.096296
1 0.544922 0.915046 0.021615 0.080093
