1 0.307770 0.061277 0.021433 0.027043
1 0.310114 0.054948 0.020764 0.023590
1 0.313295 0.050921 0.015740 0.015535
1 0.334226 0.056962 0.008038 0.026467
1 0.349297 0.057250 0.008038 0.030495
1 0.357669 0.056099 0.006698 0.030495
1 0.316309 0.049482 0.015740 0.013809
1 0.363865 0.053797 0.007033 0.025892
1 0.371065 0.054948 0.008707 0.030495
1 0.377930 0.053510 0.008372 0.027618
1 0.385968 0.053797 0.011052 0.024741
1 0.392666 0.055236 0.009042 0.025316
1 0.400703 0.053797 0.007703 0.024741
0 0.406062 0.050345 0.007703 0.024741
0 0.409243 0.052934 0.007368 0.026467
0 0.414099 0.050633 0.007033 0.025316
1 0.303751 0.082566 0.020094 0.021289
1 0.334896 0.088320 0.008707 0.036249
1 0.342766 0.084868 0.010382 0.035098
1 0.350134 0.086018 0.007703 0.029344
1 0.357334 0.083717 0.010047 0.030495
1 0.367883 0.086018 0.009712 0.028193
1 0.375921 0.082566 0.009042 0.035098
1 0.386470 0.081991 0.010047 0.031646
0 0.394340 0.083142 0.008372 0.025892
0 0.398694 0.081703 0.006363 0.029919
1 0.405392 0.081128 0.008372 0.028769
1 0.414601 0.079402 0.009377 0.028769
0 0.419625 0.079689 0.008038 0.027043
1 0.424481 0.079402 0.009712 0.035673
1 0.421299 0.050058 0.012726 0.025316
1 0.428165 0.050633 0.014401 0.027618
1 0.438212 0.048619 0.008372 0.024741
1 0.443737 0.049770 0.008707 0.027043
0 0.431346 0.080552 0.006698 0.028769
0 0.436705 0.079402 0.007368 0.027618
1 0.443570 0.079114 0.008372 0.028193
1 0.302244 0.091484 0.016410 0.016110
0 0.449598 0.048907 0.008372 0.026467
0 0.455459 0.047468 0.007368 0.023590
1 0.461654 0.048907 0.011721 0.027618
0 0.470529 0.046605 0.007368 0.023015
1 0.476390 0.048044 0.008372 0.025892
1 0.483590 0.047181 0.008707 0.025316
1 0.490623 0.046605 0.010047 0.025316
1 0.498995 0.047756 0.010717 0.027618
0 0.506196 0.046893 0.007033 0.025892
1 0.512224 0.046318 0.009042 0.027043
1 0.529136 0.039701 0.008707 0.014960
1 0.526959 0.061277 0.010382 0.030495
1 0.539350 0.060990 0.011052 0.033372
1 0.535499 0.098677 0.012056 0.030495
0 0.454622 0.074223 0.007703 0.021864
1 0.461822 0.075949 0.008707 0.026467
1 0.469692 0.072209 0.011721 0.030495
1 0.476725 0.074223 0.009712 0.028769
1 0.486269 0.071922 0.012056 0.029919
1 0.493470 0.071922 0.011052 0.028769
1 0.504354 0.074511 0.013396 0.027043
0 0.513061 0.072497 0.009377 0.029919
0 0.558607 0.049194 0.008707 0.025892
1 0.566477 0.039413 0.007033 0.017837
1 0.554923 0.112773 0.012056 0.033372
1 0.573175 0.102417 0.011052 0.036824
1 0.606832 0.084292 0.026122 0.035098
1 0.629437 0.084580 0.021098 0.033372
1 0.592934 0.105006 0.020429 0.027043
1 0.612525 0.098964 0.021433 0.018412
1 0.638312 0.094361 0.022773 0.020713
1 0.664099 0.094649 0.021433 0.018987
1 0.656229 0.086018 0.017749 0.024741
1 0.289183 0.128596 0.023108 0.024741
1 0.291862 0.137514 0.023108 0.025316
1 0.285499 0.144994 0.025117 0.027618
1 0.287006 0.161392 0.018754 0.021289
1 0.318151 0.133487 0.015405 0.037975
1 0.341929 0.121979 0.012726 0.034522
1 0.367214 0.121404 0.010382 0.031070
1 0.377763 0.121692 0.010047 0.035098
1 0.384628 0.119102 0.009712 0.025316
1 0.394508 0.117089 0.010717 0.038550
1 0.405559 0.118815 0.011386 0.036249
1 0.432518 0.116226 0.010382 0.034522
1 0.441561 0.114787 0.009042 0.038550
1 0.448426 0.115650 0.011386 0.033372
1 0.456966 0.116226 0.009042 0.029919
0 0.463831 0.115650 0.009377 0.032221
0 0.471199 0.113061 0.011386 0.030495
1 0.477395 0.111623 0.009712 0.034522
0 0.494642 0.115938 0.008707 0.033947
1 0.502512 0.115362 0.012391 0.031646
1 0.519759 0.113349 0.011386 0.033372
0 0.510549 0.113636 0.007703 0.036249
1 0.542364 0.145282 0.011721 0.038550
1 0.555593 0.161680 0.011386 0.032221
1 0.345948 0.139816 0.021433 0.027618
1 0.341427 0.146145 0.025787 0.034522
1 0.364702 0.141254 0.020094 0.025892
1 0.385298 0.136939 0.020429 0.026467
1 0.386135 0.145857 0.023443 0.029344
1 0.404889 0.147871 0.024113 0.026467
0 0.410248 0.141542 0.022103 0.023015
1 0.434863 0.140679 0.022438 0.032796
1 0.466845 0.136651 0.023443 0.027043
1 0.461822 0.144419 0.023443 0.028769
1 0.482920 0.144419 0.020094 0.034522
1 0.484930 0.153913 0.017415 0.031646
0 0.497488 0.147296 0.009712 0.032221
1 0.510717 0.147008 0.016075 0.036249
0 0.523778 0.176928 0.011386 0.035098
0 0.287341 0.200230 0.014066 0.023015
1 0.287173 0.224108 0.009712 0.037399
1 0.298895 0.191887 0.011052 0.032796
1 0.298895 0.215190 0.013061 0.039125
1 0.308439 0.197353 0.012726 0.029919
0 0.316979 0.199655 0.009042 0.028769
0 0.313630 0.217491 0.008372 0.034522
1 0.342599 0.164269 0.024113 0.024741
1 0.366711 0.159379 0.023443 0.029919
1 0.326189 0.192750 0.012056 0.040276
1 0.340087 0.189586 0.011721 0.033947
0 0.334561 0.214039 0.014735 0.033372
0 0.341929 0.217204 0.009377 0.032796
1 0.349297 0.213751 0.011386 0.039701
1 0.357167 0.213464 0.011721 0.036824
1 0.350134 0.186421 0.009712 0.029919
1 0.360348 0.182969 0.012726 0.034522
1 0.370898 0.182394 0.013731 0.033372
1 0.377595 0.187284 0.010382 0.028193
0 0.386303 0.184983 0.009712 0.028193
1 0.396015 0.179804 0.009712 0.037399
1 0.431179 0.170598 0.009042 0.030495
0 0.356330 0.201093 0.024782 0.030495
0 0.387810 0.210012 0.010047 0.037975
1 0.378600 0.210012 0.010382 0.037975
1 0.397522 0.205984 0.010717 0.029919
1 0.416778 0.207998 0.023108 0.033947
1 0.406062 0.237917 0.021768 0.035098
1 0.420295 0.228711 0.024782 0.028193
1 0.432686 0.203395 0.013396 0.044304
1 0.446417 0.183257 0.009377 0.040852
1 0.454454 0.180667 0.012056 0.034522
1 0.462492 0.182106 0.010717 0.030495
1 0.482753 0.182681 0.009042 0.023590
1 0.492800 0.178366 0.011721 0.031070
1 0.500837 0.177791 0.009042 0.035673
1 0.511052 0.179517 0.010047 0.039125
1 0.518084 0.183832 0.008707 0.038550
1 0.544206 0.206272 0.012726 0.039701
1 0.571835 0.206559 0.015740 0.041427
1 0.557267 0.221519 0.012726 0.039125
1 0.014735 0.336018 0.013396 0.041427
1 0.022773 0.332278 0.016075 0.027043
1 0.075519 0.322497 0.031815 0.040852
1 0.098627 0.323648 0.023108 0.048907
1 0.113027 0.331991 0.020429 0.047181
1 0.135298 0.336306 0.010717 0.028193
1 0.152378 0.320196 0.024782 0.047756
1 0.132284 0.301208 0.007368 0.016686
1 0.110683 0.309264 0.008372 0.028193
1 0.014735 0.303510 0.014066 0.035098
1 0.091594 0.298907 0.022438 0.025892
1 0.170127 0.324223 0.020094 0.044304
1 0.185532 0.331991 0.020764 0.034522
1 0.274447 0.277043 0.011721 0.040852
1 0.312458 0.258631 0.014066 0.033947
1 0.327361 0.264097 0.012391 0.026467
1 0.312291 0.321346 0.032485 0.036249
1 0.300234 0.302647 0.013731 0.039125
1 0.324012 0.289413 0.013061 0.041427
1 0.278969 0.325374 0.019424 0.030495
1 0.341929 0.291139 0.012726 0.037975
1 0.347622 0.260932 0.014066 0.033947
1 0.358674 0.263234 0.013396 0.038550
1 0.365204 0.289125 0.010382 0.044304
1 0.370898 0.261220 0.013061 0.039125
1 0.380610 0.256617 0.013731 0.041427
1 0.386303 0.263521 0.013061 0.035673
1 0.372572 0.290564 0.015070 0.046030
1 0.384963 0.287687 0.009712 0.046030
0 0.396852 0.261507 0.010047 0.036249
1 0.395010 0.289125 0.011052 0.044304
1 0.405894 0.262371 0.012056 0.031070
1 0.418955 0.258631 0.011386 0.028193
1 0.405392 0.288262 0.014401 0.047181
1 0.414267 0.285961 0.014735 0.043728
1 0.433523 0.285961 0.014401 0.046030
1 0.438547 0.258918 0.010382 0.034522
1 0.448091 0.237342 0.026122 0.031646
0 0.445914 0.205121 0.011052 0.028193
1 0.455961 0.226122 0.023778 0.025316
1 0.454789 0.205409 0.011386 0.028769
1 0.464166 0.208861 0.013396 0.037975
1 0.476557 0.207135 0.013396 0.035673
1 0.486939 0.205121 0.010717 0.040852
1 0.498660 0.202819 0.012726 0.040852
1 0.509712 0.204545 0.012726 0.038550
0 0.519591 0.205409 0.011052 0.035673
1 0.447086 0.255754 0.010717 0.033947
1 0.446919 0.284522 0.014401 0.044304
1 0.458305 0.260069 0.012391 0.042578
1 0.468520 0.242808 0.008707 0.018412
1 0.459478 0.282796 0.011386 0.043153
1 0.470362 0.283372 0.016410 0.043153
0 0.477395 0.258343 0.007703 0.033372
1 0.484092 0.253165 0.009712 0.029919
1 0.491125 0.264672 0.010382 0.040276
1 0.481413 0.281933 0.013731 0.042578
0 0.493972 0.284235 0.010717 0.043728
1 0.500837 0.263234 0.011721 0.033947
1 0.506196 0.287112 0.019089 0.043728
1 0.508875 0.261795 0.014401 0.043728
1 0.515908 0.236766 0.026457 0.032796
1 0.532150 0.264960 0.012726 0.046605
1 0.539853 0.283084 0.014066 0.041427
1 0.553583 0.255466 0.012726 0.034522
1 0.557435 0.296605 0.014401 0.042002
1 0.564468 0.277043 0.013731 0.039701
1 0.572003 0.260069 0.012726 0.035673
1 0.611186 0.244534 0.018084 0.039125
1 0.598292 0.280207 0.011721 0.031070
1 0.629270 0.224684 0.028801 0.036249
1 0.657066 0.224971 0.023443 0.025316
1 0.685365 0.218930 0.023108 0.031646
1 0.638814 0.245109 0.027127 0.017261
1 0.669625 0.243096 0.024447 0.014384
1 0.721701 0.230725 0.026792 0.026467
1 0.716678 0.216341 0.028801 0.027618
1 0.832552 0.268700 0.029471 0.032221
0 0.915104 0.202532 0.014401 0.040276
1 0.920630 0.202244 0.013396 0.038550
0 0.935532 0.204258 0.015070 0.043728
0 0.945244 0.203682 0.014401 0.040276
0 0.950435 0.199655 0.012726 0.041427
1 0.957636 0.200230 0.014401 0.041427
1 0.967515 0.199367 0.012726 0.045455
1 0.977227 0.198504 0.013396 0.044879
1 0.986102 0.203107 0.008372 0.041427
1 0.892833 0.271289 0.028801 0.033947
0 0.905727 0.268700 0.024447 0.037975
0 0.918118 0.265823 0.025117 0.036824
0 0.925988 0.263234 0.023443 0.032796
1 0.936537 0.259494 0.020429 0.034522
1 0.945579 0.253452 0.019089 0.038550
1 0.960315 0.252877 0.019759 0.039701
1 0.972036 0.251151 0.018419 0.048907
1 0.984930 0.250575 0.012726 0.040852
1 0.020261 0.402186 0.021768 0.043728
1 0.023108 0.413119 0.024782 0.042578
1 0.038346 0.396433 0.013731 0.027618
1 0.043537 0.397583 0.012726 0.025316
1 0.080710 0.383199 0.013396 0.024166
1 0.087073 0.391830 0.020764 0.050633
0 0.098125 0.400460 0.016745 0.040276
1 0.115539 0.398159 0.019424 0.047181
1 0.129437 0.397296 0.017080 0.039701
1 0.141159 0.397296 0.016410 0.039701
1 0.155392 0.394131 0.020094 0.041427
1 0.169960 0.388953 0.014401 0.043728
1 0.186202 0.365075 0.028801 0.036249
1 0.197086 0.384062 0.019759 0.045455
1 0.217348 0.389528 0.021433 0.042578
1 0.233423 0.391542 0.017415 0.042002
1 0.308774 0.376295 0.014066 0.049482
0 0.316477 0.381761 0.010047 0.042002
1 0.328868 0.348101 0.014735 0.021864
1 0.341929 0.361335 0.012726 0.039125
0 0.349129 0.359321 0.011721 0.037399
1 0.360181 0.355006 0.015070 0.054085
1 0.370730 0.356157 0.014735 0.049482
1 0.380777 0.361623 0.011386 0.036249
1 0.580543 0.308688 0.026457 0.039701
1 0.566644 0.331703 0.030810 0.030495
1 0.537508 0.320483 0.028801 0.035673
1 0.569993 0.391254 0.019424 0.052934
0 0.386805 0.365938 0.012056 0.037975
0 0.395345 0.365650 0.010382 0.038550
0 0.401541 0.365650 0.010047 0.038550
0 0.408908 0.365075 0.010047 0.038550
0 0.416276 0.364499 0.010717 0.038550
0 0.423644 0.363061 0.009377 0.035673
0 0.429839 0.358746 0.010382 0.039701
1 0.434193 0.329689 0.030476 0.039125
1 0.437877 0.361047 0.010382 0.033947
1 0.444072 0.361335 0.010047 0.040276
1 0.453952 0.355293 0.014401 0.046605
1 0.466008 0.351841 0.012391 0.052359
1 0.475385 0.351841 0.013731 0.051208
1 0.490623 0.351554 0.013396 0.049482
1 0.501340 0.355293 0.014066 0.040852
1 0.511052 0.352992 0.014735 0.045455
1 0.522940 0.361335 0.013731 0.036824
1 0.526289 0.388090 0.023108 0.039701
1 0.512224 0.388665 0.021098 0.044304
1 0.504354 0.396145 0.017415 0.040852
1 0.491795 0.390391 0.016410 0.050058
0 0.477227 0.394419 0.016075 0.046605
1 0.463161 0.394131 0.019424 0.050633
0 0.452110 0.391542 0.012056 0.050058
1 0.443235 0.395282 0.015070 0.044879
1 0.432351 0.393268 0.016745 0.046605
1 0.415606 0.392980 0.016075 0.047181
1 0.405224 0.395282 0.012056 0.047181
1 0.396852 0.394707 0.010047 0.039125
1 0.386135 0.395570 0.018084 0.047756
1 0.362190 0.400748 0.014401 0.046605
1 0.351306 0.409666 0.012726 0.042578
1 0.352646 0.451381 0.014066 0.047756
1 0.374246 0.457135 0.015740 0.040852
1 0.385800 0.449367 0.016075 0.049482
1 0.397019 0.457422 0.014401 0.033372
1 0.410415 0.446778 0.021098 0.051208
0 0.428332 0.451381 0.013396 0.040852
1 0.444240 0.448504 0.015740 0.046605
1 0.455961 0.449367 0.017080 0.044879
1 0.472706 0.450806 0.021768 0.040852
1 0.487106 0.444189 0.017080 0.052934
1 0.509377 0.447641 0.028131 0.052934
1 0.528969 0.450230 0.023108 0.053510
1 0.679169 0.442175 0.036169 0.051208
1 0.712994 0.437572 0.026792 0.050058
1 0.695412 0.488493 0.030476 0.031070
0 0.728232 0.491369 0.017749 0.020713
1 0.756196 0.434695 0.036169 0.031646
1 0.369390 0.496548 0.016075 0.054085
0 0.380442 0.494246 0.013396 0.056387
1 0.391326 0.497411 0.014401 0.058113
0 0.402545 0.496548 0.011386 0.051784
1 0.410583 0.503452 0.010717 0.054085
1 0.419123 0.495972 0.013061 0.054085
1 0.433356 0.493959 0.017415 0.055811
1 0.446752 0.494246 0.019424 0.047181
1 0.458975 0.489931 0.011052 0.048907
1 0.470864 0.491369 0.013396 0.054085
1 0.483255 0.488780 0.012726 0.058113
1 0.495479 0.488205 0.015070 0.055811
1 0.508875 0.487629 0.015740 0.050058
1 0.517749 0.504315 0.020764 0.039701
1 0.529471 0.502877 0.022773 0.058688
1 0.373744 0.539413 0.033490 0.051208
1 0.417950 0.539125 0.039518 0.046030
1 0.392666 0.566168 0.021768 0.064442
1 0.359511 0.609033 0.018419 0.060414
1 0.402545 0.608746 0.022773 0.069045
0 0.414267 0.608746 0.014066 0.057537
1 0.422472 0.616513 0.017749 0.042002
1 0.437040 0.605006 0.016745 0.063867
0 0.453282 0.608170 0.014401 0.056387
1 0.468855 0.598964 0.026122 0.069045
1 0.479404 0.603855 0.019759 0.065017
1 0.492632 0.606732 0.018754 0.058113
1 0.511052 0.612773 0.017415 0.046030
1 0.539183 0.602129 0.018084 0.067319
1 0.559109 0.605006 0.015740 0.066168
1 0.581882 0.646720 0.024447 0.058688
1 0.326691 0.672612 0.021098 0.066743
1 0.341929 0.665995 0.019424 0.077675
1 0.356162 0.670311 0.018419 0.063291
1 0.370228 0.661968 0.015070 0.062716
0 0.388312 0.669160 0.014401 0.066743
1 0.399364 0.667434 0.015070 0.067894
1 0.411755 0.670023 0.013061 0.059264
0 0.433021 0.666283 0.012726 0.067894
1 0.444407 0.672037 0.016745 0.065593
1 0.459645 0.667722 0.015740 0.066168
1 0.473208 0.669448 0.017415 0.063867
0 0.492297 0.667146 0.015405 0.067319
1 0.506363 0.665132 0.016075 0.067894
0 0.527964 0.663694 0.015740 0.069620
1 0.634628 0.714902 0.026122 0.083429
1 0.686035 0.821922 0.039183 0.089183
1 0.296885 0.821059 0.023778 0.078251
1 0.309612 0.823360 0.023108 0.085155
1 0.323175 0.826525 0.023443 0.077675
1 0.340924 0.823360 0.016745 0.074799
0 0.352646 0.823072 0.018084 0.076525
0 0.365037 0.826812 0.015405 0.065593
1 0.379102 0.825662 0.018084 0.066743
1 0.393336 0.825374 0.019759 0.066168
1 0.409745 0.815305 0.023778 0.085155
1 0.426323 0.815017 0.025452 0.084580
1 0.456129 0.810990 0.017415 0.073072
0 0.475720 0.815593 0.016410 0.067319
1 0.485265 0.812140 0.013396 0.063867
1 0.498326 0.806962 0.017415 0.065017
1 0.517749 0.801784 0.018084 0.091484
0 0.529136 0.812428 0.014066 0.071346
1 0.544206 0.800633 0.020764 0.083429
1 0.559277 0.806962 0.022103 0.085731
1 0.751340 0.822785 0.036504 0.054085
1 0.769257 0.859321 0.049565 0.048907
1 0.779136 0.896145 0.054588 0.067319
1 0.803081 0.814730 0.044206 0.056387
1 0.858506 0.819045 0.061286 0.053510
1 0.913262 0.820196 0.038848 0.059264
1 0.838245 0.898159 0.052244 0.054085
1 0.884628 0.904488 0.026457 0.042578
1 0.289518 0.910242 0.019089 0.080552
1 0.301909 0.906502 0.021098 0.084580
1 0.318989 0.899597 0.021098 0.063867
1 0.329035 0.904488 0.023778 0.082854
1 0.352981 0.901611 0.020094 0.089758
1 0.383121 0.902186 0.025452 0.078251
1 0.414434 0.903049 0.023778 0.085731
1 0.435867 0.893556 0.020429 0.090909
1 0.458305 0.903625 0.020429 0.078826
1 0.474715 0.900460 0.019759 0.080552
1 0.497991 0.894131 0.016075 0.071346
1 0.510214 0.898446 0.017749 0.079977
1 0.538513 0.894994 0.024113 0.092635
1 0.553918 0.889241 0.021433 0.076525
