1 0.309115 0.974537 0.021354 0.027778
1 0.311719 0.980787 0.020833 0.024537
1 0.314844 0.984954 0.015625 0.016204
1 0.336068 0.977546 0.007552 0.027315
1 0.351302 0.976389 0.007812 0.031481
1 0.359896 0.977315 0.006771 0.031481
1 0.317969 0.986343 0.015625 0.013426
1 0.366276 0.979398 0.007031 0.026389
1 0.373568 0.977778 0.008594 0.031481
1 0.380599 0.978704 0.008073 0.028704
1 0.388672 0.978241 0.010677 0.025000
1 0.395443 0.976389 0.008594 0.025926
1 0.403646 0.977546 0.007292 0.025463
0 0.409245 0.980787 0.007552 0.025463
0 0.412370 0.978009 0.007031 0.027315
0 0.417448 0.980093 0.006771 0.025926
1 0.304818 0.952083 0.020052 0.021759
1 0.336198 0.944676 0.008333 0.037500
1 0.344271 0.947685 0.010417 0.036111
1 0.351693 0.946065 0.007552 0.030093
1 0.359115 0.948148 0.009896 0.031481
1 0.369792 0.945139 0.009375 0.029167
1 0.377995 0.948380 0.008594 0.036574
1 0.388802 0.948611 0.009896 0.032407
0 0.396745 0.946991 0.008073 0.026389
0 0.401172 0.948148 0.005990 0.030556
1 0.407943 0.948148 0.008073 0.029630
1 0.417318 0.949537 0.009115 0.029630
0 0.422396 0.949074 0.007812 0.027778
1 0.427474 0.949306 0.009635 0.036574
1 0.424740 0.980093 0.012500 0.025926
1 0.431641 0.979398 0.014323 0.028241
1 0.441797 0.980787 0.008073 0.025463
1 0.447396 0.979167 0.008333 0.027778
0 0.434375 0.947685 0.006250 0.029630
0 0.439714 0.948611 0.007031 0.028704
1 0.446745 0.948611 0.008073 0.028704
1 0.302995 0.942824 0.016406 0.016204
0 0.453516 0.979861 0.008073 0.027315
0 0.459375 0.981250 0.007292 0.024537
1 0.465625 0.979398 0.011458 0.028241
0 0.474740 0.981250 0.007292 0.023611
1 0.480599 0.979630 0.008073 0.026852
1 0.488021 0.980093 0.008333 0.025926
1 0.495052 0.980093 0.009896 0.025926
1 0.503646 0.978704 0.010417 0.028704
0 0.510938 0.979167 0.006771 0.026852
1 0.517188 0.979398 0.008854 0.028241
1 0.534375 0.985417 0.008333 0.015278
1 0.531641 0.962963 0.010156 0.031481
1 0.544401 0.962500 0.010677 0.034259
1 0.539844 0.923148 0.011979 0.031481
0 0.457943 0.953009 0.007552 0.022685
1 0.465365 0.950926 0.008333 0.026852
1 0.473438 0.954398 0.011458 0.031019
1 0.480469 0.951852 0.009375 0.029630
1 0.490365 0.953935 0.011979 0.031019
1 0.497526 0.953472 0.010677 0.030093
1 0.508594 0.950000 0.013021 0.027778
0 0.517448 0.951852 0.009375 0.030556
0 0.564063 0.974074 0.008333 0.026852
1 0.572396 0.984028 0.006771 0.018056
1 0.559245 0.907176 0.011719 0.034722
1 0.577995 0.917130 0.011198 0.037963
1 0.612370 0.934722 0.026302 0.036111
1 0.635417 0.933102 0.021354 0.034722
1 0.598047 0.913426 0.020573 0.027778
1 0.617969 0.918750 0.021354 0.018981
1 0.644271 0.922222 0.022917 0.021296
1 0.670573 0.920602 0.021354 0.018981
1 0.662500 0.930324 0.017708 0.025463
1 0.289193 0.904630 0.023177 0.025926
1 0.291667 0.895139 0.022917 0.026389
1 0.285026 0.887500 0.025260 0.028704
1 0.286198 0.870139 0.018750 0.021759
1 0.318490 0.897917 0.015104 0.039352
1 0.342839 0.909028 0.012760 0.035648
1 0.368620 0.908102 0.010156 0.031944
1 0.379167 0.907407 0.009896 0.036111
1 0.386198 0.909491 0.009375 0.026389
1 0.396224 0.911111 0.010677 0.039815
1 0.407422 0.908796 0.011198 0.037037
1 0.434896 0.910185 0.009896 0.036111
1 0.444271 0.911111 0.008854 0.039815
1 0.451042 0.909954 0.011458 0.034722
1 0.459766 0.909028 0.008594 0.031019
0 0.466667 0.909028 0.009375 0.032870
0 0.474089 0.911574 0.011198 0.031481
1 0.480469 0.912500 0.009375 0.036111
0 0.498047 0.907176 0.008594 0.034722
1 0.506120 0.907176 0.012240 0.032870
1 0.523568 0.908565 0.011198 0.034722
0 0.514193 0.908565 0.007552 0.037500
1 0.545964 0.873611 0.011719 0.039815
1 0.559245 0.855787 0.011198 0.032870
1 0.346615 0.889815 0.021354 0.028704
1 0.341797 0.883565 0.025781 0.035648
1 0.365495 0.887500 0.020052 0.026852
1 0.386589 0.890972 0.020573 0.027315
1 0.387240 0.881250 0.023438 0.030093
1 0.406250 0.878241 0.023958 0.026852
0 0.411849 0.884722 0.022135 0.024074
1 0.436849 0.884491 0.022656 0.033796
1 0.469401 0.886574 0.023177 0.027778
1 0.464193 0.878935 0.023698 0.029167
1 0.485547 0.878009 0.020052 0.035648
1 0.487370 0.867824 0.017448 0.032870
0 0.500391 0.874074 0.009635 0.033333
1 0.513802 0.873843 0.016146 0.037500
0 0.526563 0.841667 0.010937 0.036111
0 0.286068 0.829398 0.013802 0.023611
1 0.285417 0.804398 0.009375 0.038426
1 0.297917 0.837500 0.010937 0.034259
1 0.297396 0.812963 0.013021 0.040741
1 0.307422 0.831250 0.012760 0.031019
0 0.316146 0.828704 0.008854 0.029630
0 0.312370 0.809954 0.008073 0.035648
1 0.342839 0.864120 0.024219 0.025463
1 0.367188 0.868287 0.023438 0.031019
1 0.325521 0.835185 0.011979 0.041667
1 0.339714 0.837963 0.011719 0.035185
0 0.333724 0.812500 0.014323 0.034259
0 0.341276 0.808796 0.009115 0.034259
1 0.348698 0.812037 0.010937 0.040741
1 0.356771 0.812037 0.011458 0.037963
1 0.350000 0.840741 0.009375 0.030556
1 0.360417 0.843750 0.012500 0.035648
1 0.371224 0.843750 0.013802 0.034722
1 0.377995 0.838426 0.010156 0.028704
0 0.386719 0.840278 0.009375 0.029630
1 0.396745 0.845139 0.009635 0.038426
1 0.432552 0.852778 0.008854 0.031481
0 0.356120 0.825000 0.024740 0.031481
0 0.388021 0.813889 0.009896 0.038889
1 0.378516 0.814352 0.010156 0.038889
1 0.397917 0.817824 0.010417 0.031019
1 0.417318 0.814583 0.023177 0.034722
1 0.405990 0.783565 0.021875 0.036574
1 0.420573 0.792361 0.025000 0.029167
1 0.433594 0.818287 0.013021 0.045833
1 0.447917 0.838889 0.009375 0.042593
1 0.456120 0.841204 0.011719 0.035185
1 0.464193 0.839352 0.010677 0.031481
1 0.484766 0.837500 0.008594 0.024074
1 0.495052 0.841435 0.011458 0.031944
1 0.503125 0.841898 0.008854 0.036574
1 0.513542 0.839352 0.009896 0.040741
1 0.520573 0.834491 0.008333 0.040278
1 0.546875 0.809491 0.012500 0.041204
1 0.575000 0.808102 0.015625 0.043056
1 0.559766 0.792824 0.012760 0.040278
1 0.006771 0.700926 0.013542 0.042593
1 0.014974 0.704630 0.015885 0.027778
1 0.068620 0.712037 0.032031 0.042593
1 0.092318 0.709722 0.023177 0.050926
1 0.106641 0.700000 0.020573 0.049074
1 0.129297 0.694213 0.010677 0.029167
1 0.146875 0.710417 0.025000 0.049537
1 0.126693 0.731250 0.007031 0.017130
1 0.104818 0.724074 0.008073 0.028704
1 0.007292 0.735185 0.014063 0.036111
1 0.085417 0.735880 0.022396 0.026389
1 0.164714 0.705324 0.020052 0.045833
1 0.180339 0.696065 0.020573 0.035648
1 0.271615 0.749537 0.011458 0.042593
1 0.310547 0.766667 0.013802 0.035185
1 0.325521 0.759954 0.011979 0.027315
1 0.309245 0.700694 0.032552 0.037500
1 0.297396 0.721065 0.013542 0.040278
1 0.321615 0.733565 0.013021 0.043056
1 0.275391 0.698611 0.019531 0.031481
1 0.339844 0.731250 0.012500 0.039352
1 0.346224 0.762500 0.013802 0.035185
1 0.357422 0.759491 0.013281 0.040278
1 0.363672 0.731713 0.010156 0.045833
1 0.369792 0.760880 0.013021 0.040278
1 0.379818 0.765278 0.013802 0.043519
1 0.385417 0.757639 0.013021 0.036574
1 0.371094 0.730093 0.015104 0.048148
1 0.383594 0.732176 0.009375 0.047685
0 0.396094 0.759259 0.009896 0.037037
1 0.393750 0.730324 0.010937 0.045833
1 0.405469 0.758102 0.011979 0.031944
1 0.418620 0.761111 0.011198 0.028704
1 0.404297 0.730556 0.014323 0.049074
1 0.413542 0.732639 0.014583 0.044907
1 0.432943 0.731713 0.014323 0.047685
1 0.438672 0.759722 0.010156 0.036111
1 0.448568 0.782176 0.026302 0.032870
0 0.446875 0.815972 0.010937 0.029167
1 0.456771 0.793287 0.023958 0.026389
1 0.455990 0.815278 0.010937 0.029630
1 0.465495 0.811343 0.013281 0.039352
1 0.477995 0.812037 0.013281 0.037037
1 0.488672 0.813889 0.010677 0.042593
1 0.500521 0.815509 0.012500 0.042130
1 0.511719 0.813426 0.012500 0.039815
0 0.521745 0.812037 0.010677 0.037037
1 0.447266 0.762500 0.010677 0.035185
1 0.446615 0.732639 0.014063 0.045833
1 0.458594 0.757639 0.011979 0.043981
1 0.469401 0.775000 0.008594 0.018519
1 0.459375 0.733565 0.011458 0.044907
1 0.470443 0.732639 0.016406 0.044907
0 0.477995 0.758333 0.007552 0.034259
1 0.484896 0.763426 0.009375 0.030556
1 0.491797 0.750926 0.010156 0.041667
1 0.481771 0.733565 0.013542 0.043981
0 0.494401 0.730324 0.010677 0.044907
1 0.501693 0.752083 0.011719 0.034722
1 0.506901 0.726389 0.019010 0.045370
1 0.510026 0.753241 0.014323 0.045370
1 0.517448 0.778935 0.026562 0.033796
1 0.533594 0.748611 0.012500 0.048148
1 0.541016 0.728935 0.013802 0.043056
1 0.555469 0.757407 0.012500 0.036111
1 0.558724 0.713889 0.014323 0.043519
1 0.566146 0.734259 0.013542 0.040741
1 0.574219 0.751852 0.012500 0.037037
1 0.614193 0.765972 0.017969 0.040278
1 0.600391 0.728935 0.011719 0.031944
1 0.632943 0.785880 0.028906 0.037500
1 0.661068 0.784028 0.023698 0.026389
1 0.689974 0.788889 0.023177 0.032407
1 0.642188 0.763889 0.027083 0.017593
1 0.673438 0.764352 0.024479 0.014815
1 0.726693 0.774537 0.026823 0.026852
1 0.721745 0.790046 0.028906 0.028241
1 0.838542 0.728704 0.029687 0.033333
0 0.923568 0.794213 0.014323 0.042130
1 0.929167 0.794213 0.013021 0.040278
0 0.944271 0.791204 0.015104 0.045370
0 0.954297 0.791204 0.014323 0.041667
0 0.959375 0.795139 0.012500 0.043056
1 0.966797 0.794213 0.014323 0.043056
1 0.976823 0.794676 0.012500 0.046759
1 0.986849 0.795139 0.013281 0.046759
1 0.995573 0.789815 0.008333 0.042593
1 0.899740 0.722917 0.029167 0.034722
0 0.913021 0.725000 0.024479 0.038889
0 0.925521 0.727546 0.025000 0.038426
0 0.933594 0.729861 0.023438 0.033796
1 0.944401 0.733102 0.020573 0.035648
1 0.953646 0.738889 0.019271 0.039815
1 0.968750 0.738889 0.019792 0.040741
1 0.980469 0.739815 0.018229 0.050926
1 0.993750 0.739815 0.012500 0.042593
1 0.011198 0.631250 0.021875 0.045833
1 0.014063 0.619676 0.025000 0.043981
1 0.029818 0.636111 0.013802 0.028704
1 0.035026 0.634722 0.012760 0.025926
1 0.073047 0.648148 0.013281 0.025000
1 0.079297 0.638426 0.020573 0.052778
0 0.090365 0.628704 0.016667 0.041667
1 0.108073 0.630324 0.019271 0.048611
1 0.122266 0.630787 0.016927 0.041204
1 0.134245 0.629861 0.016406 0.041204
1 0.148568 0.632639 0.020052 0.043056
1 0.163672 0.637500 0.014323 0.045370
1 0.180339 0.661343 0.028906 0.037500
1 0.191146 0.640972 0.019792 0.046759
1 0.211719 0.634028 0.021354 0.043981
1 0.227995 0.631250 0.017448 0.043981
1 0.304818 0.643287 0.013802 0.051389
0 0.312500 0.637037 0.009896 0.043519
1 0.325651 0.671759 0.014323 0.022222
1 0.338672 0.657176 0.012760 0.040278
0 0.346094 0.658796 0.011458 0.038889
1 0.357422 0.662963 0.014844 0.056481
1 0.367969 0.661343 0.014583 0.051389
1 0.377995 0.654861 0.011198 0.037500
1 0.581901 0.700000 0.026302 0.040741
1 0.567448 0.676389 0.031250 0.031481
1 0.538021 0.690046 0.029167 0.036574
1 0.569792 0.613889 0.019271 0.054630
0 0.384245 0.650000 0.011719 0.039815
0 0.392839 0.650000 0.010156 0.039815
0 0.399219 0.649537 0.009896 0.039815
0 0.406771 0.650000 0.009896 0.039815
0 0.414193 0.650000 0.010677 0.039815
0 0.421615 0.651389 0.009375 0.037037
0 0.427995 0.655324 0.010156 0.041204
1 0.432943 0.685648 0.030469 0.040741
1 0.436068 0.652778 0.010156 0.035185
1 0.442448 0.651852 0.009896 0.041667
1 0.452474 0.657639 0.014323 0.048611
1 0.464714 0.660648 0.012240 0.054630
1 0.474349 0.660417 0.013802 0.053241
1 0.489844 0.659954 0.013542 0.051389
1 0.500651 0.655324 0.013802 0.042130
1 0.510547 0.657176 0.014844 0.047685
1 0.522526 0.647685 0.013802 0.037963
1 0.525521 0.619676 0.022917 0.041204
1 0.511198 0.619676 0.020833 0.045833
1 0.502995 0.612037 0.017448 0.042593
1 0.490495 0.618750 0.016406 0.052315
0 0.475521 0.615278 0.016146 0.048148
1 0.461198 0.616204 0.019271 0.052778
0 0.450000 0.619676 0.011979 0.052315
1 0.441016 0.616204 0.014844 0.046296
1 0.429948 0.618750 0.016667 0.048611
1 0.413021 0.620139 0.016146 0.048611
1 0.402344 0.618287 0.011979 0.048611
1 0.393750 0.619213 0.009896 0.040278
1 0.382943 0.618750 0.017969 0.049537
1 0.358594 0.614815 0.014583 0.048148
1 0.347396 0.605787 0.012500 0.043981
1 0.348047 0.562037 0.013802 0.050000
1 0.369792 0.554861 0.015625 0.042130
1 0.381771 0.562500 0.016146 0.051852
1 0.392969 0.553241 0.014063 0.034259
1 0.406771 0.563889 0.020833 0.053704
0 0.424870 0.558102 0.013281 0.042130
1 0.441146 0.560417 0.015625 0.048611
1 0.452995 0.558565 0.016927 0.046759
1 0.469922 0.556250 0.021615 0.042130
1 0.484766 0.562500 0.016927 0.054630
1 0.507292 0.557639 0.028125 0.055093
1 0.527214 0.553935 0.023177 0.056019
1 0.679818 0.554398 0.036198 0.053241
1 0.714193 0.557870 0.026823 0.051852
1 0.695573 0.505324 0.030729 0.031944
0 0.728776 0.500463 0.017969 0.021296
1 0.758073 0.558565 0.036458 0.032870
1 0.364193 0.513889 0.015885 0.056481
0 0.375651 0.515509 0.013281 0.058796
1 0.386589 0.511574 0.014323 0.060185
0 0.398047 0.512037 0.011198 0.053704
1 0.405990 0.504398 0.010417 0.056019
1 0.414844 0.511574 0.013021 0.056481
1 0.429297 0.512963 0.017448 0.058333
1 0.442839 0.512037 0.019531 0.049074
1 0.455469 0.515741 0.010937 0.050926
1 0.467448 0.513889 0.013021 0.056481
1 0.479948 0.515972 0.012500 0.060648
1 0.492448 0.515741 0.015104 0.058333
1 0.505990 0.515741 0.015625 0.051852
1 0.514844 0.497685 0.020833 0.040741
1 0.526823 0.498611 0.022917 0.061111
1 0.367839 0.468287 0.033594 0.053241
1 0.412891 0.466435 0.039844 0.047685
1 0.386719 0.439352 0.021875 0.067593
1 0.352344 0.396296 0.018229 0.062963
1 0.396094 0.394213 0.022917 0.071759
0 0.407943 0.393287 0.013802 0.059722
1 0.416146 0.384722 0.017708 0.043519
1 0.431120 0.396296 0.016406 0.066667
0 0.447526 0.391898 0.014323 0.058796
1 0.463542 0.400926 0.026042 0.072222
1 0.474089 0.395139 0.019531 0.068056
1 0.487500 0.391435 0.018750 0.060648
1 0.506120 0.384028 0.017448 0.047685
1 0.534896 0.393750 0.017708 0.069907
1 0.554948 0.389815 0.015625 0.069444
1 0.577474 0.344907 0.024740 0.061111
1 0.317839 0.330787 0.021094 0.069907
1 0.333464 0.337037 0.019531 0.080556
1 0.347917 0.331713 0.018229 0.066204
1 0.362240 0.339815 0.015104 0.065741
0 0.380599 0.331250 0.014323 0.069907
1 0.391797 0.332639 0.014844 0.070833
1 0.404427 0.329167 0.013021 0.062037
0 0.426042 0.332176 0.012500 0.070833
1 0.437500 0.325463 0.016667 0.068519
1 0.453125 0.328935 0.015625 0.068981
1 0.466797 0.326389 0.017448 0.066667
0 0.486198 0.327778 0.015104 0.070370
1 0.500391 0.329398 0.015885 0.070833
0 0.522396 0.329861 0.015625 0.072685
1 0.629948 0.270370 0.026042 0.087037
1 0.680339 0.155324 0.039323 0.093056
1 0.285026 0.176389 0.023698 0.081481
1 0.298047 0.173148 0.023177 0.088889
1 0.311719 0.169213 0.023438 0.081019
1 0.329688 0.171528 0.016667 0.078241
0 0.341667 0.171528 0.018229 0.080093
0 0.354167 0.166898 0.015625 0.068056
1 0.368490 0.167361 0.018229 0.069907
1 0.382943 0.166898 0.020052 0.068981
1 0.399870 0.176389 0.023698 0.088889
1 0.416667 0.176157 0.025521 0.088426
1 0.446875 0.178704 0.017188 0.075926
0 0.466797 0.172685 0.016406 0.070370
1 0.476693 0.175926 0.013281 0.066667
1 0.489844 0.180787 0.017188 0.068056
1 0.509766 0.184954 0.017969 0.095833
0 0.521094 0.173380 0.014063 0.074537
1 0.536589 0.184954 0.020573 0.086574
1 0.551823 0.177546 0.021875 0.089352
1 0.746615 0.150926 0.036979 0.056481
1 0.764193 0.111574 0.050260 0.050926
1 0.773568 0.072222 0.055469 0.070370
1 0.799349 0.156713 0.044531 0.058796
1 0.855469 0.149074 0.061979 0.055556
1 0.911068 0.145139 0.039323 0.061574
1 0.833594 0.066898 0.052604 0.056019
1 0.880599 0.058102 0.026302 0.043981
1 0.276042 0.083333 0.018750 0.084259
1 0.288672 0.086343 0.021094 0.088426
1 0.306120 0.092824 0.021094 0.066204
1 0.316276 0.087037 0.023698 0.086111
1 0.340495 0.088889 0.020052 0.093519
1 0.371094 0.086574 0.025521 0.081481
1 0.402995 0.084028 0.023698 0.089352
1 0.424870 0.092824 0.020573 0.094907
1 0.447526 0.081250 0.020573 0.081944
1 0.464323 0.083796 0.019792 0.084259
1 0.488021 0.089120 0.016146 0.074537
1 0.500391 0.084028 0.017448 0.083796
1 0.529297 0.086111 0.024219 0.096296
1 0.544922 0.091435 0.021615 0.080093
