1 0.697122 0.112514 0.020750 0.025247
1 0.694946 0.106751 0.020415 0.022503
1 0.692102 0.102634 0.015395 0.015368
1 0.671352 0.106751 0.007363 0.024698
1 0.656794 0.105928 0.007697 0.028540
1 0.648427 0.104281 0.007028 0.028540
1 0.689090 0.100988 0.015395 0.012075
1 0.642403 0.101811 0.007028 0.023600
1 0.635375 0.102360 0.008367 0.027991
1 0.628514 0.100714 0.008032 0.025796
1 0.620817 0.100165 0.010710 0.022503
1 0.614290 0.101262 0.008367 0.023600
1 0.606426 0.099341 0.007363 0.023052
0 0.601238 0.095499 0.007697 0.023052
0 0.598059 0.097969 0.007363 0.024698
0 0.593206 0.095225 0.007028 0.023600
1 0.700469 0.132821 0.019411 0.019759
1 0.669846 0.135840 0.008367 0.033480
1 0.662483 0.132272 0.010375 0.032931
1 0.655120 0.132821 0.007697 0.027442
1 0.648092 0.130077 0.009705 0.028540
1 0.637718 0.131723 0.009036 0.026345
1 0.629853 0.127881 0.008701 0.032931
1 0.619645 0.126509 0.009705 0.029089
0 0.611780 0.127058 0.008032 0.023600
0 0.607764 0.125412 0.006024 0.027991
1 0.601071 0.124863 0.008032 0.026894
1 0.592202 0.122393 0.009036 0.026345
0 0.587349 0.122393 0.008032 0.025247
1 0.582497 0.121295 0.009705 0.032931
1 0.586178 0.094676 0.012383 0.023600
1 0.579652 0.094402 0.014056 0.025247
1 0.569946 0.091932 0.008032 0.023600
1 0.564424 0.092755 0.008367 0.025247
0 0.575803 0.122119 0.006359 0.026894
0 0.570783 0.120746 0.007028 0.026345
1 0.563922 0.119923 0.008032 0.025796
1 0.701807 0.141328 0.016064 0.014819
0 0.558568 0.091383 0.008032 0.024698
0 0.552878 0.089462 0.007363 0.021954
1 0.546854 0.090560 0.011379 0.025247
0 0.538153 0.087816 0.007363 0.021954
1 0.532463 0.088639 0.008032 0.024698
1 0.525602 0.087541 0.008367 0.023600
1 0.518742 0.086443 0.010040 0.023600
1 0.510375 0.086718 0.010040 0.026345
0 0.503347 0.085620 0.006693 0.024149
1 0.497323 0.084797 0.008701 0.025796
1 0.481091 0.077387 0.008367 0.014270
1 0.482932 0.097695 0.010040 0.028540
1 0.470549 0.096597 0.010710 0.030735
1 0.473394 0.131998 0.011714 0.027991
0 0.553380 0.114709 0.007697 0.020856
1 0.546017 0.115807 0.008367 0.024149
1 0.538487 0.111690 0.011379 0.027991
1 0.531459 0.113337 0.009371 0.026894
1 0.522256 0.110044 0.011714 0.027991
1 0.515228 0.109769 0.010375 0.027442
1 0.504518 0.111690 0.013052 0.024698
0 0.495984 0.109221 0.009371 0.027442
0 0.452142 0.083974 0.008032 0.024149
1 0.444444 0.074094 0.006693 0.016465
1 0.454150 0.144072 0.011379 0.031284
1 0.436580 0.132821 0.011044 0.034029
1 0.404116 0.113337 0.025770 0.032382
1 0.382028 0.112239 0.021084 0.031284
1 0.417001 0.133919 0.020080 0.025247
1 0.398260 0.127058 0.020750 0.017014
1 0.372992 0.121021 0.022423 0.019210
1 0.347724 0.119374 0.020750 0.017014
1 0.355756 0.111965 0.017403 0.023052
1 0.713521 0.176729 0.022758 0.023052
1 0.710843 0.184962 0.022088 0.024149
1 0.716867 0.192371 0.024766 0.025796
1 0.715027 0.207464 0.018407 0.019759
1 0.685241 0.179473 0.015060 0.035126
1 0.662316 0.166850 0.012718 0.031833
1 0.637383 0.164654 0.010375 0.028540
1 0.627343 0.164105 0.009705 0.032931
1 0.620482 0.161361 0.009371 0.024149
1 0.610944 0.158891 0.010375 0.035675
1 0.600234 0.159715 0.011044 0.032931
1 0.573795 0.155324 0.009705 0.032931
1 0.564759 0.153403 0.009036 0.035675
1 0.558233 0.153952 0.011379 0.031284
1 0.549866 0.153403 0.008701 0.027991
0 0.543173 0.152580 0.009371 0.029638
0 0.536312 0.149835 0.011044 0.028540
1 0.530120 0.148189 0.009371 0.032931
0 0.513052 0.150659 0.008701 0.031284
1 0.505355 0.149835 0.012048 0.029638
1 0.488454 0.146817 0.011044 0.031284
0 0.497490 0.147914 0.007697 0.033480
1 0.465696 0.175357 0.011714 0.035675
1 0.452309 0.189352 0.011044 0.029638
1 0.657798 0.183315 0.021084 0.026345
1 0.662149 0.189352 0.025100 0.031833
1 0.639558 0.183315 0.019411 0.024149
1 0.619478 0.177827 0.020080 0.025247
1 0.618474 0.186334 0.022758 0.026894
1 0.600067 0.186883 0.023427 0.024698
0 0.594880 0.180571 0.021754 0.021954
1 0.570950 0.177827 0.022088 0.030735
1 0.539659 0.172338 0.022423 0.025247
1 0.544344 0.179748 0.023092 0.026894
1 0.523929 0.178101 0.019746 0.032382
1 0.521586 0.187157 0.017068 0.029638
0 0.509538 0.179748 0.009705 0.030187
1 0.496486 0.178650 0.015730 0.033480
0 0.483099 0.205543 0.011044 0.032382
0 0.713688 0.243963 0.013722 0.021405
1 0.713353 0.265917 0.009036 0.034577
1 0.702644 0.235181 0.011044 0.031284
1 0.702142 0.257135 0.012718 0.036773
1 0.693273 0.239572 0.012383 0.027991
0 0.684739 0.241218 0.008701 0.026894
0 0.687751 0.257958 0.008032 0.031833
1 0.660475 0.206367 0.023762 0.023052
1 0.637216 0.200055 0.022758 0.027991
1 0.676037 0.234358 0.012048 0.037322
1 0.662483 0.229967 0.011714 0.031833
0 0.667336 0.253293 0.014056 0.031284
0 0.659806 0.255763 0.009036 0.030735
1 0.652778 0.252195 0.011044 0.036773
1 0.645080 0.251098 0.011044 0.034577
1 0.652610 0.226400 0.009371 0.027991
1 0.642738 0.222558 0.012383 0.032382
1 0.632363 0.221460 0.013722 0.031284
1 0.625669 0.225302 0.010375 0.025796
0 0.617470 0.222558 0.009371 0.026894
1 0.607932 0.217069 0.009705 0.034577
1 0.573795 0.206367 0.009036 0.028540
0 0.646252 0.239846 0.024096 0.028540
0 0.615127 0.245884 0.010040 0.035126
1 0.624163 0.246707 0.010040 0.034577
1 0.605756 0.241218 0.010040 0.027991
1 0.587015 0.242316 0.022758 0.031284
1 0.596720 0.270856 0.021419 0.033480
1 0.582999 0.261251 0.024096 0.026345
1 0.571452 0.236828 0.013052 0.041164
1 0.558568 0.217069 0.009371 0.037870
1 0.550703 0.214050 0.011714 0.031833
1 0.542838 0.214599 0.010710 0.028540
1 0.523092 0.214050 0.008701 0.021954
1 0.513387 0.209385 0.011379 0.029089
1 0.505522 0.208013 0.009036 0.032931
1 0.495482 0.209385 0.009705 0.036773
1 0.488454 0.212953 0.008367 0.036224
1 0.462349 0.231888 0.012383 0.036773
1 0.435074 0.229967 0.015395 0.038419
1 0.449297 0.245335 0.012383 0.036224
1 0.977242 0.389133 0.013387 0.038419
1 0.969378 0.385016 0.015730 0.024698
1 0.918173 0.372393 0.031124 0.037870
1 0.895248 0.371844 0.022758 0.045554
1 0.881191 0.378705 0.020080 0.043908
1 0.859103 0.381449 0.010710 0.026345
1 0.842871 0.365258 0.024431 0.044457
1 0.862952 0.348793 0.007028 0.015917
1 0.883869 0.357574 0.008032 0.025796
1 0.977912 0.358672 0.014056 0.032382
1 0.902945 0.349341 0.022088 0.023600
1 0.825469 0.367453 0.019746 0.041164
1 0.810241 0.374040 0.020080 0.032382
1 0.724565 0.316136 0.011379 0.038419
1 0.687751 0.296652 0.013387 0.031284
1 0.673025 0.301043 0.012048 0.024698
1 0.686412 0.355104 0.031459 0.034029
1 0.698461 0.338639 0.013387 0.036224
1 0.675870 0.324643 0.013052 0.038968
1 0.718876 0.361142 0.019411 0.028540
1 0.658133 0.324643 0.012383 0.035675
1 0.653280 0.296378 0.013387 0.031833
1 0.642403 0.297475 0.013052 0.036224
1 0.635207 0.321350 0.010040 0.041164
1 0.630522 0.295280 0.012718 0.036224
1 0.621151 0.290066 0.013387 0.038968
1 0.615462 0.296378 0.012718 0.032931
1 0.628179 0.322173 0.014726 0.042810
1 0.616131 0.318880 0.009371 0.042810
0 0.605254 0.293359 0.009705 0.033480
1 0.606426 0.319429 0.010710 0.041712
1 0.596218 0.293359 0.011714 0.029089
1 0.583668 0.289243 0.011379 0.026345
1 0.596218 0.318057 0.014391 0.044457
1 0.587517 0.315038 0.014391 0.040615
1 0.568608 0.313941 0.014056 0.042810
1 0.564257 0.288419 0.010040 0.032382
1 0.555723 0.267289 0.025770 0.029638
0 0.558568 0.237651 0.010710 0.026345
1 0.548193 0.256586 0.023427 0.023600
1 0.549866 0.237102 0.010710 0.026345
1 0.540663 0.239572 0.013052 0.035675
1 0.528614 0.237377 0.013052 0.033480
1 0.518407 0.234632 0.010710 0.037870
1 0.507195 0.231888 0.012383 0.037870
1 0.496151 0.232437 0.012383 0.035675
0 0.486613 0.232437 0.010710 0.033480
1 0.556225 0.284852 0.010710 0.031833
1 0.555723 0.311471 0.013722 0.041164
1 0.545013 0.288145 0.011714 0.039517
1 0.535475 0.271405 0.008701 0.017014
1 0.543507 0.309001 0.011379 0.040615
1 0.532798 0.308727 0.016064 0.040066
0 0.526439 0.285126 0.007363 0.031284
1 0.520080 0.279912 0.009371 0.027442
1 0.513052 0.290066 0.010040 0.037870
1 0.521754 0.306806 0.013387 0.039517
0 0.509705 0.308178 0.010710 0.040066
1 0.503514 0.287870 0.011714 0.031284
1 0.497490 0.310099 0.018407 0.040615
1 0.495649 0.285950 0.014056 0.040615
1 0.489458 0.262349 0.025770 0.030735
1 0.472724 0.287322 0.012383 0.043359
1 0.464692 0.304061 0.013722 0.038419
1 0.451975 0.277168 0.012383 0.032931
1 0.447122 0.315313 0.014056 0.038968
1 0.440763 0.296652 0.013387 0.036773
1 0.433902 0.279912 0.012383 0.032931
1 0.395917 0.262898 0.017403 0.036224
1 0.407798 0.297201 0.011714 0.029089
1 0.378514 0.243139 0.028112 0.034029
1 0.351573 0.241493 0.023092 0.024149
1 0.323963 0.234083 0.022758 0.029089
1 0.368976 0.261526 0.026439 0.015917
1 0.338855 0.257684 0.023762 0.013721
1 0.288153 0.242591 0.026104 0.024149
1 0.293507 0.229418 0.028112 0.025247
1 0.178715 0.270582 0.028782 0.029638
0 0.099732 0.202799 0.014056 0.037870
1 0.094378 0.202250 0.012718 0.036773
0 0.079652 0.203074 0.014726 0.040615
0 0.069946 0.201976 0.014056 0.037322
0 0.065428 0.198134 0.012383 0.038419
1 0.058233 0.197859 0.014056 0.038968
1 0.048360 0.196487 0.012383 0.041712
1 0.038989 0.194841 0.013052 0.041712
1 0.030288 0.198683 0.008367 0.038419
1 0.119813 0.268661 0.028112 0.031284
0 0.107095 0.265642 0.024096 0.035126
0 0.095214 0.261526 0.024431 0.034577
0 0.087517 0.258782 0.023092 0.030187
1 0.077309 0.254665 0.020080 0.031833
1 0.068608 0.248628 0.018742 0.036224
1 0.054217 0.246707 0.019411 0.036773
1 0.042838 0.244512 0.018072 0.045554
1 0.030120 0.243139 0.012048 0.038419
1 0.970214 0.450329 0.021419 0.041164
1 0.967035 0.460483 0.024431 0.039517
1 0.952477 0.444018 0.013387 0.026345
1 0.947456 0.444841 0.012718 0.023600
1 0.911479 0.428650 0.013052 0.023052
1 0.904953 0.436334 0.020080 0.047201
0 0.894076 0.443743 0.016399 0.037870
1 0.877008 0.440450 0.019076 0.043359
1 0.863454 0.438255 0.016734 0.036773
1 0.851740 0.437980 0.016064 0.037322
1 0.838186 0.433864 0.019746 0.038968
1 0.823963 0.427552 0.014056 0.040615
1 0.808902 0.404775 0.028112 0.033480
1 0.797523 0.421515 0.019411 0.041712
1 0.777610 0.425357 0.021084 0.039517
1 0.761881 0.425906 0.017068 0.039517
1 0.688420 0.406696 0.013387 0.046103
0 0.680890 0.411361 0.009705 0.038968
1 0.669679 0.378979 0.014056 0.020307
1 0.656459 0.390505 0.012383 0.036773
0 0.649264 0.388035 0.011379 0.035126
1 0.638722 0.383095 0.014391 0.050494
1 0.628347 0.383644 0.014391 0.046103
1 0.618641 0.388035 0.011044 0.034029
1 0.424364 0.325192 0.025435 0.036773
1 0.437249 0.347420 0.030455 0.028540
1 0.466031 0.338639 0.028447 0.032931
1 0.432731 0.402580 0.018742 0.048847
0 0.612282 0.391603 0.011714 0.035675
0 0.604083 0.390779 0.010040 0.036224
0 0.597892 0.390505 0.009705 0.035675
0 0.590696 0.389133 0.010040 0.036224
0 0.583668 0.388310 0.010710 0.035675
0 0.576640 0.386114 0.009371 0.033480
0 0.570616 0.381998 0.010040 0.037322
1 0.566934 0.354830 0.029451 0.036773
1 0.562584 0.383370 0.010040 0.031284
1 0.556560 0.383644 0.010040 0.037322
1 0.547189 0.377333 0.014056 0.043359
1 0.535475 0.373216 0.012048 0.049396
1 0.526272 0.372393 0.013722 0.047750
1 0.511379 0.371021 0.013387 0.046103
1 0.500669 0.374040 0.013387 0.037870
1 0.491299 0.371021 0.014726 0.042810
1 0.479418 0.378156 0.013722 0.034029
1 0.475402 0.402580 0.022423 0.036773
1 0.489123 0.404226 0.020415 0.041164
1 0.496821 0.411910 0.017068 0.037870
1 0.509036 0.407519 0.016064 0.046652
0 0.523260 0.412184 0.015730 0.042810
1 0.537149 0.413008 0.018742 0.047750
0 0.548025 0.411087 0.011714 0.047201
1 0.556560 0.415477 0.014726 0.041712
1 0.567269 0.414380 0.016064 0.043908
1 0.583501 0.414929 0.015730 0.043908
1 0.593708 0.417673 0.012048 0.043908
1 0.602075 0.417947 0.010040 0.036773
1 0.612450 0.419594 0.017403 0.044457
1 0.635710 0.425631 0.014391 0.043359
1 0.646084 0.435236 0.012383 0.039517
1 0.643742 0.473655 0.013722 0.045005
1 0.622490 0.477772 0.015395 0.037870
1 0.611278 0.469539 0.015730 0.046652
1 0.600234 0.476400 0.013722 0.030735
1 0.587517 0.465423 0.020415 0.048299
0 0.569779 0.468441 0.013052 0.037870
1 0.554217 0.464599 0.015395 0.043359
1 0.542838 0.465148 0.016734 0.042261
1 0.526272 0.465148 0.021084 0.037870
1 0.512383 0.458013 0.016734 0.048847
1 0.490629 0.459934 0.027443 0.049396
1 0.471218 0.460757 0.022758 0.049945
1 0.324465 0.443194 0.035141 0.047750
1 0.291834 0.436059 0.026104 0.046652
1 0.307564 0.484907 0.030120 0.029089
0 0.275435 0.485456 0.017403 0.019210
1 0.249665 0.430296 0.035475 0.029638
1 0.626339 0.514819 0.015730 0.050494
0 0.615295 0.512075 0.013052 0.052689
1 0.604752 0.514270 0.014056 0.053787
0 0.593876 0.512623 0.011044 0.048299
1 0.585843 0.518386 0.010375 0.049945
1 0.577644 0.510977 0.012718 0.050494
1 0.563755 0.507958 0.017068 0.052141
1 0.550703 0.507409 0.019076 0.044457
1 0.538822 0.502744 0.010710 0.046103
1 0.527108 0.503019 0.012718 0.051043
1 0.515228 0.499726 0.012383 0.054336
1 0.503179 0.498628 0.015060 0.052141
1 0.490295 0.496981 0.015395 0.046652
1 0.481091 0.511800 0.020415 0.036773
1 0.469378 0.509879 0.022423 0.054885
1 0.621151 0.554610 0.032798 0.047750
1 0.577811 0.551043 0.038487 0.042810
1 0.601740 0.578211 0.021419 0.060922
1 0.633199 0.620198 0.018072 0.055982
1 0.591198 0.617179 0.022423 0.064215
0 0.579652 0.616630 0.013387 0.053238
1 0.571452 0.623216 0.017068 0.038968
1 0.557564 0.611416 0.016064 0.059276
0 0.541499 0.613611 0.014056 0.052689
1 0.526439 0.603732 0.025435 0.064764
1 0.516232 0.607300 0.019076 0.060922
1 0.503179 0.609495 0.018407 0.054336
1 0.484940 0.613611 0.017403 0.042810
1 0.457664 0.602086 0.017068 0.062569
1 0.438253 0.602909 0.015060 0.062020
1 0.414993 0.640505 0.024096 0.054885
1 0.663822 0.682217 0.020415 0.062569
1 0.649096 0.674808 0.019076 0.071899
1 0.635040 0.677827 0.017738 0.059276
1 0.621486 0.669319 0.014726 0.058727
0 0.603414 0.674533 0.014056 0.062569
1 0.592871 0.672064 0.014391 0.063117
1 0.580489 0.673710 0.013052 0.055434
0 0.559906 0.668771 0.012048 0.063117
1 0.548695 0.673436 0.016399 0.061471
1 0.533802 0.668496 0.015395 0.061471
1 0.520582 0.669319 0.017068 0.059824
0 0.502008 0.666026 0.014726 0.063117
1 0.488286 0.662733 0.015395 0.063117
0 0.467202 0.659989 0.015395 0.065313
1 0.361446 0.700604 0.025435 0.077387
1 0.308568 0.796652 0.038153 0.082876
1 0.689257 0.822722 0.023092 0.072448
1 0.676707 0.824094 0.022758 0.079583
1 0.663487 0.826015 0.023092 0.072448
1 0.646252 0.822173 0.016064 0.070252
0 0.634705 0.820801 0.017738 0.071899
0 0.622490 0.823546 0.015395 0.060922
1 0.608768 0.821625 0.018072 0.062569
1 0.594880 0.820252 0.019746 0.062020
1 0.579150 0.809824 0.023092 0.079583
1 0.562918 0.808178 0.024766 0.078485
1 0.533969 0.802415 0.017068 0.068057
0 0.514391 0.805434 0.016064 0.063117
1 0.505187 0.801592 0.013052 0.059824
1 0.492637 0.795554 0.016734 0.060922
1 0.473728 0.789791 0.017738 0.085620
0 0.462349 0.798847 0.013722 0.066411
1 0.447791 0.786773 0.020080 0.077387
1 0.433066 0.791712 0.021419 0.079583
1 0.244813 0.793085 0.035810 0.050494
1 0.226406 0.826290 0.048527 0.045554
1 0.215863 0.859769 0.053548 0.063117
1 0.194277 0.782108 0.043173 0.052689
1 0.140060 0.782382 0.059906 0.049945
1 0.086513 0.779638 0.037818 0.055434
1 0.157965 0.857849 0.050870 0.050494
1 0.112450 0.860593 0.025435 0.039517
1 0.694277 0.906422 0.018407 0.075192
1 0.682396 0.902305 0.020750 0.079034
1 0.665830 0.894621 0.020415 0.059276
1 0.655790 0.898463 0.023092 0.076839
1 0.632697 0.894072 0.019746 0.083425
1 0.603079 0.892700 0.024766 0.072997
1 0.572456 0.891328 0.023092 0.080132
1 0.551874 0.880900 0.020080 0.084523
1 0.529451 0.888858 0.020080 0.072997
1 0.513387 0.884468 0.019411 0.075192
1 0.490797 0.877333 0.015730 0.066411
1 0.478748 0.880351 0.017068 0.074643
1 0.451138 0.875137 0.023427 0.086169
1 0.436245 0.868825 0.021084 0.071350
