1 0.690625 0.971296 0.021354 0.027778
1 0.688021 0.977546 0.020833 0.024537
1 0.684896 0.981713 0.015625 0.016204
1 0.663672 0.974306 0.007552 0.027315
1 0.648438 0.973148 0.007812 0.031481
1 0.639844 0.974074 0.006771 0.031481
1 0.681771 0.983102 0.015625 0.013426
1 0.633464 0.976157 0.007031 0.026389
1 0.626172 0.974537 0.008594 0.031481
1 0.619141 0.975463 0.008073 0.028704
1 0.611068 0.975000 0.010677 0.025000
1 0.604297 0.973148 0.008594 0.025926
1 0.596094 0.974306 0.007292 0.025463
0 0.590495 0.977546 0.007552 0.025463
0 0.587370 0.974769 0.007031 0.027315
0 0.582292 0.976852 0.006771 0.025926
1 0.694922 0.948843 0.020052 0.021759
1 0.663542 0.941435 0.008333 0.037500
1 0.655469 0.944444 0.010417 0.036111
1 0.648047 0.942824 0.007552 0.030093
1 0.640625 0.944907 0.009896 0.031481
1 0.629948 0.941898 0.009375 0.029167
1 0.621745 0.945139 0.008594 0.036574
1 0.610938 0.945370 0.009896 0.032407
0 0.602995 0.943750 0.008073 0.026389
0 0.598568 0.944907 0.005990 0.030556
1 0.591797 0.944907 0.008073 0.029630
1 0.582422 0.946296 0.009115 0.029630
0 0.577344 0.945833 0.007812 0.027778
1 0.572266 0.946065 0.009635 0.036574
1 0.575000 0.976852 0.012500 0.025926
1 0.568099 0.976157 0.014323 0.028241
1 0.557943 0.977546 0.008073 0.025463
1 0.552344 0.975926 0.008333 0.027778
0 0.565365 0.944444 0.006250 0.029630
0 0.560026 0.945370 0.007031 0.028704
1 0.552995 0.945370 0.008073 0.028704
1 0.696745 0.939583 0.016406 0.016204
0 0.546224 0.976620 0.008073 0.027315
0 0.540365 0.978009 0.007292 0.024537
1 0.534115 0.976157 0.011458 0.028241
0 0.525000 0.978009 0.007292 0.023611
1 0.519141 0.976389 0.008073 0.026852
1 0.511719 0.976852 0.008333 0.025926
1 0.504687 0.976852 0.009896 0.025926
1 0.496094 0.975463 0.010417 0.028704
0 0.488802 0.975926 0.006771 0.026852
1 0.482552 0.976157 0.008854 0.028241
1 0.465365 0.982176 0.008333 0.015278
1 0.468099 0.959722 0.010156 0.031481
1 0.455339 0.959259 0.010677 0.034259
1 0.459896 0.919907 0.011979 0.031481
0 0.541797 0.949769 0.007552 0.022685
1 0.534375 0.947685 0.008333 0.026852
1 0.526302 0.951157 0.011458 0.031019
1 0.519271 0.948611 0.009375 0.029630
1 0.509375 0.950694 0.011979 0.031019
1 0.502214 0.950231 0.010677 0.030093
1 0.491146 0.946759 0.013021 0.027778
0 0.482292 0.948611 0.009375 0.030556
0 0.435677 0.970833 0.008333 0.026852
1 0.427344 0.980787 0.006771 0.018056
1 0.440495 0.903935 0.011719 0.034722
1 0.421745 0.913889 0.011198 0.037963
1 0.387370 0.931481 0.026302 0.036111
1 0.364323 0.929861 0.021354 0.034722
1 0.401693 0.910185 0.020573 0.027778
1 0.381771 0.915509 0.021354 0.018981
1 0.355469 0.918981 0.022917 0.021296
1 0.329167 0.917361 0.021354 0.018981
1 0.337240 0.927083 0.017708 0.025463
1 0.710547 0.901389 0.023177 0.025926
1 0.708073 0.891898 0.022917 0.026389
1 0.714714 0.884259 0.025260 0.028704
1 0.713542 0.866898 0.018750 0.021759
1 0.681250 0.894676 0.015104 0.039352
1 0.656901 0.905787 0.012760 0.035648
1 0.631120 0.904861 0.010156 0.031944
1 0.620573 0.904167 0.009896 0.036111
1 0.613542 0.906250 0.009375 0.026389
1 0.603516 0.907870 0.010677 0.039815
1 0.592318 0.905556 0.011198 0.037037
1 0.564844 0.906944 0.009896 0.036111
1 0.555469 0.907870 0.008854 0.039815
1 0.548698 0.906713 0.011458 0.034722
1 0.539974 0.905787 0.008594 0.031019
0 0.533073 0.905787 0.009375 0.032870
0 0.525651 0.908333 0.011198 0.031481
1 0.519271 0.909259 0.009375 0.036111
0 0.501693 0.903935 0.008594 0.034722
1 0.493620 0.903935 0.012240 0.032870
1 0.476172 0.905324 0.011198 0.034722
0 0.485547 0.905324 0.007552 0.037500
1 0.453776 0.870370 0.011719 0.039815
1 0.440495 0.852546 0.011198 0.032870
1 0.653125 0.886574 0.021354 0.028704
1 0.657943 0.880324 0.025781 0.035648
1 0.634245 0.884259 0.020052 0.026852
1 0.613151 0.887731 0.020573 0.027315
1 0.612500 0.878009 0.023438 0.030093
1 0.593490 0.875000 0.023958 0.026852
0 0.587891 0.881481 0.022135 0.024074
1 0.562891 0.881250 0.022656 0.033796
1 0.530339 0.883333 0.023177 0.027778
1 0.535547 0.875694 0.023698 0.029167
1 0.514193 0.874769 0.020052 0.035648
1 0.512370 0.864583 0.017448 0.032870
0 0.499349 0.870833 0.009635 0.033333
1 0.485938 0.870602 0.016146 0.037500
0 0.473177 0.838426 0.010937 0.036111
0 0.713672 0.826157 0.013802 0.023611
1 0.714323 0.801157 0.009375 0.038426
1 0.701823 0.834259 0.010937 0.034259
1 0.702344 0.809722 0.013021 0.040741
1 0.692318 0.828009 0.012760 0.031019
0 0.683594 0.825463 0.008854 0.029630
0 0.687370 0.806713 0.008073 0.035648
1 0.656901 0.860880 0.024219 0.025463
1 0.632552 0.865046 0.023438 0.031019
1 0.674219 0.831944 0.011979 0.041667
1 0.660026 0.834722 0.011719 0.035185
0 0.666016 0.809259 0.014323 0.034259
0 0.658464 0.805556 0.009115 0.034259
1 0.651042 0.808796 0.010937 0.040741
1 0.642969 0.808796 0.011458 0.037963
1 0.649740 0.837500 0.009375 0.030556
1 0.639323 0.840509 0.012500 0.035648
1 0.628516 0.840509 0.013802 0.034722
1 0.621745 0.835185 0.010156 0.028704
0 0.613021 0.837037 0.009375 0.029630
1 0.602995 0.841898 0.009635 0.038426
1 0.567187 0.849537 0.008854 0.031481
0 0.643620 0.821759 0.024740 0.031481
0 0.611719 0.810648 0.009896 0.038889
1 0.621224 0.811111 0.010156 0.038889
1 0.601823 0.814583 0.010417 0.031019
1 0.582422 0.811343 0.023177 0.034722
1 0.593750 0.780324 0.021875 0.036574
1 0.579167 0.789120 0.025000 0.029167
1 0.566146 0.815046 0.013021 0.045833
1 0.551823 0.835648 0.009375 0.042593
1 0.543620 0.837963 0.011719 0.035185
1 0.535547 0.836111 0.010677 0.031481
1 0.514974 0.834259 0.008594 0.024074
1 0.504687 0.838194 0.011458 0.031944
1 0.496615 0.838657 0.008854 0.036574
1 0.486198 0.836111 0.009896 0.040741
1 0.479167 0.831250 0.008333 0.040278
1 0.452865 0.806250 0.012500 0.041204
1 0.424740 0.804861 0.015625 0.043056
1 0.439974 0.789583 0.012760 0.040278
1 0.992969 0.697685 0.013542 0.042593
1 0.984766 0.701389 0.015885 0.027778
1 0.931120 0.708796 0.032031 0.042593
1 0.907422 0.706481 0.023177 0.050926
1 0.893099 0.696759 0.020573 0.049074
1 0.870443 0.690972 0.010677 0.029167
1 0.852865 0.707176 0.025000 0.049537
1 0.873047 0.728009 0.007031 0.017130
1 0.894922 0.720833 0.008073 0.028704
1 0.992448 0.731944 0.014063 0.036111
1 0.914323 0.732639 0.022396 0.026389
1 0.835026 0.702083 0.020052 0.045833
1 0.819401 0.692824 0.020573 0.035648
1 0.728125 0.746296 0.011458 0.042593
1 0.689193 0.763426 0.013802 0.035185
1 0.674219 0.756713 0.011979 0.027315
1 0.690495 0.697454 0.032552 0.037500
1 0.702344 0.717824 0.013542 0.040278
1 0.678125 0.730324 0.013021 0.043056
1 0.724349 0.695370 0.019531 0.031481
1 0.659896 0.728009 0.012500 0.039352
1 0.653516 0.759259 0.013802 0.035185
1 0.642318 0.756250 0.013281 0.040278
1 0.636068 0.728472 0.010156 0.045833
1 0.629948 0.757639 0.013021 0.040278
1 0.619922 0.762037 0.013802 0.043519
1 0.614323 0.754398 0.013021 0.036574
1 0.628646 0.726852 0.015104 0.048148
1 0.616146 0.728935 0.009375 0.047685
0 0.603646 0.756019 0.009896 0.037037
1 0.605990 0.727083 0.010937 0.045833
1 0.594271 0.754861 0.011979 0.031944
1 0.581120 0.757870 0.011198 0.028704
1 0.595443 0.727315 0.014323 0.049074
1 0.586198 0.729398 0.014583 0.044907
1 0.566797 0.728472 0.014323 0.047685
1 0.561068 0.756481 0.010156 0.036111
1 0.551172 0.778935 0.026302 0.032870
0 0.552865 0.812731 0.010937 0.029167
1 0.542969 0.790046 0.023958 0.026389
1 0.543750 0.812037 0.010937 0.029630
1 0.534245 0.808102 0.013281 0.039352
1 0.521745 0.808796 0.013281 0.037037
1 0.511068 0.810648 0.010677 0.042593
1 0.499219 0.812269 0.012500 0.042130
1 0.488021 0.810185 0.012500 0.039815
0 0.477995 0.808796 0.010677 0.037037
1 0.552474 0.759259 0.010677 0.035185
1 0.553125 0.729398 0.014063 0.045833
1 0.541146 0.754398 0.011979 0.043981
1 0.530339 0.771759 0.008594 0.018519
1 0.540365 0.730324 0.011458 0.044907
1 0.529297 0.729398 0.016406 0.044907
0 0.521745 0.755093 0.007552 0.034259
1 0.514844 0.760185 0.009375 0.030556
1 0.507943 0.747685 0.010156 0.041667
1 0.517969 0.730324 0.013542 0.043981
0 0.505339 0.727083 0.010677 0.044907
1 0.498047 0.748843 0.011719 0.034722
1 0.492839 0.723148 0.019010 0.045370
1 0.489714 0.750000 0.014323 0.045370
1 0.482292 0.775694 0.026562 0.033796
1 0.466146 0.745370 0.012500 0.048148
1 0.458724 0.725694 0.013802 0.043056
1 0.444271 0.754167 0.012500 0.036111
1 0.441016 0.710648 0.014323 0.043519
1 0.433594 0.731019 0.013542 0.040741
1 0.425521 0.748611 0.012500 0.037037
1 0.385547 0.762731 0.017969 0.040278
1 0.399349 0.725694 0.011719 0.031944
1 0.366797 0.782639 0.028906 0.037500
1 0.338672 0.780787 0.023698 0.026389
1 0.309766 0.785648 0.023177 0.032407
1 0.357552 0.760648 0.027083 0.017593
1 0.326302 0.761111 0.024479 0.014815
1 0.273047 0.771296 0.026823 0.026852
1 0.277995 0.786806 0.028906 0.028241
1 0.161198 0.725463 0.029687 0.033333
0 0.076172 0.790972 0.014323 0.042130
1 0.070573 0.790972 0.013021 0.040278
0 0.055469 0.787963 0.015104 0.045370
0 0.045443 0.787963 0.014323 0.041667
0 0.040365 0.791898 0.012500 0.043056
1 0.032943 0.790972 0.014323 0.043056
1 0.022917 0.791435 0.012500 0.046759
1 0.012891 0.791898 0.013281 0.046759
1 0.004167 0.786574 0.008333 0.042593
1 0.100000 0.719676 0.029167 0.034722
0 0.086719 0.721759 0.024479 0.038889
0 0.074219 0.724306 0.025000 0.038426
0 0.066146 0.726620 0.023438 0.033796
1 0.055339 0.729861 0.020573 0.035648
1 0.046094 0.735648 0.019271 0.039815
1 0.030990 0.735648 0.019792 0.040741
1 0.019271 0.736574 0.018229 0.050926
1 0.006120 0.736574 0.012240 0.042593
1 0.988542 0.628009 0.021875 0.045833
1 0.985677 0.616435 0.025000 0.043981
1 0.969922 0.632870 0.013802 0.028704
1 0.964714 0.631481 0.012760 0.025926
1 0.926693 0.644907 0.013281 0.025000
1 0.920443 0.635185 0.020573 0.052778
0 0.909375 0.625463 0.016667 0.041667
1 0.891667 0.627083 0.019271 0.048611
1 0.877474 0.627546 0.016927 0.041204
1 0.865495 0.626620 0.016406 0.041204
1 0.851172 0.629398 0.020052 0.043056
1 0.836068 0.634259 0.014323 0.045370
1 0.819401 0.658102 0.028906 0.037500
1 0.808594 0.637731 0.019792 0.046759
1 0.788021 0.630787 0.021354 0.043981
1 0.771745 0.628009 0.017448 0.043981
1 0.694922 0.640046 0.013802 0.051389
0 0.687240 0.633796 0.009896 0.043519
1 0.674089 0.668519 0.014323 0.022222
1 0.661068 0.653935 0.012760 0.040278
0 0.653646 0.655556 0.011458 0.038889
1 0.642318 0.659722 0.014844 0.056481
1 0.631771 0.658102 0.014583 0.051389
1 0.621745 0.651620 0.011198 0.037500
1 0.417839 0.696759 0.026302 0.040741
1 0.432292 0.673148 0.031250 0.031481
1 0.461719 0.686806 0.029167 0.036574
1 0.429948 0.610648 0.019271 0.054630
0 0.615495 0.646759 0.011719 0.039815
0 0.606901 0.646759 0.010156 0.039815
0 0.600521 0.646296 0.009896 0.039815
0 0.592969 0.646759 0.009896 0.039815
0 0.585547 0.646759 0.010677 0.039815
0 0.578125 0.648148 0.009375 0.037037
0 0.571745 0.652083 0.010156 0.041204
1 0.566797 0.682407 0.030469 0.040741
1 0.563672 0.649537 0.010156 0.035185
1 0.557292 0.648611 0.009896 0.041667
1 0.547266 0.654398 0.014323 0.048611
1 0.535026 0.657407 0.012240 0.054630
1 0.525391 0.657176 0.013802 0.053241
1 0.509896 0.656713 0.013542 0.051389
1 0.499089 0.652083 0.013802 0.042130
1 0.489193 0.653935 0.014844 0.047685
1 0.477214 0.644444 0.013802 0.037963
1 0.474219 0.616435 0.022917 0.041204
1 0.488542 0.616435 0.020833 0.045833
1 0.496745 0.608796 0.017448 0.042593
1 0.509245 0.615509 0.016406 0.052315
0 0.524219 0.612037 0.016146 0.048148
1 0.538542 0.612963 0.019271 0.052778
0 0.549740 0.616435 0.011979 0.052315
1 0.558724 0.612963 0.014844 0.046296
1 0.569792 0.615509 0.016667 0.048611
1 0.586719 0.616898 0.016146 0.048611
1 0.597396 0.615046 0.011979 0.048611
1 0.605990 0.615972 0.009896 0.040278
1 0.616797 0.615509 0.017969 0.049537
1 0.641146 0.611574 0.014583 0.048148
1 0.652344 0.602546 0.012500 0.043981
1 0.651693 0.558796 0.013802 0.050000
1 0.629948 0.551620 0.015625 0.042130
1 0.617969 0.559259 0.016146 0.051852
1 0.606771 0.550000 0.014063 0.034259
1 0.592969 0.560648 0.020833 0.053704
0 0.574870 0.554861 0.013281 0.042130
1 0.558594 0.557176 0.015625 0.048611
1 0.546745 0.555324 0.016927 0.046759
1 0.529818 0.553009 0.021615 0.042130
1 0.514974 0.559259 0.016927 0.054630
1 0.492448 0.554398 0.028125 0.055093
1 0.472526 0.550694 0.023177 0.056019
1 0.319922 0.551157 0.036198 0.053241
1 0.285547 0.554630 0.026823 0.051852
1 0.304167 0.502083 0.030729 0.031944
0 0.270964 0.497222 0.017969 0.021296
1 0.241667 0.555324 0.036458 0.032870
1 0.635547 0.510648 0.015885 0.056481
0 0.624089 0.512269 0.013281 0.058796
1 0.613151 0.508333 0.014323 0.060185
0 0.601693 0.508796 0.011198 0.053704
1 0.593750 0.501157 0.010417 0.056019
1 0.584896 0.508333 0.013021 0.056481
1 0.570443 0.509722 0.017448 0.058333
1 0.556901 0.508796 0.019531 0.049074
1 0.544271 0.512500 0.010937 0.050926
1 0.532292 0.510648 0.013021 0.056481
1 0.519792 0.512731 0.012500 0.060648
1 0.507292 0.512500 0.015104 0.058333
1 0.493750 0.512500 0.015625 0.051852
1 0.484896 0.494444 0.020833 0.040741
1 0.472917 0.495370 0.022917 0.061111
1 0.631901 0.465046 0.033594 0.053241
1 0.586849 0.463194 0.039844 0.047685
1 0.613021 0.436111 0.021875 0.067593
1 0.647396 0.393056 0.018229 0.062963
1 0.603646 0.390972 0.022917 0.071759
0 0.591797 0.390046 0.013802 0.059722
1 0.583594 0.381481 0.017708 0.043519
1 0.568620 0.393056 0.016406 0.066667
0 0.552214 0.388657 0.014323 0.058796
1 0.536198 0.397685 0.026042 0.072222
1 0.525651 0.391898 0.019531 0.068056
1 0.512240 0.388194 0.018750 0.060648
1 0.493620 0.380787 0.017448 0.047685
1 0.464844 0.390509 0.017708 0.069907
1 0.444792 0.386574 0.015625 0.069444
1 0.422266 0.341667 0.024740 0.061111
1 0.681901 0.327546 0.021094 0.069907
1 0.666276 0.333796 0.019531 0.080556
1 0.651823 0.328472 0.018229 0.066204
1 0.637500 0.336574 0.015104 0.065741
0 0.619141 0.328009 0.014323 0.069907
1 0.607943 0.329398 0.014844 0.070833
1 0.595313 0.325926 0.013021 0.062037
0 0.573698 0.328935 0.012500 0.070833
1 0.562240 0.322222 0.016667 0.068519
1 0.546615 0.325694 0.015625 0.068981
1 0.532943 0.323148 0.017448 0.066667
0 0.513542 0.324537 0.015104 0.070370
1 0.499349 0.326157 0.015885 0.070833
0 0.477344 0.326620 0.015625 0.072685
1 0.369792 0.267130 0.026042 0.087037
1 0.319401 0.152083 0.039323 0.093056
1 0.714714 0.173148 0.023698 0.081481
1 0.701693 0.169907 0.023177 0.088889
1 0.688021 0.165972 0.023438 0.081019
1 0.670052 0.168287 0.016667 0.078241
0 0.658073 0.168287 0.018229 0.080093
0 0.645573 0.163657 0.015625 0.068056
1 0.631250 0.164120 0.018229 0.069907
1 0.616797 0.163657 0.020052 0.068981
1 0.599870 0.173148 0.023698 0.088889
1 0.583073 0.172917 0.025521 0.088426
1 0.552865 0.175463 0.017188 0.075926
0 0.532943 0.169444 0.016406 0.070370
1 0.523047 0.172685 0.013281 0.066667
1 0.509896 0.177546 0.017188 0.068056
1 0.489974 0.181713 0.017969 0.095833
0 0.478646 0.170139 0.014063 0.074537
1 0.463151 0.181713 0.020573 0.086574
1 0.447917 0.174306 0.021875 0.089352
1 0.253125 0.147685 0.036979 0.056481
1 0.235547 0.108333 0.050260 0.050926
1 0.226172 0.068981 0.055469 0.070370
1 0.200391 0.153472 0.044531 0.058796
1 0.144271 0.145833 0.061979 0.055556
1 0.088672 0.141898 0.039323 0.061574
1 0.166146 0.063657 0.052604 0.056019
1 0.119141 0.054861 0.026302 0.043981
1 0.723698 0.080093 0.018750 0.084259
1 0.711068 0.083102 0.021094 0.088426
1 0.693620 0.089583 0.021094 0.066204
1 0.683464 0.083796 0.023698 0.086111
1 0.659245 0.085648 0.020052 0.093519
1 0.628646 0.083333 0.025521 0.081481
1 0.596745 0.080787 0.023698 0.089352
1 0.574870 0.089583 0.020573 0.094907
1 0.552214 0.078009 0.020573 0.081944
1 0.535417 0.080556 0.019792 0.084259
1 0.511719 0.085880 0.016146 0.074537
1 0.499349 0.080787 0.017448 0.083796
1 0.470443 0.082870 0.024219 0.096296
1 0.454818 0.088194 0.021615 0.080093
