1 0.309115 0.981019 0.021354 0.027778
1 0.311719 0.987269 0.020833 0.024537
1 0.314844 0.991435 0.015625 0.016204
1 0.336068 0.984028 0.007552 0.027315
1 0.351302 0.982870 0.007812 0.031481
1 0.359896 0.983796 0.006771 0.031481
1 0.317969 0.992824 0.015625 0.013426
1 0.366276 0.985880 0.007031 0.026389
1 0.373568 0.984259 0.008594 0.031481
1 0.380599 0.985185 0.008073 0.028704
1 0.388672 0.984722 0.010677 0.025000
1 0.395443 0.982870 0.008594 0.025926
1 0.403646 0.984028 0.007292 0.025463
0 0.409245 0.987269 0.007552 0.025463
0 0.412370 0.984491 0.007031 0.027315
0 0.417448 0.986574 0.006771 0.025926
1 0.304818 0.958565 0.020052 0.021759
1 0.336198 0.951157 0.008333 0.037500
1 0.344271 0.954167 0.010417 0.036111
1 0.351693 0.952546 0.007552 0.030093
1 0.359115 0.954630 0.009896 0.031481
1 0.369792 0.951620 0.009375 0.029167
1 0.377995 0.954861 0.008594 0.036574
1 0.388802 0.955093 0.009896 0.032407
0 0.396745 0.953472 0.008073 0.026389
0 0.401172 0.954630 0.005990 0.030556
1 0.407943 0.954630 0.008073 0.029630
1 0.417318 0.956019 0.009115 0.029630
0 0.422396 0.955556 0.007812 0.027778
1 0.427474 0.955787 0.009635 0.036574
1 0.424740 0.986574 0.012500 0.025926
1 0.431641 0.985880 0.014323 0.028241
1 0.441797 0.987269 0.008073 0.025463
1 0.447396 0.985648 0.008333 0.027778
0 0.434375 0.954167 0.006250 0.029630
0 0.439714 0.955093 0.007031 0.028704
1 0.446745 0.955093 0.008073 0.028704
1 0.302995 0.949306 0.016406 0.016204
0 0.453516 0.986343 0.008073 0.027315
0 0.459375 0.987731 0.007292 0.024537
1 0.465625 0.985880 0.011458 0.028241
0 0.474740 0.987731 0.007292 0.023611
1 0.480599 0.986111 0.008073 0.026852
1 0.488021 0.986574 0.008333 0.025926
1 0.495052 0.986574 0.009896 0.025926
1 0.503646 0.985185 0.010417 0.028704
0 0.510938 0.985648 0.006771 0.026852
1 0.517188 0.985880 0.008854 0.028241
1 0.534375 0.991898 0.008333 0.015278
1 0.531641 0.969444 0.010156 0.031481
1 0.544401 0.968981 0.010677 0.034259
1 0.539844 0.929630 0.011979 0.031481
0 0.457943 0.959491 0.007552 0.022685
1 0.465365 0.957407 0.008333 0.026852
1 0.473438 0.960880 0.011458 0.031019
1 0.480469 0.958333 0.009375 0.029630
1 0.490365 0.960417 0.011979 0.031019
1 0.497526 0.959954 0.010677 0.030093
1 0.508594 0.956481 0.013021 0.027778
0 0.517448 0.958333 0.009375 0.030556
0 0.564063 0.980556 0.008333 0.026852
1 0.572396 0.990509 0.006771 0.018056
1 0.559245 0.913657 0.011719 0.034722
1 0.577995 0.923611 0.011198 0.037963
1 0.612370 0.941204 0.026302 0.036111
1 0.635417 0.939583 0.021354 0.034722
1 0.598047 0.919907 0.020573 0.027778
1 0.617969 0.925231 0.021354 0.018981
1 0.644271 0.928704 0.022917 0.021296
1 0.670573 0.927083 0.021354 0.018981
1 0.662500 0.936806 0.017708 0.025463
1 0.289193 0.911111 0.023177 0.025926
1 0.291667 0.901620 0.022917 0.026389
1 0.285026 0.893981 0.025260 0.028704
1 0.286198 0.876620 0.018750 0.021759
1 0.318490 0.904398 0.015104 0.039352
1 0.342839 0.915509 0.012760 0.035648
1 0.368620 0.914583 0.010156 0.031944
1 0.379167 0.913889 0.009896 0.036111
1 0.386198 0.915972 0.009375 0.026389
1 0.396224 0.917593 0.010677 0.039815
1 0.407422 0.915278 0.011198 0.037037
1 0.434896 0.916667 0.009896 0.036111
1 0.444271 0.917593 0.008854 0.039815
1 0.451042 0.916435 0.011458 0.034722
1 0.459766 0.915509 0.008594 0.031019
0 0.466667 0.915509 0.009375 0.032870
0 0.474089 0.918056 0.011198 0.031481
1 0.480469 0.918981 0.009375 0.036111
0 0.498047 0.913657 0.008594 0.034722
1 0.506120 0.913657 0.012240 0.032870
1 0.523568 0.915046 0.011198 0.034722
0 0.514193 0.915046 0.007552 0.037500
1 0.545964 0.880093 0.011719 0.039815
1 0.559245 0.862269 0.011198 0.032870
1 0.346615 0.896296 0.021354 0.028704
1 0.341797 0.890046 0.025781 0.035648
1 0.365495 0.893981 0.020052 0.026852
1 0.386589 0.897454 0.020573 0.027315
1 0.387240 0.887731 0.023438 0.030093
1 0.406250 0.884722 0.023958 0.026852
0 0.411849 0.891204 0.022135 0.024074
1 0.436849 0.890972 0.022656 0.033796
1 0.469401 0.893056 0.023177 0.027778
1 0.464193 0.885417 0.023698 0.029167
1 0.485547 0.884491 0.020052 0.035648
1 0.487370 0.874306 0.017448 0.032870
0 0.500391 0.880556 0.009635 0.033333
1 0.513802 0.880324 0.016146 0.037500
0 0.526563 0.848148 0.010937 0.036111
0 0.286068 0.835880 0.013802 0.023611
1 0.285417 0.810880 0.009375 0.038426
1 0.297917 0.843981 0.010937 0.034259
1 0.297396 0.819444 0.013021 0.040741
1 0.307422 0.837731 0.012760 0.031019
0 0.316146 0.835185 0.008854 0.029630
0 0.312370 0.816435 0.008073 0.035648
1 0.342839 0.870602 0.024219 0.025463
1 0.367188 0.874769 0.023438 0.031019
1 0.325521 0.841667 0.011979 0.041667
1 0.339714 0.844444 0.011719 0.035185
0 0.333724 0.818981 0.014323 0.034259
0 0.341276 0.815278 0.009115 0.034259
1 0.348698 0.818519 0.010937 0.040741
1 0.356771 0.818519 0.011458 0.037963
1 0.350000 0.847222 0.009375 0.030556
1 0.360417 0.850231 0.012500 0.035648
1 0.371224 0.850231 0.013802 0.034722
1 0.377995 0.844907 0.010156 0.028704
0 0.386719 0.846759 0.009375 0.029630
1 0.396745 0.851620 0.009635 0.038426
1 0.432552 0.859259 0.008854 0.031481
0 0.356120 0.831481 0.024740 0.031481
0 0.388021 0.820370 0.009896 0.038889
1 0.378516 0.820833 0.010156 0.038889
1 0.397917 0.824306 0.010417 0.031019
1 0.417318 0.821065 0.023177 0.034722
1 0.405990 0.790046 0.021875 0.036574
1 0.420573 0.798843 0.025000 0.029167
1 0.433594 0.824769 0.013021 0.045833
1 0.447917 0.845370 0.009375 0.042593
1 0.456120 0.847685 0.011719 0.035185
1 0.464193 0.845833 0.010677 0.031481
1 0.484766 0.843981 0.008594 0.024074
1 0.495052 0.847917 0.011458 0.031944
1 0.503125 0.848380 0.008854 0.036574
1 0.513542 0.845833 0.009896 0.040741
1 0.520573 0.840972 0.008333 0.040278
1 0.546875 0.815972 0.012500 0.041204
1 0.575000 0.814583 0.015625 0.043056
1 0.559766 0.799306 0.012760 0.040278
1 0.006771 0.707407 0.013542 0.042593
1 0.014974 0.711111 0.015885 0.027778
1 0.068620 0.718519 0.032031 0.042593
1 0.092318 0.716204 0.023177 0.050926
1 0.106641 0.706481 0.020573 0.049074
1 0.129297 0.700694 0.010677 0.029167
1 0.146875 0.716898 0.025000 0.049537
1 0.126693 0.737731 0.007031 0.017130
1 0.104818 0.730556 0.008073 0.028704
1 0.007292 0.741667 0.014063 0.036111
1 0.085417 0.742361 0.022396 0.026389
1 0.164714 0.711806 0.020052 0.045833
1 0.180339 0.702546 0.020573 0.035648
1 0.271615 0.756019 0.011458 0.042593
1 0.310547 0.773148 0.013802 0.035185
1 0.325521 0.766435 0.011979 0.027315
1 0.309245 0.707176 0.032552 0.037500
1 0.297396 0.727546 0.013542 0.040278
1 0.321615 0.740046 0.013021 0.043056
1 0.275391 0.705093 0.019531 0.031481
1 0.339844 0.737731 0.012500 0.039352
1 0.346224 0.768981 0.013802 0.035185
1 0.357422 0.765972 0.013281 0.040278
1 0.363672 0.738194 0.010156 0.045833
1 0.369792 0.767361 0.013021 0.040278
1 0.379818 0.771759 0.013802 0.043519
1 0.385417 0.764120 0.013021 0.036574
1 0.371094 0.736574 0.015104 0.048148
1 0.383594 0.738657 0.009375 0.047685
0 0.396094 0.765741 0.009896 0.037037
1 0.393750 0.736806 0.010937 0.045833
1 0.405469 0.764583 0.011979 0.031944
1 0.418620 0.767593 0.011198 0.028704
1 0.404297 0.737037 0.014323 0.049074
1 0.413542 0.739120 0.014583 0.044907
1 0.432943 0.738194 0.014323 0.047685
1 0.438672 0.766204 0.010156 0.036111
1 0.448568 0.788657 0.026302 0.032870
0 0.446875 0.822454 0.010937 0.029167
1 0.456771 0.799769 0.023958 0.026389
1 0.455990 0.821759 0.010937 0.029630
1 0.465495 0.817824 0.013281 0.039352
1 0.477995 0.818519 0.013281 0.037037
1 0.488672 0.820370 0.010677 0.042593
1 0.500521 0.821991 0.012500 0.042130
1 0.511719 0.819907 0.012500 0.039815
0 0.521745 0.818519 0.010677 0.037037
1 0.447266 0.768981 0.010677 0.035185
1 0.446615 0.739120 0.014063 0.045833
1 0.458594 0.764120 0.011979 0.043981
1 0.469401 0.781481 0.008594 0.018519
1 0.459375 0.740046 0.011458 0.044907
1 0.470443 0.739120 0.016406 0.044907
0 0.477995 0.764815 0.007552 0.034259
1 0.484896 0.769907 0.009375 0.030556
1 0.491797 0.757407 0.010156 0.041667
1 0.481771 0.740046 0.013542 0.043981
0 0.494401 0.736806 0.010677 0.044907
1 0.501693 0.758565 0.011719 0.034722
1 0.506901 0.732870 0.019010 0.045370
1 0.510026 0.759722 0.014323 0.045370
1 0.517448 0.785417 0.026562 0.033796
1 0.533594 0.755093 0.012500 0.048148
1 0.541016 0.735417 0.013802 0.043056
1 0.555469 0.763889 0.012500 0.036111
1 0.558724 0.720370 0.014323 0.043519
1 0.566146 0.740741 0.013542 0.040741
1 0.574219 0.758333 0.012500 0.037037
1 0.614193 0.772454 0.017969 0.040278
1 0.600391 0.735417 0.011719 0.031944
1 0.632943 0.792361 0.028906 0.037500
1 0.661068 0.790509 0.023698 0.026389
1 0.689974 0.795370 0.023177 0.032407
1 0.642188 0.770370 0.027083 0.017593
1 0.673438 0.770833 0.024479 0.014815
1 0.726693 0.781019 0.026823 0.026852
1 0.721745 0.796528 0.028906 0.028241
1 0.838542 0.735185 0.029687 0.033333
0 0.923568 0.800694 0.014323 0.042130
1 0.929167 0.800694 0.013021 0.040278
0 0.944271 0.797685 0.015104 0.045370
0 0.954297 0.797685 0.014323 0.041667
0 0.959375 0.801620 0.012500 0.043056
1 0.966797 0.800694 0.014323 0.043056
1 0.976823 0.801157 0.012500 0.046759
1 0.986849 0.801620 0.013281 0.046759
1 0.995573 0.796296 0.008333 0.042593
1 0.899740 0.729398 0.029167 0.034722
0 0.913021 0.731481 0.024479 0.038889
0 0.925521 0.734028 0.025000 0.038426
0 0.933594 0.736343 0.023438 0.033796
1 0.944401 0.739583 0.020573 0.035648
1 0.953646 0.745370 0.019271 0.039815
1 0.968750 0.745370 0.019792 0.040741
1 0.980469 0.746296 0.018229 0.050926
1 0.993750 0.746296 0.012500 0.042593
1 0.011198 0.637731 0.021875 0.045833
1 0.014063 0.626157 0.025000 0.043981
1 0.029818 0.642593 0.013802 0.028704
1 0.035026 0.641204 0.012760 0.025926
1 0.073047 0.654630 0.013281 0.025000
1 0.079297 0.644907 0.020573 0.052778
0 0.090365 0.635185 0.016667 0.041667
1 0.108073 0.636806 0.019271 0.048611
1 0.122266 0.637269 0.016927 0.041204
1 0.134245 0.636343 0.016406 0.041204
1 0.148568 0.639120 0.020052 0.043056
1 0.163672 0.643981 0.014323 0.045370
1 0.180339 0.667824 0.028906 0.037500
1 0.191146 0.647454 0.019792 0.046759
1 0.211719 0.640509 0.021354 0.043981
1 0.227995 0.637731 0.017448 0.043981
1 0.304818 0.649769 0.013802 0.051389
0 0.312500 0.643519 0.009896 0.043519
1 0.325651 0.678241 0.014323 0.022222
1 0.338672 0.663657 0.012760 0.040278
0 0.346094 0.665278 0.011458 0.038889
1 0.357422 0.669444 0.014844 0.056481
1 0.367969 0.667824 0.014583 0.051389
1 0.377995 0.661343 0.011198 0.037500
1 0.581901 0.706481 0.026302 0.040741
1 0.567448 0.682870 0.031250 0.031481
1 0.538021 0.696528 0.029167 0.036574
1 0.569792 0.620370 0.019271 0.054630
0 0.384245 0.656481 0.011719 0.039815
0 0.392839 0.656481 0.010156 0.039815
0 0.399219 0.656019 0.009896 0.039815
0 0.406771 0.656481 0.009896 0.039815
0 0.414193 0.656481 0.010677 0.039815
0 0.421615 0.657870 0.009375 0.037037
0 0.427995 0.661806 0.010156 0.041204
1 0.432943 0.692130 0.030469 0.040741
1 0.436068 0.659259 0.010156 0.035185
1 0.442448 0.658333 0.009896 0.041667
1 0.452474 0.664120 0.014323 0.048611
1 0.464714 0.667130 0.012240 0.054630
1 0.474349 0.666898 0.013802 0.053241
1 0.489844 0.666435 0.013542 0.051389
1 0.500651 0.661806 0.013802 0.042130
1 0.510547 0.663657 0.014844 0.047685
1 0.522526 0.654167 0.013802 0.037963
1 0.525521 0.626157 0.022917 0.041204
1 0.511198 0.626157 0.020833 0.045833
1 0.502995 0.618519 0.017448 0.042593
1 0.490495 0.625231 0.016406 0.052315
0 0.475521 0.621759 0.016146 0.048148
1 0.461198 0.622685 0.019271 0.052778
0 0.450000 0.626157 0.011979 0.052315
1 0.441016 0.622685 0.014844 0.046296
1 0.429948 0.625231 0.016667 0.048611
1 0.413021 0.626620 0.016146 0.048611
1 0.402344 0.624769 0.011979 0.048611
1 0.393750 0.625694 0.009896 0.040278
1 0.382943 0.625231 0.017969 0.049537
1 0.358594 0.621296 0.014583 0.048148
1 0.347396 0.612269 0.012500 0.043981
1 0.348047 0.568519 0.013802 0.050000
1 0.369792 0.561343 0.015625 0.042130
1 0.381771 0.568981 0.016146 0.051852
1 0.392969 0.559722 0.014063 0.034259
1 0.406771 0.570370 0.020833 0.053704
0 0.424870 0.564583 0.013281 0.042130
1 0.441146 0.566898 0.015625 0.048611
1 0.452995 0.565046 0.016927 0.046759
1 0.469922 0.562731 0.021615 0.042130
1 0.484766 0.568981 0.016927 0.054630
1 0.507292 0.564120 0.028125 0.055093
1 0.527214 0.560417 0.023177 0.056019
1 0.679818 0.560880 0.036198 0.053241
1 0.714193 0.564352 0.026823 0.051852
1 0.695573 0.511806 0.030729 0.031944
0 0.728776 0.506944 0.017969 0.021296
1 0.758073 0.565046 0.036458 0.032870
1 0.364193 0.520370 0.015885 0.056481
0 0.375651 0.521991 0.013281 0.058796
1 0.386589 0.518056 0.014323 0.060185
0 0.398047 0.518519 0.011198 0.053704
1 0.405990 0.510880 0.010417 0.056019
1 0.414844 0.518056 0.013021 0.056481
1 0.429297 0.519444 0.017448 0.058333
1 0.442839 0.518519 0.019531 0.049074
1 0.455469 0.522222 0.010937 0.050926
1 0.467448 0.520370 0.013021 0.056481
1 0.479948 0.522454 0.012500 0.060648
1 0.492448 0.522222 0.015104 0.058333
1 0.505990 0.522222 0.015625 0.051852
1 0.514844 0.504167 0.020833 0.040741
1 0.526823 0.505093 0.022917 0.061111
1 0.367839 0.474769 0.033594 0.053241
1 0.412891 0.472917 0.039844 0.047685
1 0.386719 0.445833 0.021875 0.067593
1 0.352344 0.402778 0.018229 0.062963
1 0.396094 0.400694 0.022917 0.071759
0 0.407943 0.399769 0.013802 0.059722
1 0.416146 0.391204 0.017708 0.043519
1 0.431120 0.402778 0.016406 0.066667
0 0.447526 0.398380 0.014323 0.058796
1 0.463542 0.407407 0.026042 0.072222
1 0.474089 0.401620 0.019531 0.068056
1 0.487500 0.397917 0.018750 0.060648
1 0.506120 0.390509 0.017448 0.047685
1 0.534896 0.400231 0.017708 0.069907
1 0.554948 0.396296 0.015625 0.069444
1 0.577474 0.351389 0.024740 0.061111
1 0.317839 0.337269 0.021094 0.069907
1 0.333464 0.343519 0.019531 0.080556
1 0.347917 0.338194 0.018229 0.066204
1 0.362240 0.346296 0.015104 0.065741
0 0.380599 0.337731 0.014323 0.069907
1 0.391797 0.339120 0.014844 0.070833
1 0.404427 0.335648 0.013021 0.062037
0 0.426042 0.338657 0.012500 0.070833
1 0.437500 0.331944 0.016667 0.068519
1 0.453125 0.335417 0.015625 0.068981
1 0.466797 0.332870 0.017448 0.066667
0 0.486198 0.334259 0.015104 0.070370
1 0.500391 0.335880 0.015885 0.070833
0 0.522396 0.336343 0.015625 0.072685
1 0.629948 0.276852 0.026042 0.087037
1 0.680339 0.161806 0.039323 0.093056
1 0.285026 0.182870 0.023698 0.081481
1 0.298047 0.179630 0.023177 0.088889
1 0.311719 0.175694 0.023438 0.081019
1 0.329688 0.178009 0.016667 0.078241
0 0.341667 0.178009 0.018229 0.080093
0 0.354167 0.173380 0.015625 0.068056
1 0.368490 0.173843 0.018229 0.069907
1 0.382943 0.173380 0.020052 0.068981
1 0.399870 0.182870 0.023698 0.088889
1 0.416667 0.182639 0.025521 0.088426
1 0.446875 0.185185 0.017188 0.075926
0 0.466797 0.179167 0.016406 0.070370
1 0.476693 0.182407 0.013281 0.066667
1 0.489844 0.187269 0.017188 0.068056
1 0.509766 0.191435 0.017969 0.095833
0 0.521094 0.179861 0.014063 0.074537
1 0.536589 0.191435 0.020573 0.086574
1 0.551823 0.184028 0.021875 0.089352
1 0.746615 0.157407 0.036979 0.056481
1 0.764193 0.118056 0.050260 0.050926
1 0.773568 0.078704 0.055469 0.070370
1 0.799349 0.163194 0.044531 0.058796
1 0.855469 0.155556 0.061979 0.055556
1 0.911068 0.151620 0.039323 0.061574
1 0.833594 0.073380 0.052604 0.056019
1 0.880599 0.064583 0.026302 0.043981
1 0.276042 0.089815 0.018750 0.084259
1 0.288672 0.092824 0.021094 0.088426
1 0.306120 0.099306 0.021094 0.066204
1 0.316276 0.093519 0.023698 0.086111
1 0.340495 0.095370 0.020052 0.093519
1 0.371094 0.093056 0.025521 0.081481
1 0.402995 0.090509 0.023698 0.089352
1 0.424870 0.099306 0.020573 0.094907
1 0.447526 0.087731 0.020573 0.081944
1 0.464323 0.090278 0.019792 0.084259
1 0.488021 0.095602 0.016146 0.074537
1 0.500391 0.090509 0.017448 0.083796
1 0.529297 0.092593 0.024219 0.096296
1 0.544922 0.097917 0.021615 0.080093
