1 0.337976 0.025952 0.022418 0.016148
1 0.333390 0.032872 0.020041 0.026528
1 0.330163 0.036044 0.019701 0.022491
1 0.330673 0.043829 0.020041 0.020761
1 0.329314 0.048443 0.019361 0.021915
1 0.326596 0.056228 0.020041 0.023645
1 0.323370 0.062572 0.017663 0.019031
1 0.320992 0.067186 0.021739 0.023645
1 0.318274 0.075836 0.021739 0.024798
1 0.319293 0.086217 0.019022 0.025952
0 0.366678 0.069204 0.014606 0.027682
1 0.311821 0.091407 0.017663 0.021338
1 0.311481 0.098904 0.021060 0.022491
1 0.350543 0.078720 0.014946 0.029412
1 0.345279 0.090830 0.018682 0.028258
1 0.349355 0.100058 0.014606 0.027105
0 0.342221 0.113610 0.012568 0.029988
1 0.340353 0.126009 0.014266 0.038639
1 0.308764 0.104671 0.017663 0.022491
1 0.309273 0.113322 0.022758 0.023645
1 0.307405 0.125433 0.021739 0.028258
1 0.302819 0.132353 0.021399 0.023645
0 0.301291 0.137832 0.022418 0.026528
1 0.303159 0.144752 0.020720 0.021915
0 0.333730 0.146770 0.014606 0.035179
1 0.339504 0.160900 0.013247 0.038062
1 0.301121 0.153691 0.021399 0.024798
1 0.290591 0.163206 0.024117 0.038062
1 0.555876 0.045271 0.008492 0.024798
1 0.552310 0.072376 0.010870 0.031719
1 0.585258 0.103518 0.009511 0.030565
1 0.555876 0.112457 0.009851 0.029988
1 0.548573 0.131200 0.011549 0.034025
1 0.540761 0.166090 0.009511 0.033449
0 0.554688 0.205017 0.024457 0.030565
0 0.603940 0.188005 0.008152 0.029988
0 0.519361 0.199250 0.010190 0.032872
0 0.542969 0.195502 0.011889 0.024221
1 0.251698 0.277105 0.029212 0.032872
1 0.275985 0.209054 0.026155 0.020185
1 0.273777 0.219723 0.026495 0.024221
1 0.275985 0.229527 0.028872 0.026528
1 0.269022 0.239619 0.025136 0.025952
1 0.264096 0.247405 0.026834 0.023068
1 0.261379 0.254037 0.023438 0.024798
1 0.257643 0.258074 0.023438 0.023645
1 0.256114 0.269031 0.027174 0.025952
1 0.289232 0.275663 0.011209 0.034602
1 0.312670 0.208766 0.010530 0.036909
1 0.316067 0.216551 0.014606 0.036332
1 0.326936 0.204441 0.015285 0.043253
1 0.341372 0.209631 0.012908 0.037486
1 0.352412 0.209343 0.011889 0.047290
0 0.361583 0.213091 0.011889 0.040946
0 0.305027 0.271338 0.008832 0.040946
1 0.311141 0.274510 0.011549 0.048443
1 0.322181 0.273356 0.011209 0.047290
0 0.331861 0.273068 0.010190 0.038639
1 0.340353 0.276528 0.014266 0.047866
1 0.351732 0.276240 0.013247 0.036909
1 0.363111 0.277682 0.015625 0.034025
1 0.369905 0.281430 0.012228 0.036909
1 0.383322 0.279412 0.011889 0.035179
1 0.369565 0.208766 0.010870 0.038062
1 0.378567 0.211361 0.011209 0.042099
1 0.388587 0.213668 0.013587 0.042099
1 0.399457 0.217705 0.013587 0.034025
1 0.406760 0.215110 0.011889 0.035755
1 0.414742 0.217705 0.014946 0.038639
1 0.424423 0.217705 0.012568 0.037486
1 0.430707 0.216840 0.016304 0.038062
1 0.444124 0.216263 0.012568 0.041522
1 0.459239 0.220012 0.010870 0.039792
0 0.391474 0.272780 0.009851 0.040369
0 0.395380 0.279123 0.010190 0.035755
0 0.401834 0.275375 0.008832 0.037486
1 0.412874 0.273356 0.018003 0.040369
1 0.423064 0.280565 0.018682 0.049020
1 0.435632 0.274221 0.012568 0.040946
1 0.443444 0.279700 0.010530 0.038062
0 0.452276 0.277682 0.011209 0.038639
0 0.461107 0.278547 0.011209 0.035755
1 0.470279 0.222607 0.010530 0.038062
0 0.477412 0.227797 0.010530 0.034602
1 0.484885 0.224625 0.011889 0.037486
0 0.493716 0.222895 0.008492 0.035179
0 0.504586 0.224337 0.009171 0.041522
0 0.511209 0.227220 0.009511 0.041522
0 0.531760 0.236448 0.009851 0.033449
1 0.468920 0.280277 0.014606 0.046136
0 0.481148 0.277682 0.007812 0.037486
1 0.487942 0.281430 0.011209 0.043829
1 0.497792 0.280565 0.012568 0.040946
1 0.509851 0.284602 0.011549 0.035179
1 0.520720 0.287774 0.014266 0.038062
0 0.530571 0.287197 0.008832 0.035755
1 0.539062 0.287774 0.012228 0.034602
1 0.541270 0.225202 0.011889 0.034025
1 0.557745 0.294983 0.012908 0.035179
1 0.613961 0.277682 0.014606 0.045559
0 0.604789 0.158304 0.009171 0.023645
1 0.633832 0.196943 0.029891 0.035179
1 0.643682 0.213668 0.025815 0.023645
1 0.671875 0.200692 0.024457 0.031142
0 0.667629 0.219435 0.025476 0.015571
1 0.700408 0.204441 0.027174 0.024798
1 0.694973 0.218281 0.027174 0.019031
1 0.727921 0.205017 0.015625 0.031719
1 0.728940 0.218570 0.021060 0.018454
1 0.812670 0.056517 0.011889 0.012687
0 0.802480 0.055075 0.007812 0.012111
1 0.799423 0.065456 0.014606 0.021338
1 0.814708 0.072953 0.011209 0.022491
1 0.797554 0.084198 0.008152 0.031142
1 0.804518 0.086217 0.008492 0.029412
1 0.817086 0.085352 0.009851 0.032295
1 0.827276 0.085352 0.010530 0.038062
1 0.803329 0.122549 0.012228 0.031719
1 0.813519 0.117359 0.017663 0.034025
1 0.827276 0.119377 0.014606 0.029988
1 0.840183 0.119666 0.018003 0.027105
1 0.852582 0.137255 0.012228 0.038062
1 0.841542 0.136967 0.012568 0.036332
0 0.831861 0.138697 0.009511 0.035179
0 0.826766 0.138697 0.010870 0.038639
0 0.820143 0.137255 0.009171 0.035755
1 0.814538 0.141003 0.010870 0.037486
1 0.870584 0.174164 0.025136 0.032295
0 0.858186 0.186851 0.017323 0.029988
1 0.847656 0.188293 0.018003 0.036332
1 0.834749 0.190600 0.022758 0.037486
1 0.239810 0.316321 0.027174 0.030565
1 0.233865 0.333910 0.028193 0.028835
1 0.228601 0.350346 0.033967 0.029412
1 0.226053 0.360150 0.031590 0.025952
1 0.221807 0.370531 0.029891 0.025952
1 0.216882 0.378604 0.028872 0.029412
1 0.284647 0.335063 0.014266 0.053057
1 0.294497 0.330450 0.013587 0.053057
1 0.306556 0.335352 0.011209 0.038639
1 0.317255 0.330738 0.014946 0.034025
1 0.330333 0.338812 0.012568 0.038639
1 0.342901 0.331315 0.013247 0.054787
1 0.358526 0.335640 0.013247 0.043829
1 0.354959 0.365917 0.033288 0.035179
0 0.369395 0.334487 0.010530 0.039216
0 0.376359 0.335063 0.010190 0.039216
1 0.385530 0.335928 0.012228 0.037486
1 0.397418 0.331315 0.014266 0.038639
0 0.405910 0.335640 0.010190 0.041522
1 0.414572 0.335928 0.012568 0.052480
0 0.422894 0.339677 0.010190 0.035755
0 0.430707 0.338235 0.010870 0.038639
1 0.439708 0.339389 0.012568 0.038639
0 0.456012 0.338235 0.009851 0.039792
1 0.464164 0.334775 0.011209 0.039792
1 0.476902 0.333045 0.016984 0.045559
1 0.486753 0.335640 0.015625 0.048443
1 0.500849 0.333045 0.017323 0.045559
1 0.510360 0.335640 0.017323 0.041522
1 0.523268 0.340542 0.011889 0.035179
1 0.529212 0.343137 0.012908 0.040369
0 0.538723 0.337370 0.011549 0.041522
1 0.560971 0.381776 0.017323 0.046136
1 0.672215 0.389850 0.038043 0.038062
1 0.706352 0.393022 0.028872 0.044406
1 0.653702 0.422145 0.032269 0.036909
1 0.682914 0.421280 0.033628 0.032872
1 0.720448 0.422722 0.029891 0.035755
1 0.749490 0.430796 0.013247 0.021915
1 0.207031 0.404268 0.030231 0.039216
1 0.209749 0.422434 0.033628 0.040946
1 0.197181 0.430796 0.031590 0.038062
1 0.193105 0.451845 0.034986 0.032872
1 0.189198 0.462226 0.032609 0.030565
1 0.187670 0.475779 0.036345 0.042676
1 0.283628 0.409458 0.019701 0.059977
1 0.322520 0.411765 0.016644 0.044983
1 0.337126 0.414937 0.013247 0.050173
1 0.348166 0.419839 0.015625 0.046136
1 0.363791 0.412053 0.016984 0.054787
1 0.378736 0.415802 0.015625 0.057670
1 0.284817 0.449250 0.035666 0.036909
1 0.279212 0.461073 0.036005 0.042099
1 0.314878 0.453287 0.028533 0.035755
1 0.347486 0.451845 0.033967 0.034025
1 0.345279 0.463091 0.036345 0.038062
0 0.381963 0.465398 0.032269 0.033449
1 0.373641 0.477220 0.034647 0.034025
1 0.419837 0.463668 0.033288 0.046136
1 0.419158 0.411476 0.015625 0.058247
1 0.432575 0.413495 0.015965 0.058824
1 0.443105 0.417243 0.018682 0.049020
1 0.453974 0.423010 0.012568 0.052480
0 0.465014 0.425029 0.013587 0.050750
0 0.475374 0.421857 0.015965 0.049020
1 0.484205 0.414072 0.012568 0.048443
0 0.509511 0.423010 0.011549 0.051326
1 0.520720 0.421280 0.017663 0.053633
0 0.532439 0.422722 0.010530 0.053057
1 0.467052 0.464245 0.033967 0.033449
1 0.459409 0.475490 0.036345 0.043253
1 0.489980 0.484717 0.029552 0.052480
0 0.511209 0.490773 0.013587 0.048443
1 0.531250 0.493080 0.023777 0.057670
1 0.491168 0.502884 0.025136 0.051903
1 0.434103 0.514706 0.031929 0.047866
1 0.545177 0.426759 0.016304 0.056517
1 0.561821 0.443483 0.015625 0.044983
1 0.583730 0.429931 0.015285 0.059400
1 0.576257 0.518166 0.019361 0.046713
0 0.083390 0.539216 0.040421 0.038062
1 0.087466 0.565744 0.041780 0.051903
1 0.038213 0.533160 0.035666 0.045559
1 0.179008 0.508939 0.040082 0.043253
1 0.132133 0.577278 0.025815 0.047290
1 0.153023 0.569493 0.021399 0.051326
1 0.165761 0.569493 0.019022 0.055940
0 0.179857 0.573241 0.030231 0.053057
1 0.199898 0.564302 0.019361 0.066321
1 0.214334 0.566897 0.023098 0.058824
0 0.227921 0.568916 0.017663 0.051326
1 0.242527 0.566321 0.016984 0.070358
1 0.263247 0.566609 0.023777 0.070934
1 0.275306 0.498558 0.036345 0.037486
1 0.312500 0.497405 0.036685 0.039792
1 0.280231 0.552768 0.016984 0.061707
1 0.297215 0.550461 0.020380 0.067474
1 0.313349 0.554210 0.021399 0.061130
1 0.323879 0.557958 0.016644 0.051326
0 0.336447 0.557093 0.016644 0.057670
1 0.351902 0.549885 0.016304 0.069781
1 0.429178 0.563437 0.013247 0.063437
1 0.441406 0.563149 0.015965 0.061707
1 0.454144 0.567762 0.016304 0.051326
1 0.485394 0.577855 0.014266 0.051903
1 0.500170 0.570069 0.016644 0.067474
1 0.513757 0.567186 0.018682 0.065167
1 0.529042 0.566609 0.014606 0.064014
1 0.537704 0.577855 0.011549 0.068051
0 0.547894 0.567474 0.014266 0.047290
1 0.585768 0.574106 0.018682 0.070934
1 0.623132 0.620242 0.021399 0.059400
1 0.103770 0.612457 0.024796 0.074971
1 0.122113 0.612168 0.023438 0.064014
1 0.140455 0.613899 0.022758 0.068627
0 0.156250 0.619666 0.022418 0.065167
1 0.171535 0.625144 0.021739 0.066897
1 0.192935 0.611303 0.026495 0.068051
0 0.214674 0.613322 0.015625 0.065167
0 0.242018 0.617070 0.020041 0.065744
0 0.258662 0.613899 0.016644 0.062860
0 0.286685 0.587082 0.036685 0.046136
1 0.271399 0.617070 0.018342 0.063437
1 0.285156 0.619954 0.020041 0.058824
1 0.301461 0.638120 0.024117 0.060554
1 0.318784 0.609285 0.018682 0.068627
0 0.334409 0.611880 0.016644 0.065744
1 0.349185 0.615917 0.016984 0.066897
1 0.372622 0.625433 0.019022 0.066321
1 0.386209 0.625433 0.021739 0.059400
1 0.406080 0.613610 0.018003 0.065744
1 0.357507 0.665225 0.041780 0.040946
1 0.424932 0.621396 0.014266 0.064014
1 0.440217 0.625721 0.016984 0.066897
1 0.454993 0.626009 0.018682 0.065167
1 0.472486 0.619666 0.019022 0.069781
1 0.490149 0.621684 0.016984 0.073818
1 0.508322 0.623991 0.018682 0.065744
1 0.522588 0.626874 0.018682 0.069204
0 0.540931 0.630334 0.017323 0.063437
1 0.482167 0.685409 0.043139 0.039792
1 0.578974 0.628316 0.031590 0.059400
1 0.583730 0.682526 0.018682 0.055940
1 0.569633 0.716551 0.043478 0.042099
1 0.623641 0.709631 0.023777 0.049020
1 0.666101 0.729239 0.043478 0.062860
1 0.717901 0.714533 0.047894 0.050750
1 0.761719 0.722607 0.039742 0.041522
1 0.749321 0.752307 0.046875 0.050173
1 0.698879 0.769608 0.030231 0.070934
1 0.736243 0.785755 0.046535 0.036332
1 0.787024 0.792388 0.042120 0.033449
1 0.811311 0.767013 0.039062 0.043829
1 0.806216 0.724913 0.049253 0.042676
1 0.861243 0.724625 0.050611 0.038639
1 0.876019 0.788062 0.050272 0.045559
1 0.059273 0.734429 0.034307 0.082468
1 0.061141 0.749712 0.027174 0.069204
1 0.079144 0.743656 0.028533 0.096309
1 0.106827 0.735871 0.042459 0.070358
1 0.108865 0.755479 0.034307 0.084198
1 0.135360 0.752018 0.024117 0.091119
1 0.165591 0.738178 0.026834 0.079585
1 0.180876 0.742791 0.022079 0.083045
1 0.196332 0.737889 0.027853 0.087082
1 0.219769 0.747693 0.021739 0.073241
1 0.255605 0.740196 0.026834 0.074394
1 0.272079 0.742215 0.026495 0.074971
1 0.293308 0.744521 0.024117 0.070358
1 0.310292 0.736159 0.023438 0.085928
1 0.318614 0.742503 0.021739 0.074394
0 0.334918 0.748558 0.016304 0.065744
1 0.352242 0.750288 0.021739 0.062284
1 0.373132 0.748558 0.021399 0.062284
1 0.406080 0.747693 0.015965 0.062860
1 0.420516 0.730681 0.019701 0.058824
1 0.434783 0.752018 0.019701 0.078431
1 0.450747 0.745963 0.019701 0.062860
0 0.467391 0.757497 0.014266 0.064014
1 0.478261 0.754037 0.016984 0.044406
1 0.489810 0.774510 0.017663 0.079585
1 0.504586 0.771338 0.018682 0.066321
1 0.520550 0.771338 0.016644 0.083622
1 0.556726 0.785755 0.020380 0.092849
1 0.587296 0.772780 0.020380 0.086505
1 0.058594 0.827278 0.039742 0.083622
1 0.075917 0.840542 0.038383 0.083622
1 0.100713 0.831315 0.028872 0.091696
1 0.140965 0.812572 0.034647 0.079585
1 0.102072 0.879181 0.057405 0.066321
1 0.177989 0.857843 0.061141 0.075548
1 0.211617 0.803057 0.027853 0.088235
1 0.235564 0.811707 0.024796 0.074394
1 0.275306 0.818916 0.019361 0.081892
1 0.289062 0.826413 0.021739 0.081892
1 0.310122 0.820358 0.019701 0.080161
1 0.326766 0.826125 0.019701 0.084775
1 0.343071 0.829008 0.023777 0.076701
1 0.361923 0.819493 0.020041 0.076125
1 0.391304 0.824971 0.027853 0.080161
1 0.412874 0.820069 0.026155 0.080738
1 0.433594 0.824106 0.021399 0.079585
1 0.455503 0.834487 0.020380 0.059977
1 0.470448 0.823818 0.021739 0.076701
0 0.491678 0.834487 0.016644 0.079585
1 0.513927 0.847463 0.032609 0.082468
1 0.459918 0.879469 0.051630 0.053057
1 0.415591 0.912341 0.055367 0.055363
1 0.679857 0.847463 0.022079 0.075548
1 0.651325 0.859862 0.024117 0.081892
1 0.623981 0.855248 0.022418 0.062284
1 0.592391 0.865917 0.023777 0.065167
0 0.229789 0.927047 0.055367 0.039792
1 0.384171 0.943195 0.046875 0.028258
1 0.517833 0.942042 0.028193 0.046713
1 0.629755 0.940023 0.023777 0.066897
