1 0.311849 0.991667 0.022656 0.016667
1 0.307422 0.984259 0.020052 0.027778
1 0.304167 0.980324 0.019792 0.023611
1 0.304818 0.972222 0.020052 0.021296
1 0.303776 0.967130 0.019531 0.023148
1 0.301042 0.958565 0.020313 0.024537
1 0.297917 0.951620 0.017708 0.019907
1 0.295573 0.946528 0.021875 0.024537
1 0.292969 0.937037 0.021875 0.025926
1 0.294271 0.926157 0.019271 0.027315
0 0.342318 0.947454 0.014323 0.029167
1 0.286719 0.919907 0.017708 0.022222
1 0.286719 0.911806 0.021354 0.023611
1 0.326172 0.936343 0.014844 0.031019
1 0.320964 0.922917 0.019010 0.030093
1 0.325521 0.913194 0.014583 0.028241
0 0.318490 0.898380 0.012500 0.031944
1 0.316797 0.884722 0.014323 0.040741
1 0.284115 0.905556 0.017708 0.023148
1 0.284766 0.896296 0.023177 0.025000
1 0.283073 0.883333 0.021875 0.029630
1 0.278646 0.875694 0.021354 0.024537
0 0.277214 0.869444 0.022656 0.027778
1 0.279297 0.862269 0.020573 0.022685
0 0.310547 0.862037 0.014844 0.037037
1 0.316667 0.847454 0.013021 0.040278
1 0.277344 0.852546 0.021354 0.026389
1 0.266797 0.841667 0.024219 0.039815
1 0.534896 0.986806 0.008333 0.026389
1 0.531901 0.957870 0.010677 0.033333
1 0.566146 0.926620 0.009375 0.031944
1 0.536589 0.915046 0.009635 0.031944
1 0.529427 0.894444 0.011458 0.036111
1 0.522396 0.856481 0.009375 0.035185
0 0.537370 0.815972 0.024740 0.031944
0 0.587370 0.837731 0.008073 0.031019
0 0.501172 0.819444 0.010156 0.034259
0 0.525391 0.825231 0.011719 0.025463
1 0.229818 0.717130 0.029427 0.034259
1 0.252995 0.791667 0.026302 0.021296
1 0.251172 0.779861 0.026823 0.025463
1 0.253516 0.769907 0.029427 0.027778
1 0.246615 0.758565 0.025521 0.027315
1 0.241797 0.749769 0.027344 0.024537
1 0.239193 0.742361 0.023698 0.026389
1 0.235547 0.737731 0.023698 0.024537
1 0.234115 0.726157 0.027604 0.027315
1 0.268099 0.721296 0.011198 0.036111
1 0.290625 0.794444 0.010417 0.038889
1 0.294271 0.786343 0.014583 0.038426
1 0.304948 0.800231 0.015104 0.045833
1 0.319792 0.795602 0.013021 0.039352
1 0.331120 0.796759 0.011719 0.050000
0 0.340495 0.793519 0.011719 0.043519
0 0.284115 0.727083 0.008854 0.043056
1 0.290625 0.724306 0.011458 0.051389
1 0.301823 0.726157 0.010937 0.050463
0 0.311589 0.727083 0.010156 0.041204
1 0.320443 0.724074 0.014323 0.050926
1 0.331901 0.725231 0.013281 0.039352
1 0.343750 0.724306 0.015625 0.035648
1 0.350651 0.720833 0.012240 0.038889
1 0.364193 0.724074 0.011719 0.037037
1 0.348568 0.798380 0.010677 0.040278
1 0.357943 0.796296 0.011198 0.044444
1 0.368099 0.794444 0.013281 0.044444
1 0.379297 0.791204 0.013281 0.036111
1 0.386719 0.794444 0.011979 0.037963
1 0.394922 0.792130 0.014844 0.040741
1 0.404818 0.792824 0.012760 0.039352
1 0.411198 0.794444 0.016146 0.039815
1 0.424870 0.795833 0.012240 0.043519
1 0.440495 0.793056 0.010677 0.041667
0 0.372396 0.731481 0.009896 0.042593
0 0.376693 0.725231 0.010156 0.037500
0 0.383073 0.729630 0.008854 0.039815
1 0.394271 0.732407 0.018229 0.042593
1 0.404948 0.725694 0.018750 0.052315
1 0.417448 0.733333 0.012500 0.043519
1 0.425521 0.728009 0.010417 0.040278
0 0.434766 0.731019 0.011198 0.040741
0 0.443620 0.730787 0.011198 0.037500
1 0.451693 0.791204 0.010156 0.039815
0 0.459115 0.786111 0.010417 0.036111
1 0.466667 0.789815 0.011979 0.039815
0 0.475651 0.792593 0.008073 0.037037
0 0.486719 0.791667 0.008854 0.043519
0 0.493750 0.789120 0.009375 0.043981
0 0.514844 0.780556 0.009896 0.035185
1 0.451693 0.729398 0.014323 0.048611
0 0.464193 0.733102 0.007552 0.039352
1 0.471224 0.729630 0.011198 0.046296
1 0.481250 0.731019 0.012500 0.043519
1 0.493490 0.727778 0.011458 0.037037
1 0.504818 0.725231 0.014323 0.040278
0 0.514844 0.726389 0.008854 0.037963
1 0.523438 0.726389 0.011979 0.036111
1 0.524349 0.793519 0.011719 0.036111
1 0.542839 0.719907 0.012760 0.037037
1 0.599740 0.742593 0.014583 0.048148
0 0.587500 0.869676 0.009375 0.024537
1 0.618099 0.830556 0.029948 0.037037
1 0.628646 0.813194 0.026042 0.024537
1 0.656901 0.828935 0.024740 0.032870
0 0.652995 0.808796 0.025781 0.015741
1 0.686198 0.826852 0.027604 0.025926
1 0.681120 0.811806 0.027344 0.019907
1 0.714323 0.828472 0.015625 0.033796
1 0.715625 0.814120 0.021354 0.018981
1 0.797266 0.993519 0.011719 0.012963
0 0.786849 0.993981 0.007552 0.012037
1 0.784115 0.982870 0.014583 0.022222
1 0.799870 0.975694 0.011198 0.023611
1 0.782422 0.962731 0.008073 0.032870
1 0.789714 0.960880 0.008594 0.031019
1 0.802474 0.962731 0.009635 0.033796
1 0.812891 0.963657 0.010677 0.040278
1 0.789323 0.921759 0.011979 0.033333
1 0.799740 0.928241 0.017708 0.036111
1 0.813672 0.927083 0.014323 0.031019
1 0.826823 0.927546 0.018229 0.028241
1 0.839974 0.909722 0.012240 0.039815
1 0.828646 0.909491 0.012500 0.038426
0 0.818750 0.906944 0.009375 0.037037
0 0.813672 0.906481 0.010677 0.040741
0 0.806901 0.907639 0.009115 0.037500
1 0.801172 0.903241 0.010677 0.039815
1 0.859245 0.871528 0.025260 0.033796
0 0.846745 0.856944 0.017448 0.031481
1 0.836198 0.854861 0.018229 0.038426
1 0.823047 0.851620 0.023177 0.039352
1 0.218750 0.674306 0.027604 0.031944
1 0.213021 0.655093 0.028646 0.030556
1 0.208073 0.637269 0.034375 0.031019
1 0.205599 0.626620 0.032031 0.027315
1 0.201563 0.615046 0.030208 0.027315
1 0.196745 0.606019 0.029427 0.030556
1 0.264974 0.657407 0.014323 0.056481
1 0.275000 0.663194 0.013542 0.056019
1 0.287240 0.658796 0.010937 0.040741
1 0.298047 0.664352 0.014844 0.036111
1 0.311719 0.656481 0.012500 0.040741
1 0.324219 0.665509 0.013021 0.057870
1 0.340365 0.662269 0.013021 0.045833
1 0.337500 0.629630 0.033854 0.037037
0 0.351302 0.664120 0.010417 0.041204
0 0.358464 0.664120 0.010156 0.041204
1 0.367839 0.663657 0.012240 0.039352
1 0.379818 0.669444 0.014323 0.040741
0 0.388672 0.665509 0.010156 0.043981
1 0.397396 0.665972 0.012500 0.055093
0 0.406120 0.662731 0.010156 0.037500
0 0.414193 0.664583 0.010677 0.041204
1 0.423438 0.664120 0.012500 0.040278
0 0.439844 0.666435 0.009896 0.042130
1 0.448177 0.670833 0.010937 0.041667
1 0.461198 0.673611 0.017188 0.048148
1 0.471094 0.671528 0.015625 0.051389
1 0.485547 0.675231 0.017448 0.047685
1 0.495443 0.672917 0.017448 0.043981
1 0.508594 0.668981 0.011979 0.037037
1 0.514714 0.666204 0.012760 0.042593
0 0.524349 0.673380 0.011719 0.043981
1 0.548047 0.627546 0.017448 0.048611
1 0.661849 0.626852 0.038281 0.039815
1 0.696745 0.625694 0.029427 0.046759
1 0.643620 0.590741 0.032552 0.038889
1 0.673568 0.593981 0.034115 0.034259
1 0.711719 0.595139 0.030208 0.037500
1 0.741797 0.588657 0.013281 0.022685
1 0.187370 0.578009 0.030469 0.041204
1 0.190495 0.558796 0.034115 0.043519
1 0.177995 0.548843 0.032031 0.040278
1 0.174219 0.526157 0.035417 0.034722
1 0.170573 0.514583 0.032813 0.031944
1 0.169271 0.500231 0.036979 0.044907
1 0.265625 0.578009 0.019792 0.063426
1 0.305469 0.578241 0.016667 0.048148
1 0.320443 0.575694 0.013281 0.053241
1 0.331771 0.571296 0.015625 0.049074
1 0.347526 0.581019 0.016927 0.058333
1 0.362891 0.578009 0.015365 0.061574
1 0.267839 0.535417 0.036198 0.039352
1 0.262370 0.522454 0.036719 0.043981
1 0.298568 0.533333 0.028906 0.037963
1 0.331771 0.537269 0.034375 0.035648
1 0.329818 0.525231 0.036719 0.040278
0 0.367448 0.525231 0.032813 0.034722
1 0.359245 0.511806 0.035156 0.035648
1 0.405990 0.529630 0.033854 0.049074
1 0.404167 0.585417 0.015625 0.061574
1 0.417839 0.584491 0.015885 0.062500
1 0.428646 0.581019 0.018750 0.051852
1 0.439844 0.575694 0.012500 0.056019
0 0.451172 0.574306 0.013281 0.053241
0 0.461719 0.578472 0.016146 0.051389
1 0.470573 0.587269 0.012500 0.051389
0 0.496615 0.579630 0.011458 0.054630
1 0.507943 0.582407 0.017448 0.056481
0 0.519922 0.581481 0.010677 0.056481
1 0.454167 0.532407 0.034375 0.035185
1 0.446745 0.519907 0.036719 0.045370
1 0.477995 0.512269 0.029948 0.056019
0 0.499870 0.507407 0.013281 0.050926
1 0.520443 0.506481 0.024219 0.061111
1 0.479818 0.493056 0.025260 0.054630
1 0.421615 0.476157 0.032292 0.050463
1 0.533073 0.578241 0.016146 0.060185
1 0.550521 0.561806 0.015625 0.047685
1 0.572526 0.577778 0.015365 0.062963
1 0.566927 0.482639 0.019271 0.049537
0 0.064323 0.424769 0.041146 0.040278
1 0.069141 0.396759 0.042448 0.054630
1 0.018099 0.428009 0.036198 0.047685
1 0.161198 0.464120 0.040625 0.045833
1 0.114974 0.387500 0.025781 0.050000
1 0.136198 0.397454 0.021354 0.054167
1 0.149089 0.398148 0.019010 0.059259
0 0.163672 0.395370 0.030469 0.056481
1 0.183724 0.406481 0.019531 0.070370
1 0.198568 0.404630 0.023177 0.062037
0 0.212500 0.403472 0.017708 0.054167
1 0.227474 0.407407 0.016927 0.075000
1 0.248568 0.408333 0.024219 0.075000
1 0.259245 0.481944 0.036719 0.039815
1 0.297266 0.485880 0.037240 0.042130
1 0.265625 0.424306 0.017188 0.065278
1 0.282943 0.428009 0.020573 0.071759
1 0.299349 0.425231 0.021615 0.065278
1 0.310417 0.421991 0.016667 0.054167
0 0.323047 0.423611 0.016406 0.061111
1 0.338672 0.432870 0.016406 0.074074
1 0.417969 0.423843 0.013021 0.067130
1 0.430339 0.424769 0.015885 0.065278
1 0.443490 0.420833 0.016146 0.054630
1 0.475651 0.412269 0.014323 0.055093
1 0.490495 0.421759 0.016927 0.071296
1 0.504167 0.425694 0.018750 0.068981
1 0.519922 0.427546 0.014323 0.068056
1 0.529167 0.416204 0.011458 0.072222
0 0.539193 0.428009 0.014323 0.049537
1 0.577995 0.423843 0.018490 0.075463
1 0.617318 0.377083 0.021615 0.063426
1 0.086719 0.347917 0.025000 0.080093
1 0.105599 0.349769 0.023698 0.068056
1 0.124219 0.348843 0.022917 0.072685
0 0.140495 0.343981 0.022656 0.069444
1 0.156250 0.339120 0.021875 0.070833
1 0.177865 0.355556 0.026562 0.072222
0 0.200000 0.355093 0.015625 0.069444
0 0.227995 0.353009 0.020052 0.069907
0 0.245052 0.357407 0.016667 0.066667
0 0.272917 0.388194 0.036979 0.048611
1 0.258073 0.355093 0.018229 0.067593
1 0.272266 0.353009 0.020052 0.062500
1 0.289323 0.334954 0.024479 0.064352
1 0.306250 0.366667 0.018750 0.073148
0 0.322266 0.365046 0.016927 0.069907
1 0.337370 0.361806 0.016927 0.070833
1 0.361719 0.353241 0.019271 0.070370
1 0.375521 0.354167 0.021875 0.062963
1 0.395573 0.368519 0.018229 0.069444
1 0.347266 0.309954 0.042448 0.043056
1 0.414974 0.361343 0.014323 0.068056
1 0.430599 0.357870 0.016927 0.071296
1 0.445573 0.358796 0.018750 0.069444
1 0.463542 0.366667 0.019271 0.074074
1 0.481641 0.365972 0.016927 0.078241
1 0.500000 0.364583 0.018750 0.069907
1 0.514844 0.362731 0.018750 0.073611
0 0.533594 0.360417 0.017188 0.067130
1 0.474870 0.297222 0.043490 0.042593
1 0.572396 0.365278 0.031771 0.062963
1 0.578646 0.307870 0.018750 0.059259
1 0.564844 0.270370 0.044271 0.044444
1 0.619922 0.281481 0.023698 0.051852
1 0.663802 0.263657 0.044271 0.066204
1 0.716276 0.282870 0.048698 0.053704
1 0.761068 0.277546 0.040365 0.043981
1 0.749219 0.244907 0.047396 0.052778
1 0.698047 0.222685 0.030469 0.075000
1 0.736589 0.208102 0.047135 0.038426
1 0.788672 0.204630 0.042448 0.035185
1 0.813021 0.233796 0.039583 0.046296
1 0.806641 0.278472 0.050260 0.044907
1 0.862891 0.282870 0.051302 0.040741
1 0.879427 0.215741 0.051042 0.048148
1 0.044271 0.214352 0.034896 0.087963
1 0.046745 0.198380 0.027344 0.073611
1 0.064844 0.206019 0.028646 0.102778
1 0.092839 0.216204 0.042969 0.075000
1 0.095443 0.195370 0.034635 0.089815
1 0.122396 0.201157 0.024479 0.096759
1 0.153125 0.218056 0.027083 0.084259
1 0.168620 0.214120 0.022135 0.088426
1 0.184375 0.220833 0.028125 0.092593
1 0.208594 0.211806 0.021875 0.077315
1 0.245052 0.222454 0.027083 0.079167
1 0.261849 0.221296 0.026823 0.079630
1 0.283464 0.220370 0.024219 0.075000
1 0.300651 0.230556 0.023698 0.091667
1 0.309375 0.224306 0.021875 0.079167
0 0.326172 0.218981 0.016406 0.069444
1 0.343750 0.218519 0.021875 0.065741
1 0.364974 0.221991 0.021615 0.066204
1 0.398698 0.225231 0.016146 0.067130
1 0.413021 0.244444 0.019792 0.062037
1 0.428125 0.222685 0.019792 0.083333
1 0.444271 0.230093 0.019792 0.066667
0 0.461589 0.218981 0.014323 0.067593
1 0.472526 0.223611 0.016927 0.047222
1 0.484896 0.202546 0.017708 0.084722
1 0.499870 0.206944 0.018490 0.070370
1 0.516146 0.208102 0.016667 0.088426
1 0.553516 0.195370 0.020573 0.099074
1 0.584245 0.211343 0.020573 0.092130
1 0.045964 0.115046 0.040365 0.088426
1 0.063802 0.101852 0.039062 0.088889
1 0.089063 0.113657 0.029167 0.097685
1 0.129688 0.136806 0.034896 0.084722
1 0.091667 0.062731 0.058333 0.069907
1 0.168490 0.090972 0.061979 0.080093
1 0.201563 0.152083 0.028125 0.093981
1 0.226042 0.144444 0.025000 0.078704
1 0.266797 0.139583 0.019531 0.086574
1 0.280990 0.132639 0.021875 0.086574
1 0.302344 0.140509 0.019792 0.084722
1 0.319792 0.135417 0.019792 0.090278
1 0.336198 0.133796 0.023958 0.081481
1 0.355339 0.145370 0.020052 0.080556
1 0.385417 0.141435 0.028125 0.084722
1 0.407422 0.148380 0.026302 0.085648
1 0.428646 0.145370 0.021354 0.084259
1 0.451302 0.136111 0.020313 0.063889
1 0.466146 0.148380 0.021875 0.081019
0 0.488151 0.138657 0.016406 0.084722
1 0.511198 0.126157 0.033333 0.087500
1 0.456771 0.088194 0.052604 0.056019
1 0.412500 0.049769 0.056250 0.058796
1 0.680599 0.138194 0.022135 0.080093
1 0.651823 0.122685 0.024479 0.087037
1 0.623698 0.125694 0.022396 0.066204
1 0.591667 0.112269 0.023958 0.068981
0 0.223047 0.020833 0.055990 0.041667
1 0.381120 0.014583 0.047656 0.029167
1 0.517448 0.025231 0.028646 0.049537
1 0.631641 0.035648 0.023698 0.071296
