1 0.652552 0.972019 0.022439 0.015815
1 0.657076 0.965633 0.019906 0.026156
1 0.660514 0.962591 0.019544 0.022506
1 0.659971 0.954988 0.019906 0.020681
1 0.661238 0.950122 0.019544 0.021898
1 0.664133 0.942822 0.020268 0.023114
1 0.667210 0.936436 0.017734 0.018856
1 0.669562 0.931873 0.021716 0.023114
1 0.672457 0.923358 0.021716 0.024331
1 0.671553 0.913321 0.019182 0.026156
0 0.624140 0.929136 0.014115 0.027372
1 0.678972 0.908151 0.017372 0.020681
1 0.679334 0.900852 0.020992 0.021898
1 0.640065 0.920316 0.014839 0.029197
1 0.645675 0.908151 0.018820 0.027981
1 0.641332 0.899027 0.014477 0.026764
0 0.648751 0.885949 0.012667 0.029805
1 0.650742 0.873479 0.014477 0.037713
1 0.681868 0.895377 0.017372 0.021898
1 0.681506 0.886557 0.023163 0.023723
1 0.683677 0.874696 0.021716 0.027981
1 0.688020 0.868005 0.020992 0.023114
0 0.689468 0.862835 0.022439 0.026156
1 0.687839 0.855839 0.020630 0.021898
0 0.657438 0.853102 0.014839 0.034672
1 0.651828 0.839416 0.013029 0.037713
1 0.690011 0.847019 0.021354 0.024939
1 0.700507 0.837895 0.024249 0.037105
1 0.435758 0.949818 0.008686 0.024939
1 0.439377 0.923662 0.010858 0.031022
1 0.406985 0.892032 0.009772 0.029805
1 0.435939 0.883820 0.009772 0.030414
1 0.443540 0.865572 0.011220 0.034063
1 0.451321 0.830900 0.009410 0.032847
0 0.437930 0.792579 0.024611 0.030414
0 0.388708 0.808394 0.007962 0.029197
0 0.473037 0.798662 0.010134 0.031630
0 0.449330 0.802007 0.011944 0.023723
1 0.739776 0.726277 0.028954 0.031630
1 0.715165 0.792883 0.026059 0.020073
1 0.717517 0.782238 0.026421 0.024331
1 0.715346 0.772810 0.029316 0.026156
1 0.722403 0.763078 0.025335 0.026156
1 0.727289 0.755474 0.027144 0.023114
1 0.730004 0.748479 0.023163 0.024939
1 0.733804 0.744526 0.023525 0.023114
1 0.735252 0.734185 0.027144 0.025547
1 0.702316 0.726886 0.011220 0.034063
1 0.678429 0.792579 0.010496 0.036496
1 0.675353 0.784976 0.014477 0.035888
1 0.664495 0.796837 0.015201 0.042579
1 0.650018 0.791363 0.013029 0.036496
1 0.639160 0.791363 0.011582 0.046229
0 0.630112 0.787713 0.011582 0.040146
0 0.686754 0.731144 0.009048 0.040146
1 0.680420 0.728102 0.011582 0.047445
1 0.669562 0.729015 0.010858 0.046837
0 0.659971 0.729015 0.010496 0.038321
1 0.651466 0.725669 0.014477 0.047445
1 0.640246 0.725669 0.013029 0.036496
1 0.628845 0.723540 0.015563 0.033455
1 0.622150 0.720195 0.012305 0.036496
1 0.608940 0.721715 0.011944 0.034672
1 0.622150 0.791363 0.010858 0.037713
1 0.612921 0.788929 0.011220 0.041363
1 0.603149 0.786496 0.013391 0.041363
1 0.592291 0.782543 0.013391 0.033455
1 0.585052 0.784976 0.011944 0.035888
1 0.577090 0.781934 0.014839 0.038321
1 0.567499 0.781934 0.013029 0.037105
1 0.561346 0.782847 0.015925 0.037713
1 0.547955 0.783151 0.012305 0.040754
1 0.532754 0.779197 0.010858 0.038929
0 0.600796 0.728102 0.010134 0.040146
0 0.596634 0.722019 0.010496 0.035280
0 0.590481 0.725365 0.009048 0.037105
1 0.579443 0.727190 0.018096 0.039538
1 0.569128 0.720195 0.018458 0.048662
1 0.556822 0.725973 0.012667 0.040754
1 0.549222 0.720803 0.010496 0.037713
0 0.540174 0.722628 0.011220 0.037713
0 0.531488 0.721715 0.011220 0.034672
1 0.521896 0.776460 0.010134 0.037105
0 0.514839 0.771290 0.010496 0.034063
1 0.507419 0.774027 0.012305 0.037105
0 0.498552 0.775852 0.008324 0.034672
0 0.487875 0.774331 0.008686 0.040146
0 0.480999 0.771290 0.009410 0.041363
0 0.460731 0.761861 0.010134 0.033455
1 0.523525 0.719891 0.014115 0.045620
0 0.511220 0.722324 0.007600 0.037105
1 0.504705 0.718674 0.011220 0.043187
1 0.494752 0.718978 0.012305 0.040146
1 0.482990 0.715024 0.011220 0.034672
1 0.471951 0.711679 0.014477 0.037713
0 0.462360 0.711983 0.009048 0.035888
1 0.453855 0.711375 0.012305 0.033455
1 0.451140 0.773114 0.011944 0.034063
1 0.435215 0.704075 0.012667 0.034672
1 0.379298 0.720195 0.014477 0.045012
0 0.387622 0.838200 0.009410 0.023114
1 0.359030 0.799574 0.029678 0.034672
1 0.349077 0.782847 0.025697 0.023114
1 0.321209 0.795012 0.024249 0.030414
0 0.325552 0.776764 0.025697 0.014599
1 0.292798 0.790754 0.027506 0.024331
1 0.298227 0.777068 0.026782 0.018856
1 0.265472 0.790146 0.015563 0.031630
1 0.264567 0.776764 0.020992 0.018248
1 0.180239 0.935219 0.011582 0.012774
0 0.190373 0.936436 0.007962 0.011557
1 0.193268 0.926399 0.014477 0.020681
1 0.178248 0.918491 0.011220 0.021898
1 0.195621 0.907847 0.008324 0.031022
1 0.188563 0.905718 0.008686 0.029197
1 0.176077 0.906326 0.009772 0.031630
1 0.165762 0.906326 0.010858 0.037713
1 0.189830 0.869830 0.011944 0.031630
1 0.179696 0.875000 0.017734 0.033455
1 0.166124 0.872871 0.014477 0.029197
1 0.153456 0.872263 0.018096 0.026764
1 0.140970 0.854623 0.011944 0.037713
1 0.152009 0.855535 0.012305 0.035888
0 0.161781 0.853710 0.009410 0.034672
0 0.166667 0.853710 0.010496 0.038321
0 0.173181 0.855231 0.009048 0.035280
1 0.178791 0.851886 0.010858 0.037105
1 0.123236 0.818127 0.024973 0.031630
0 0.135722 0.805657 0.017372 0.029805
1 0.146218 0.804440 0.018096 0.035888
1 0.159066 0.802616 0.022801 0.037105
1 0.751719 0.687652 0.027506 0.029805
1 0.757872 0.670620 0.028230 0.028589
1 0.763120 0.654501 0.033659 0.029197
1 0.765653 0.644769 0.031488 0.025547
1 0.770177 0.634732 0.029678 0.026156
1 0.774882 0.626825 0.028954 0.028589
1 0.707202 0.668491 0.014477 0.052311
1 0.697249 0.673054 0.013391 0.051703
1 0.685487 0.668187 0.010858 0.038321
1 0.674810 0.672141 0.014839 0.034063
1 0.661781 0.663929 0.012667 0.038321
1 0.649294 0.671229 0.013029 0.054136
1 0.633731 0.666971 0.013029 0.043187
1 0.637351 0.637165 0.033297 0.034672
0 0.623055 0.667883 0.010496 0.038929
0 0.615997 0.667275 0.010134 0.038929
1 0.606949 0.666058 0.012305 0.036496
1 0.595186 0.670316 0.014115 0.037713
0 0.586681 0.666058 0.010134 0.041363
1 0.578176 0.665754 0.012667 0.051703
0 0.569671 0.662105 0.010134 0.034672
0 0.561708 0.663321 0.010858 0.038321
1 0.552841 0.661800 0.012667 0.037713
0 0.536735 0.662713 0.010134 0.039538
1 0.528592 0.666058 0.011220 0.038929
1 0.515925 0.667883 0.017010 0.045012
1 0.506153 0.665146 0.015563 0.048054
1 0.492219 0.667275 0.017372 0.045012
1 0.482447 0.664234 0.017372 0.041363
1 0.469960 0.659672 0.011944 0.034672
1 0.463988 0.656630 0.013029 0.039538
0 0.454397 0.662409 0.011944 0.041363
1 0.432501 0.618309 0.017372 0.045620
1 0.321752 0.608577 0.037640 0.037105
1 0.288093 0.604623 0.028954 0.043796
1 0.340572 0.576946 0.031849 0.035888
1 0.311437 0.577555 0.033659 0.032238
1 0.274159 0.575426 0.030040 0.035280
1 0.245204 0.567214 0.013391 0.021290
1 0.784835 0.601886 0.030040 0.038321
1 0.782302 0.583637 0.033659 0.040754
1 0.794607 0.575426 0.031488 0.037713
1 0.799131 0.555049 0.034745 0.032238
1 0.802932 0.544708 0.032211 0.029805
1 0.804560 0.531630 0.036193 0.041363
1 0.708650 0.595195 0.019544 0.059002
1 0.669924 0.592457 0.016649 0.045012
1 0.655447 0.588808 0.013029 0.049878
1 0.644408 0.583942 0.015563 0.046229
1 0.628845 0.591545 0.017010 0.054136
1 0.614007 0.587591 0.015563 0.057178
1 0.707564 0.555961 0.035469 0.036496
1 0.713355 0.544708 0.036193 0.040754
1 0.677886 0.551703 0.028230 0.035280
1 0.645494 0.552616 0.033659 0.033455
1 0.647666 0.541971 0.035831 0.037713
0 0.611111 0.538625 0.032211 0.032238
1 0.619435 0.527068 0.034383 0.033455
1 0.573290 0.539842 0.033297 0.045620
1 0.573833 0.591241 0.015563 0.057178
1 0.560442 0.589112 0.015563 0.057786
1 0.549946 0.585158 0.018458 0.048662
1 0.539269 0.579380 0.012305 0.051703
0 0.528230 0.577251 0.013391 0.049878
0 0.517915 0.579988 0.015925 0.048054
1 0.509048 0.587591 0.012667 0.047445
0 0.483894 0.578467 0.011582 0.051095
1 0.472675 0.579988 0.017372 0.052920
0 0.461093 0.578467 0.010858 0.052311
1 0.526421 0.538321 0.033659 0.032847
1 0.534021 0.527372 0.035831 0.042579
1 0.503800 0.517944 0.029678 0.051703
0 0.482628 0.511557 0.013391 0.047445
1 0.462541 0.509428 0.023887 0.056569
1 0.502533 0.500000 0.024973 0.051095
1 0.559537 0.489355 0.031849 0.046837
1 0.448426 0.574209 0.015925 0.055961
1 0.431958 0.557786 0.015563 0.045012
1 0.410062 0.570560 0.015201 0.058394
1 0.418205 0.483577 0.019182 0.046229
0 0.908614 0.470803 0.040174 0.037713
1 0.904633 0.444343 0.041621 0.050487
1 0.953674 0.477190 0.035469 0.044404
1 0.813246 0.499088 0.039812 0.043187
1 0.860297 0.432178 0.025335 0.046837
1 0.839486 0.439477 0.021354 0.050487
1 0.827000 0.439477 0.018820 0.055353
0 0.812704 0.435523 0.030040 0.052311
1 0.792979 0.444343 0.019544 0.065085
1 0.778683 0.441302 0.022801 0.057786
0 0.765110 0.439173 0.017372 0.049878
1 0.750452 0.441606 0.017010 0.069343
1 0.729823 0.440693 0.024249 0.069951
1 0.717517 0.507603 0.035831 0.037105
1 0.680239 0.508212 0.036554 0.039538
1 0.712812 0.454075 0.017010 0.060219
1 0.695983 0.456204 0.020268 0.066910
1 0.679877 0.452251 0.021354 0.060219
1 0.669200 0.448601 0.016649 0.050487
0 0.657076 0.448905 0.016287 0.057178
1 0.641513 0.455900 0.016287 0.068735
1 0.564604 0.441302 0.013029 0.062652
1 0.552479 0.441302 0.015563 0.060219
1 0.539812 0.436740 0.016287 0.051095
1 0.508867 0.426399 0.014477 0.051095
1 0.494028 0.433698 0.016649 0.065693
1 0.480637 0.436436 0.018820 0.063869
1 0.465255 0.436740 0.014115 0.063260
1 0.456569 0.425487 0.011220 0.067518
0 0.446616 0.435523 0.014477 0.046229
1 0.408795 0.428528 0.018458 0.069951
1 0.371878 0.382299 0.021354 0.059002
1 0.888889 0.398114 0.024611 0.074818
1 0.870612 0.398418 0.023525 0.063260
1 0.852515 0.395681 0.022801 0.067518
0 0.836772 0.389903 0.022439 0.064477
1 0.821571 0.384428 0.021716 0.065693
1 0.800036 0.397810 0.026421 0.066910
0 0.778683 0.395377 0.015563 0.064477
0 0.751176 0.391423 0.019906 0.065085
0 0.734709 0.394161 0.016649 0.062044
0 0.706659 0.420316 0.036554 0.045012
1 0.722041 0.390815 0.018096 0.062652
1 0.708107 0.388078 0.019906 0.058394
1 0.692182 0.369830 0.024249 0.059611
1 0.674810 0.397810 0.018458 0.068127
0 0.659247 0.395073 0.017010 0.065085
1 0.644589 0.390815 0.016649 0.066302
1 0.621245 0.381083 0.019182 0.065085
1 0.607673 0.380779 0.021716 0.058394
1 0.587767 0.392336 0.018096 0.064477
1 0.636446 0.342457 0.041621 0.040146
1 0.569128 0.384428 0.014115 0.063260
1 0.554108 0.379866 0.016649 0.066302
1 0.539450 0.379562 0.018458 0.064477
1 0.521716 0.385341 0.019182 0.068735
1 0.504162 0.383212 0.016649 0.072993
1 0.486428 0.380474 0.018820 0.065085
1 0.471951 0.377433 0.018820 0.068735
0 0.453674 0.373783 0.017010 0.062652
1 0.512486 0.320255 0.042707 0.039538
1 0.415852 0.375304 0.031126 0.058394
1 0.411328 0.322080 0.018458 0.055353
1 0.425624 0.288321 0.043431 0.041363
1 0.371878 0.294404 0.023525 0.048662
1 0.329714 0.274635 0.043431 0.061436
1 0.277959 0.287713 0.047774 0.049878
1 0.234709 0.279501 0.039450 0.040754
1 0.247014 0.250304 0.046688 0.049270
1 0.297322 0.234185 0.030040 0.069343
1 0.260224 0.217457 0.046326 0.035888
1 0.209736 0.210158 0.041621 0.033455
1 0.185306 0.235097 0.039088 0.043187
1 0.190373 0.276460 0.049222 0.041971
1 0.135541 0.276156 0.050308 0.037713
1 0.121245 0.212895 0.049946 0.045012
1 0.933949 0.278589 0.034383 0.081509
1 0.931777 0.263686 0.027144 0.068735
1 0.913862 0.269465 0.028230 0.094891
1 0.886536 0.276460 0.042345 0.069951
1 0.884546 0.256995 0.034021 0.083333
1 0.858125 0.260341 0.023887 0.090024
1 0.827723 0.273418 0.026782 0.078467
1 0.812885 0.268552 0.021716 0.082117
1 0.797322 0.273418 0.027506 0.085766
1 0.773978 0.263382 0.021354 0.071776
1 0.738328 0.270073 0.026782 0.072993
1 0.721860 0.267640 0.026421 0.074209
1 0.701050 0.265207 0.023887 0.069343
1 0.683858 0.273114 0.023525 0.085158
1 0.675715 0.266727 0.021716 0.073601
0 0.659247 0.260341 0.016287 0.064477
1 0.642418 0.258516 0.021716 0.060827
1 0.621607 0.260036 0.021354 0.061436
1 0.588672 0.260341 0.016287 0.062044
1 0.574195 0.277068 0.019906 0.057786
1 0.560080 0.255779 0.019906 0.077251
1 0.544155 0.260949 0.019906 0.062044
0 0.527687 0.249696 0.014477 0.062652
1 0.516830 0.253041 0.016649 0.043796
1 0.505429 0.232664 0.017734 0.078467
1 0.490590 0.235401 0.018458 0.065693
1 0.474846 0.235097 0.016649 0.082117
1 0.438835 0.220499 0.020630 0.091849
1 0.408614 0.232664 0.020268 0.085766
1 0.934853 0.187044 0.039812 0.082117
1 0.917843 0.173662 0.038364 0.082117
1 0.892870 0.182482 0.028954 0.090024
1 0.852877 0.200426 0.034383 0.078467
1 0.891784 0.135341 0.057184 0.065085
1 0.816142 0.155109 0.060803 0.074209
1 0.782483 0.208942 0.027506 0.086983
1 0.758958 0.199513 0.024611 0.072993
1 0.719327 0.192214 0.019182 0.080292
1 0.705755 0.184307 0.021716 0.080292
1 0.684763 0.190085 0.019544 0.078467
1 0.667752 0.184002 0.019544 0.083333
1 0.652009 0.181265 0.023525 0.075426
1 0.632827 0.190085 0.019906 0.074818
1 0.603873 0.184307 0.027868 0.079075
1 0.582338 0.188869 0.026059 0.079684
1 0.561708 0.184307 0.020992 0.077859
1 0.539812 0.173966 0.019906 0.059611
1 0.525154 0.184307 0.021716 0.075426
0 0.503981 0.173662 0.016287 0.078467
1 0.481904 0.160280 0.032935 0.080900
1 0.535831 0.129562 0.051755 0.052311
1 0.579805 0.097932 0.055013 0.054745
1 0.316685 0.157543 0.021716 0.074209
1 0.345096 0.145681 0.024249 0.080900
1 0.372421 0.150547 0.022439 0.061436
1 0.403909 0.140815 0.023887 0.063869
0 0.765110 0.086375 0.055013 0.038929
1 0.611473 0.067822 0.046688 0.027372
1 0.478465 0.066910 0.028230 0.046229
1 0.367173 0.067214 0.023525 0.066302
