1 0.311849 0.008333 0.022656 0.016667
1 0.307422 0.015741 0.020052 0.027778
1 0.304167 0.019676 0.019792 0.023611
1 0.304818 0.027778 0.020052 0.021296
1 0.303776 0.032870 0.019531 0.023148
1 0.301042 0.041435 0.020313 0.024537
1 0.297917 0.048380 0.017708 0.019907
1 0.295573 0.053472 0.021875 0.024537
1 0.292969 0.062963 0.021875 0.025926
1 0.294271 0.073843 0.019271 0.027315
0 0.342318 0.052546 0.014323 0.029167
1 0.286719 0.080093 0.017708 0.022222
1 0.286719 0.088194 0.021354 0.023611
1 0.326172 0.063657 0.014844 0.031019
1 0.320964 0.077083 0.019010 0.030093
1 0.325521 0.086806 0.014583 0.028241
0 0.318490 0.101620 0.012500 0.031944
1 0.316797 0.115278 0.014323 0.040741
1 0.284115 0.094444 0.017708 0.023148
1 0.284766 0.103704 0.023177 0.025000
1 0.283073 0.116667 0.021875 0.029630
1 0.278646 0.124306 0.021354 0.024537
0 0.277214 0.130556 0.022656 0.027778
1 0.279297 0.137731 0.020573 0.022685
0 0.310547 0.137963 0.014844 0.037037
1 0.316667 0.152546 0.013021 0.040278
1 0.277344 0.147454 0.021354 0.026389
1 0.266797 0.158333 0.024219 0.039815
1 0.534896 0.013194 0.008333 0.026389
1 0.531901 0.042130 0.010677 0.033333
1 0.566146 0.073380 0.009375 0.031944
1 0.536589 0.084954 0.009635 0.031944
1 0.529427 0.105556 0.011458 0.036111
1 0.522396 0.143519 0.009375 0.035185
0 0.537370 0.184028 0.024740 0.031944
0 0.587370 0.162269 0.008073 0.031019
0 0.501172 0.180556 0.010156 0.034259
0 0.525391 0.174769 0.011719 0.025463
1 0.229818 0.282870 0.029427 0.034259
1 0.252995 0.208333 0.026302 0.021296
1 0.251172 0.220139 0.026823 0.025463
1 0.253516 0.230093 0.029427 0.027778
1 0.246615 0.241435 0.025521 0.027315
1 0.241797 0.250231 0.027344 0.024537
1 0.239193 0.257639 0.023698 0.026389
1 0.235547 0.262269 0.023698 0.024537
1 0.234115 0.273843 0.027604 0.027315
1 0.268099 0.278704 0.011198 0.036111
1 0.290625 0.205556 0.010417 0.038889
1 0.294271 0.213657 0.014583 0.038426
1 0.304948 0.199769 0.015104 0.045833
1 0.319792 0.204398 0.013021 0.039352
1 0.331120 0.203241 0.011719 0.050000
0 0.340495 0.206481 0.011719 0.043519
0 0.284115 0.272917 0.008854 0.043056
1 0.290625 0.275694 0.011458 0.051389
1 0.301823 0.273843 0.010937 0.050463
0 0.311589 0.272917 0.010156 0.041204
1 0.320443 0.275926 0.014323 0.050926
1 0.331901 0.274769 0.013281 0.039352
1 0.343750 0.275694 0.015625 0.035648
1 0.350651 0.279167 0.012240 0.038889
1 0.364193 0.275926 0.011719 0.037037
1 0.348568 0.201620 0.010677 0.040278
1 0.357943 0.203704 0.011198 0.044444
1 0.368099 0.205556 0.013281 0.044444
1 0.379297 0.208796 0.013281 0.036111
1 0.386719 0.205556 0.011979 0.037963
1 0.394922 0.207870 0.014844 0.040741
1 0.404818 0.207176 0.012760 0.039352
1 0.411198 0.205556 0.016146 0.039815
1 0.424870 0.204167 0.012240 0.043519
1 0.440495 0.206944 0.010677 0.041667
0 0.372396 0.268519 0.009896 0.042593
0 0.376693 0.274769 0.010156 0.037500
0 0.383073 0.270370 0.008854 0.039815
1 0.394271 0.267593 0.018229 0.042593
1 0.404948 0.274306 0.018750 0.052315
1 0.417448 0.266667 0.012500 0.043519
1 0.425521 0.271991 0.010417 0.040278
0 0.434766 0.268981 0.011198 0.040741
0 0.443620 0.269213 0.011198 0.037500
1 0.451693 0.208796 0.010156 0.039815
0 0.459115 0.213889 0.010417 0.036111
1 0.466667 0.210185 0.011979 0.039815
0 0.475651 0.207407 0.008073 0.037037
0 0.486719 0.208333 0.008854 0.043519
0 0.493750 0.210880 0.009375 0.043981
0 0.514844 0.219444 0.009896 0.035185
1 0.451693 0.270602 0.014323 0.048611
0 0.464193 0.266898 0.007552 0.039352
1 0.471224 0.270370 0.011198 0.046296
1 0.481250 0.268981 0.012500 0.043519
1 0.493490 0.272222 0.011458 0.037037
1 0.504818 0.274769 0.014323 0.040278
0 0.514844 0.273611 0.008854 0.037963
1 0.523438 0.273611 0.011979 0.036111
1 0.524349 0.206481 0.011719 0.036111
1 0.542839 0.280093 0.012760 0.037037
1 0.599740 0.257407 0.014583 0.048148
0 0.587500 0.130324 0.009375 0.024537
1 0.618099 0.169444 0.029948 0.037037
1 0.628646 0.186806 0.026042 0.024537
1 0.656901 0.171065 0.024740 0.032870
0 0.652995 0.191204 0.025781 0.015741
1 0.686198 0.173148 0.027604 0.025926
1 0.681120 0.188194 0.027344 0.019907
1 0.714323 0.171528 0.015625 0.033796
1 0.715625 0.185880 0.021354 0.018981
1 0.797266 0.006481 0.011719 0.012963
0 0.786849 0.006019 0.007552 0.012037
1 0.784115 0.017130 0.014583 0.022222
1 0.799870 0.024306 0.011198 0.023611
1 0.782422 0.037269 0.008073 0.032870
1 0.789714 0.039120 0.008594 0.031019
1 0.802474 0.037269 0.009635 0.033796
1 0.812891 0.036343 0.010677 0.040278
1 0.789323 0.078241 0.011979 0.033333
1 0.799740 0.071759 0.017708 0.036111
1 0.813672 0.072917 0.014323 0.031019
1 0.826823 0.072454 0.018229 0.028241
1 0.839974 0.090278 0.012240 0.039815
1 0.828646 0.090509 0.012500 0.038426
0 0.818750 0.093056 0.009375 0.037037
0 0.813672 0.093519 0.010677 0.040741
0 0.806901 0.092361 0.009115 0.037500
1 0.801172 0.096759 0.010677 0.039815
1 0.859245 0.128472 0.025260 0.033796
0 0.846745 0.143056 0.017448 0.031481
1 0.836198 0.145139 0.018229 0.038426
1 0.823047 0.148380 0.023177 0.039352
1 0.218750 0.325694 0.027604 0.031944
1 0.213021 0.344907 0.028646 0.030556
1 0.208073 0.362731 0.034375 0.031019
1 0.205599 0.373380 0.032031 0.027315
1 0.201563 0.384954 0.030208 0.027315
1 0.196745 0.393981 0.029427 0.030556
1 0.264974 0.342593 0.014323 0.056481
1 0.275000 0.336806 0.013542 0.056019
1 0.287240 0.341204 0.010937 0.040741
1 0.298047 0.335648 0.014844 0.036111
1 0.311719 0.343519 0.012500 0.040741
1 0.324219 0.334491 0.013021 0.057870
1 0.340365 0.337731 0.013021 0.045833
1 0.337500 0.370370 0.033854 0.037037
0 0.351302 0.335880 0.010417 0.041204
0 0.358464 0.335880 0.010156 0.041204
1 0.367839 0.336343 0.012240 0.039352
1 0.379818 0.330556 0.014323 0.040741
0 0.388672 0.334491 0.010156 0.043981
1 0.397396 0.334028 0.012500 0.055093
0 0.406120 0.337269 0.010156 0.037500
0 0.414193 0.335417 0.010677 0.041204
1 0.423438 0.335880 0.012500 0.040278
0 0.439844 0.333565 0.009896 0.042130
1 0.448177 0.329167 0.010937 0.041667
1 0.461198 0.326389 0.017188 0.048148
1 0.471094 0.328472 0.015625 0.051389
1 0.485547 0.324769 0.017448 0.047685
1 0.495443 0.327083 0.017448 0.043981
1 0.508594 0.331019 0.011979 0.037037
1 0.514714 0.333796 0.012760 0.042593
0 0.524349 0.326620 0.011719 0.043981
1 0.548047 0.372454 0.017448 0.048611
1 0.661849 0.373148 0.038281 0.039815
1 0.696745 0.374306 0.029427 0.046759
1 0.643620 0.409259 0.032552 0.038889
1 0.673568 0.406019 0.034115 0.034259
1 0.711719 0.404861 0.030208 0.037500
1 0.741797 0.411343 0.013281 0.022685
1 0.187370 0.421991 0.030469 0.041204
1 0.190495 0.441204 0.034115 0.043519
1 0.177995 0.451157 0.032031 0.040278
1 0.174219 0.473843 0.035417 0.034722
1 0.170573 0.485417 0.032813 0.031944
1 0.169271 0.499769 0.036979 0.044907
1 0.265625 0.421991 0.019792 0.063426
1 0.305469 0.421759 0.016667 0.048148
1 0.320443 0.424306 0.013281 0.053241
1 0.331771 0.428704 0.015625 0.049074
1 0.347526 0.418981 0.016927 0.058333
1 0.362891 0.421991 0.015365 0.061574
1 0.267839 0.464583 0.036198 0.039352
1 0.262370 0.477546 0.036719 0.043981
1 0.298568 0.466667 0.028906 0.037963
1 0.331771 0.462731 0.034375 0.035648
1 0.329818 0.474769 0.036719 0.040278
0 0.367448 0.474769 0.032813 0.034722
1 0.359245 0.488194 0.035156 0.035648
1 0.405990 0.470370 0.033854 0.049074
1 0.404167 0.414583 0.015625 0.061574
1 0.417839 0.415509 0.015885 0.062500
1 0.428646 0.418981 0.018750 0.051852
1 0.439844 0.424306 0.012500 0.056019
0 0.451172 0.425694 0.013281 0.053241
0 0.461719 0.421528 0.016146 0.051389
1 0.470573 0.412731 0.012500 0.051389
0 0.496615 0.420370 0.011458 0.054630
1 0.507943 0.417593 0.017448 0.056481
0 0.519922 0.418519 0.010677 0.056481
1 0.454167 0.467593 0.034375 0.035185
1 0.446745 0.480093 0.036719 0.045370
1 0.477995 0.487731 0.029948 0.056019
0 0.499870 0.492593 0.013281 0.050926
1 0.520443 0.493519 0.024219 0.061111
1 0.479818 0.506944 0.025260 0.054630
1 0.421615 0.523843 0.032292 0.050463
1 0.533073 0.421759 0.016146 0.060185
1 0.550521 0.438194 0.015625 0.047685
1 0.572526 0.422222 0.015365 0.062963
1 0.566927 0.517361 0.019271 0.049537
0 0.064323 0.575231 0.041146 0.040278
1 0.069141 0.603241 0.042448 0.054630
1 0.018099 0.571991 0.036198 0.047685
1 0.161198 0.535880 0.040625 0.045833
1 0.114974 0.612500 0.025781 0.050000
1 0.136198 0.602546 0.021354 0.054167
1 0.149089 0.601852 0.019010 0.059259
0 0.163672 0.604630 0.030469 0.056481
1 0.183724 0.593519 0.019531 0.070370
1 0.198568 0.595370 0.023177 0.062037
0 0.212500 0.596528 0.017708 0.054167
1 0.227474 0.592593 0.016927 0.075000
1 0.248568 0.591667 0.024219 0.075000
1 0.259245 0.518056 0.036719 0.039815
1 0.297266 0.514120 0.037240 0.042130
1 0.265625 0.575694 0.017188 0.065278
1 0.282943 0.571991 0.020573 0.071759
1 0.299349 0.574769 0.021615 0.065278
1 0.310417 0.578009 0.016667 0.054167
0 0.323047 0.576389 0.016406 0.061111
1 0.338672 0.567130 0.016406 0.074074
1 0.417969 0.576157 0.013021 0.067130
1 0.430339 0.575231 0.015885 0.065278
1 0.443490 0.579167 0.016146 0.054630
1 0.475651 0.587731 0.014323 0.055093
1 0.490495 0.578241 0.016927 0.071296
1 0.504167 0.574306 0.018750 0.068981
1 0.519922 0.572454 0.014323 0.068056
1 0.529167 0.583796 0.011458 0.072222
0 0.539193 0.571991 0.014323 0.049537
1 0.577995 0.576157 0.018490 0.075463
1 0.617318 0.622917 0.021615 0.063426
1 0.086719 0.652083 0.025000 0.080093
1 0.105599 0.650231 0.023698 0.068056
1 0.124219 0.651157 0.022917 0.072685
0 0.140495 0.656019 0.022656 0.069444
1 0.156250 0.660880 0.021875 0.070833
1 0.177865 0.644444 0.026562 0.072222
0 0.200000 0.644907 0.015625 0.069444
0 0.227995 0.646991 0.020052 0.069907
0 0.245052 0.642593 0.016667 0.066667
0 0.272917 0.611806 0.036979 0.048611
1 0.258073 0.644907 0.018229 0.067593
1 0.272266 0.646991 0.020052 0.062500
1 0.289323 0.665046 0.024479 0.064352
1 0.306250 0.633333 0.018750 0.073148
0 0.322266 0.634954 0.016927 0.069907
1 0.337370 0.638194 0.016927 0.070833
1 0.361719 0.646759 0.019271 0.070370
1 0.375521 0.645833 0.021875 0.062963
1 0.395573 0.631481 0.018229 0.069444
1 0.347266 0.690046 0.042448 0.043056
1 0.414974 0.638657 0.014323 0.068056
1 0.430599 0.642130 0.016927 0.071296
1 0.445573 0.641204 0.018750 0.069444
1 0.463542 0.633333 0.019271 0.074074
1 0.481641 0.634028 0.016927 0.078241
1 0.500000 0.635417 0.018750 0.069907
1 0.514844 0.637269 0.018750 0.073611
0 0.533594 0.639583 0.017188 0.067130
1 0.474870 0.702778 0.043490 0.042593
1 0.572396 0.634722 0.031771 0.062963
1 0.578646 0.692130 0.018750 0.059259
1 0.564844 0.729630 0.044271 0.044444
1 0.619922 0.718519 0.023698 0.051852
1 0.663802 0.736343 0.044271 0.066204
1 0.716276 0.717130 0.048698 0.053704
1 0.761068 0.722454 0.040365 0.043981
1 0.749219 0.755093 0.047396 0.052778
1 0.698047 0.777315 0.030469 0.075000
1 0.736589 0.791898 0.047135 0.038426
1 0.788672 0.795370 0.042448 0.035185
1 0.813021 0.766204 0.039583 0.046296
1 0.806641 0.721528 0.050260 0.044907
1 0.862891 0.717130 0.051302 0.040741
1 0.879427 0.784259 0.051042 0.048148
1 0.044271 0.785648 0.034896 0.087963
1 0.046745 0.801620 0.027344 0.073611
1 0.064844 0.793981 0.028646 0.102778
1 0.092839 0.783796 0.042969 0.075000
1 0.095443 0.804630 0.034635 0.089815
1 0.122396 0.798843 0.024479 0.096759
1 0.153125 0.781944 0.027083 0.084259
1 0.168620 0.785880 0.022135 0.088426
1 0.184375 0.779167 0.028125 0.092593
1 0.208594 0.788194 0.021875 0.077315
1 0.245052 0.777546 0.027083 0.079167
1 0.261849 0.778704 0.026823 0.079630
1 0.283464 0.779630 0.024219 0.075000
1 0.300651 0.769444 0.023698 0.091667
1 0.309375 0.775694 0.021875 0.079167
0 0.326172 0.781019 0.016406 0.069444
1 0.343750 0.781481 0.021875 0.065741
1 0.364974 0.778009 0.021615 0.066204
1 0.398698 0.774769 0.016146 0.067130
1 0.413021 0.755556 0.019792 0.062037
1 0.428125 0.777315 0.019792 0.083333
1 0.444271 0.769907 0.019792 0.066667
0 0.461589 0.781019 0.014323 0.067593
1 0.472526 0.776389 0.016927 0.047222
1 0.484896 0.797454 0.017708 0.084722
1 0.499870 0.793056 0.018490 0.070370
1 0.516146 0.791898 0.016667 0.088426
1 0.553516 0.804630 0.020573 0.099074
1 0.584245 0.788657 0.020573 0.092130
1 0.045964 0.884954 0.040365 0.088426
1 0.063802 0.898148 0.039062 0.088889
1 0.089063 0.886343 0.029167 0.097685
1 0.129688 0.863194 0.034896 0.084722
1 0.091667 0.937269 0.058333 0.069907
1 0.168490 0.909028 0.061979 0.080093
1 0.201563 0.847917 0.028125 0.093981
1 0.226042 0.855556 0.025000 0.078704
1 0.266797 0.860417 0.019531 0.086574
1 0.280990 0.867361 0.021875 0.086574
1 0.302344 0.859491 0.019792 0.084722
1 0.319792 0.864583 0.019792 0.090278
1 0.336198 0.866204 0.023958 0.081481
1 0.355339 0.854630 0.020052 0.080556
1 0.385417 0.858565 0.028125 0.084722
1 0.407422 0.851620 0.026302 0.085648
1 0.428646 0.854630 0.021354 0.084259
1 0.451302 0.863889 0.020313 0.063889
1 0.466146 0.851620 0.021875 0.081019
0 0.488151 0.861343 0.016406 0.084722
1 0.511198 0.873843 0.033333 0.087500
1 0.456771 0.911806 0.052604 0.056019
1 0.412500 0.950231 0.056250 0.058796
1 0.680599 0.861806 0.022135 0.080093
1 0.651823 0.877315 0.024479 0.087037
1 0.623698 0.874306 0.022396 0.066204
1 0.591667 0.887731 0.023958 0.068981
0 0.223047 0.979167 0.055990 0.041667
1 0.381120 0.985417 0.047656 0.029167
1 0.517448 0.974769 0.028646 0.049537
1 0.631641 0.964352 0.023698 0.071296
