1 0.334646 0.038309 0.022253 0.015323
1 0.330024 0.044552 0.019856 0.025539
1 0.326772 0.047673 0.019514 0.021566
1 0.327114 0.055335 0.019514 0.019864
1 0.325916 0.059591 0.019172 0.021566
1 0.323177 0.066969 0.019856 0.022701
1 0.319925 0.072928 0.017460 0.018729
1 0.317357 0.077185 0.021226 0.022701
1 0.314447 0.085698 0.021568 0.023837
1 0.315474 0.095630 0.018829 0.025539
0 0.362547 0.081158 0.014379 0.027242
1 0.307942 0.100454 0.017460 0.020431
1 0.307600 0.107832 0.020883 0.021566
1 0.346628 0.089671 0.014721 0.028377
1 0.341150 0.101305 0.018829 0.027809
1 0.345087 0.110386 0.014379 0.025539
0 0.337898 0.123156 0.012325 0.029512
1 0.335844 0.135074 0.014379 0.037457
1 0.304861 0.113224 0.017460 0.020999
1 0.305204 0.121737 0.022937 0.023269
1 0.303150 0.133371 0.021568 0.027242
1 0.298699 0.139614 0.020883 0.022701
0 0.296987 0.145006 0.022253 0.025539
1 0.298699 0.151816 0.020199 0.020999
0 0.328997 0.154938 0.014379 0.034052
1 0.334474 0.168842 0.013009 0.036890
1 0.296645 0.160329 0.020883 0.024404
1 0.286032 0.169126 0.023622 0.036322
1 0.549983 0.064983 0.008559 0.024404
1 0.546217 0.090806 0.010613 0.030647
1 0.578227 0.122020 0.009586 0.029512
1 0.549127 0.129682 0.009586 0.028944
1 0.541595 0.147560 0.011640 0.032917
1 0.533550 0.180760 0.009243 0.032350
0 0.546559 0.219069 0.024307 0.029512
0 0.595686 0.204313 0.008216 0.028377
0 0.511811 0.212259 0.010270 0.031782
0 0.535433 0.209421 0.011640 0.023837
1 0.246149 0.277526 0.028757 0.031782
1 0.270969 0.212543 0.025676 0.019864
1 0.268915 0.223326 0.026361 0.023269
1 0.270798 0.232406 0.028757 0.025539
1 0.263780 0.241771 0.024991 0.024972
1 0.258815 0.249149 0.026703 0.022701
1 0.256077 0.255675 0.023280 0.024404
1 0.252311 0.259364 0.023280 0.022701
1 0.250599 0.269864 0.026703 0.025539
1 0.283293 0.277526 0.011298 0.032917
1 0.307429 0.213961 0.010270 0.035187
1 0.310852 0.221907 0.014379 0.035187
1 0.321465 0.209989 0.015063 0.041998
1 0.335844 0.215948 0.013009 0.035755
1 0.346799 0.215948 0.011640 0.045970
0 0.355700 0.219637 0.011640 0.039728
0 0.298870 0.274120 0.008901 0.039728
1 0.305204 0.277242 0.011298 0.047106
1 0.315988 0.276674 0.010955 0.045970
0 0.325573 0.276674 0.010270 0.038025
1 0.333961 0.280363 0.014036 0.046538
1 0.345087 0.280363 0.013009 0.036322
1 0.356556 0.282350 0.015406 0.032350
1 0.363061 0.286322 0.011982 0.035755
1 0.376241 0.284620 0.011640 0.033485
1 0.363745 0.215948 0.010613 0.036890
1 0.372646 0.219069 0.011298 0.040863
1 0.382403 0.221623 0.013009 0.040295
1 0.393016 0.225596 0.013009 0.033485
1 0.400377 0.223326 0.011982 0.034620
1 0.408251 0.226447 0.014721 0.037457
1 0.417836 0.226731 0.012667 0.035755
1 0.423999 0.225880 0.016090 0.036322
1 0.437179 0.225880 0.012325 0.039728
1 0.452414 0.230136 0.010613 0.038025
0 0.384286 0.278944 0.009928 0.039160
0 0.388394 0.284904 0.009928 0.034052
0 0.394728 0.281498 0.008901 0.036322
1 0.405512 0.280079 0.018144 0.039160
1 0.415611 0.287174 0.018487 0.047673
1 0.427936 0.281498 0.012325 0.039728
1 0.435638 0.287174 0.010613 0.036322
0 0.444711 0.285471 0.010955 0.037457
0 0.453098 0.286322 0.011298 0.034620
1 0.463026 0.232690 0.009928 0.036322
0 0.470045 0.238082 0.010270 0.033485
1 0.477405 0.235528 0.011982 0.036322
0 0.486135 0.233825 0.008216 0.034052
0 0.496748 0.236095 0.008901 0.039728
0 0.503595 0.238649 0.009586 0.040295
0 0.523622 0.248865 0.009928 0.032350
1 0.460972 0.288309 0.014036 0.044268
0 0.473126 0.286322 0.007532 0.035755
1 0.479801 0.290295 0.011298 0.042565
1 0.489558 0.290011 0.012325 0.039728
1 0.501369 0.293984 0.011298 0.034052
1 0.512153 0.297673 0.014379 0.036890
0 0.521739 0.297389 0.008901 0.035187
1 0.530127 0.298241 0.011982 0.033485
1 0.533379 0.237798 0.011640 0.032917
1 0.548613 0.305902 0.012667 0.034052
1 0.604587 0.291146 0.014379 0.044268
0 0.596885 0.175369 0.009243 0.022701
1 0.625128 0.213961 0.029442 0.034052
1 0.634714 0.230420 0.025334 0.022701
1 0.662616 0.219069 0.024307 0.030647
0 0.658165 0.236663 0.024991 0.014756
1 0.690688 0.223893 0.027046 0.024404
1 0.685382 0.236947 0.026703 0.018729
1 0.718076 0.225028 0.015406 0.031215
1 0.718761 0.238082 0.020883 0.017594
1 0.803834 0.084563 0.011640 0.012486
0 0.793735 0.083428 0.007874 0.011351
1 0.790654 0.093076 0.014721 0.020431
1 0.805717 0.101022 0.011298 0.021566
1 0.788429 0.110953 0.008216 0.030079
1 0.795447 0.113507 0.008559 0.028377
1 0.807771 0.112940 0.009928 0.030647
1 0.817699 0.113224 0.010613 0.036890
1 0.793735 0.148695 0.011982 0.030647
1 0.804005 0.143587 0.017460 0.032917
1 0.817357 0.146141 0.014036 0.028944
1 0.830024 0.146992 0.018144 0.026107
1 0.842177 0.164586 0.012325 0.036322
1 0.831222 0.163451 0.012325 0.035187
0 0.821636 0.164869 0.009586 0.033485
0 0.816672 0.164586 0.010613 0.037457
0 0.810168 0.163167 0.009243 0.034620
1 0.804348 0.166288 0.010613 0.036322
1 0.859637 0.200624 0.024649 0.031215
0 0.846970 0.212543 0.017117 0.028944
1 0.836700 0.213394 0.017802 0.035187
1 0.823862 0.215096 0.022937 0.036322
1 0.233995 0.314983 0.027046 0.029512
1 0.227833 0.331725 0.027730 0.027809
1 0.222527 0.347333 0.033550 0.028377
1 0.219617 0.356697 0.031154 0.025539
1 0.215337 0.366913 0.029442 0.025539
1 0.210544 0.374574 0.028757 0.028377
1 0.278158 0.334847 0.014036 0.051078
1 0.288086 0.330874 0.013352 0.051078
1 0.299555 0.335982 0.010955 0.037457
1 0.310339 0.332009 0.014721 0.032917
1 0.323177 0.340522 0.012325 0.037457
1 0.335502 0.333428 0.013009 0.052781
1 0.351250 0.337968 0.013009 0.041430
1 0.347313 0.367196 0.033208 0.034052
0 0.361691 0.337401 0.010613 0.038025
0 0.368709 0.338252 0.010270 0.037457
1 0.377782 0.339387 0.011982 0.036322
1 0.389421 0.335414 0.014036 0.037457
0 0.397809 0.339671 0.010270 0.040295
1 0.406368 0.340238 0.012325 0.050511
0 0.414584 0.344211 0.010270 0.034620
0 0.422629 0.343360 0.010613 0.037457
1 0.431359 0.344779 0.012325 0.036890
0 0.447278 0.343927 0.009928 0.038593
1 0.455666 0.340806 0.010955 0.038025
1 0.468333 0.339671 0.017117 0.043700
1 0.477747 0.342509 0.015406 0.047106
1 0.491955 0.340806 0.017117 0.043700
1 0.501369 0.343644 0.017460 0.040295
1 0.514036 0.348468 0.011982 0.034052
1 0.519856 0.351589 0.012667 0.039160
0 0.529271 0.346198 0.011640 0.039728
1 0.550668 0.389898 0.017460 0.044268
1 0.660561 0.401816 0.037316 0.036322
1 0.694283 0.406073 0.028757 0.042565
1 0.641732 0.432463 0.031838 0.035187
1 0.670832 0.432463 0.033208 0.031782
1 0.707634 0.435301 0.029442 0.034052
1 0.736563 0.444098 0.013352 0.020999
1 0.200445 0.398695 0.029784 0.038025
1 0.202841 0.416572 0.033208 0.039728
1 0.190517 0.424234 0.031154 0.036890
1 0.186066 0.444381 0.034577 0.031782
1 0.182129 0.454313 0.032181 0.028944
1 0.180418 0.467083 0.036289 0.040863
1 0.276104 0.406356 0.019514 0.057889
1 0.314618 0.410329 0.016433 0.044268
1 0.328997 0.414018 0.013009 0.048241
1 0.339781 0.419126 0.015406 0.044835
1 0.355187 0.412032 0.016775 0.053348
1 0.370079 0.416288 0.015063 0.056186
1 0.276789 0.445233 0.035262 0.035755
1 0.270969 0.456300 0.035947 0.039728
1 0.306402 0.450057 0.028073 0.035187
1 0.338583 0.449773 0.033550 0.032350
1 0.336357 0.460556 0.035947 0.036890
0 0.372646 0.464245 0.031838 0.031782
1 0.364259 0.475596 0.034235 0.032917
1 0.410134 0.463961 0.032865 0.044835
1 0.410305 0.413451 0.015406 0.056186
1 0.423485 0.415721 0.015748 0.057321
1 0.433756 0.419977 0.018487 0.047673
1 0.444368 0.425653 0.012325 0.051078
0 0.455324 0.428207 0.013009 0.048241
0 0.465594 0.425369 0.015748 0.047106
1 0.474495 0.418558 0.012325 0.047106
0 0.499315 0.427923 0.011298 0.049943
1 0.510442 0.426504 0.017117 0.051646
0 0.521910 0.428490 0.010613 0.051078
1 0.456693 0.466232 0.033550 0.032350
1 0.449161 0.477015 0.035604 0.041430
1 0.479117 0.486947 0.029100 0.051078
0 0.500000 0.493190 0.013352 0.046538
1 0.519856 0.496027 0.023622 0.055619
1 0.480315 0.504257 0.024649 0.049376
1 0.423485 0.513905 0.031496 0.045970
1 0.534577 0.432747 0.016090 0.055051
1 0.550839 0.449205 0.015748 0.043700
1 0.572578 0.437287 0.015406 0.057321
1 0.564019 0.522134 0.018829 0.045403
0 0.076515 0.524688 0.040055 0.036890
1 0.080110 0.550511 0.041082 0.049943
1 0.031838 0.517310 0.035604 0.043700
1 0.171345 0.498865 0.039370 0.041998
1 0.124101 0.563280 0.024991 0.045970
1 0.144985 0.556470 0.020883 0.049376
1 0.157480 0.557037 0.018487 0.053916
0 0.171345 0.561010 0.029784 0.051646
1 0.191030 0.553065 0.019172 0.064132
1 0.205409 0.556186 0.022595 0.056754
0 0.218932 0.558740 0.017460 0.049376
1 0.233482 0.556470 0.016433 0.068672
1 0.253851 0.557889 0.023622 0.068104
1 0.266689 0.492622 0.035604 0.036322
1 0.303663 0.492622 0.036289 0.038593
1 0.270969 0.545119 0.016775 0.059591
1 0.287744 0.543417 0.020199 0.065267
1 0.303663 0.547389 0.021226 0.059591
1 0.314276 0.551362 0.016433 0.049376
0 0.326429 0.551078 0.016090 0.055619
1 0.341835 0.544552 0.016090 0.067537
1 0.418008 0.560443 0.013009 0.060726
1 0.429990 0.561010 0.015748 0.059591
1 0.442657 0.565834 0.015748 0.049943
1 0.473468 0.576617 0.014379 0.049943
1 0.488018 0.569523 0.016775 0.065267
1 0.501541 0.567253 0.018487 0.062997
1 0.516775 0.567253 0.014036 0.061862
1 0.525334 0.578320 0.011298 0.065834
0 0.535433 0.568672 0.014379 0.045403
1 0.572749 0.576334 0.018487 0.068672
1 0.609038 0.622304 0.021226 0.057321
1 0.095515 0.596198 0.024649 0.073212
1 0.113660 0.596198 0.023280 0.061862
1 0.131804 0.599035 0.022595 0.066402
0 0.147381 0.604994 0.022253 0.063564
1 0.162444 0.610953 0.021568 0.064132
1 0.183841 0.598184 0.026018 0.065834
0 0.205238 0.600738 0.015406 0.062997
0 0.232112 0.605562 0.019856 0.063564
0 0.248887 0.603292 0.016433 0.060159
0 0.276789 0.578320 0.035947 0.044268
1 0.261212 0.606697 0.017802 0.061294
1 0.274906 0.610102 0.019856 0.056754
1 0.290825 0.627980 0.024307 0.058456
1 0.308114 0.600738 0.018487 0.066402
0 0.323691 0.603859 0.016775 0.063564
1 0.338069 0.608400 0.016775 0.064699
1 0.361349 0.618615 0.018829 0.063564
1 0.374700 0.618899 0.021568 0.057321
1 0.394557 0.608116 0.018144 0.062997
1 0.345943 0.656073 0.041424 0.039728
1 0.413043 0.616629 0.014036 0.061862
1 0.428107 0.621169 0.016775 0.065267
1 0.442657 0.621737 0.018487 0.062997
1 0.460288 0.616629 0.018829 0.067537
1 0.477747 0.618899 0.016775 0.070942
1 0.495378 0.622020 0.018487 0.063564
1 0.509757 0.625142 0.018487 0.066402
0 0.527730 0.629115 0.016775 0.060726
1 0.468846 0.680193 0.042109 0.039160
1 0.565389 0.628547 0.031154 0.057321
1 0.569326 0.680760 0.018487 0.053916
1 0.554947 0.713394 0.043136 0.040863
1 0.608353 0.708570 0.023280 0.047106
1 0.650120 0.729285 0.043136 0.060159
1 0.701643 0.717083 0.047586 0.049376
1 0.744779 0.726163 0.039370 0.040295
1 0.732112 0.754540 0.046217 0.048241
1 0.682129 0.769580 0.029784 0.068104
1 0.718590 0.786606 0.045875 0.035187
1 0.769086 0.794835 0.041424 0.032350
1 0.793393 0.770715 0.038685 0.041998
1 0.788942 0.729852 0.048956 0.040863
1 0.843204 0.731555 0.049983 0.037457
1 0.857069 0.793700 0.049641 0.043700
1 0.049983 0.712259 0.034235 0.079455
1 0.051695 0.727015 0.026703 0.066969
1 0.069497 0.721907 0.028073 0.093076
1 0.096885 0.715664 0.041767 0.068104
1 0.098768 0.734393 0.033893 0.081725
1 0.124957 0.731839 0.023964 0.087968
1 0.155255 0.719921 0.026361 0.076617
1 0.170147 0.724745 0.021910 0.080590
1 0.185553 0.720204 0.027388 0.083995
1 0.208661 0.730988 0.021568 0.070375
1 0.244266 0.725028 0.026361 0.072077
1 0.260356 0.727582 0.026361 0.072645
1 0.281239 0.730420 0.023622 0.068104
1 0.298186 0.723042 0.023280 0.082860
1 0.306573 0.729569 0.021568 0.072077
0 0.322492 0.735812 0.016433 0.062997
1 0.339439 0.738082 0.021568 0.059591
1 0.360151 0.737230 0.021226 0.060159
1 0.392845 0.737514 0.016090 0.060726
1 0.407224 0.721623 0.019514 0.056186
1 0.421260 0.742622 0.019514 0.075482
1 0.437008 0.737514 0.019514 0.060726
0 0.453441 0.749432 0.014036 0.061862
1 0.464053 0.746311 0.016775 0.043133
1 0.475351 0.766459 0.017460 0.076617
1 0.490072 0.764188 0.018144 0.064132
1 0.505649 0.764756 0.016433 0.080023
1 0.541424 0.779796 0.020199 0.089671
1 0.571551 0.768445 0.020199 0.083995
1 0.048271 0.801930 0.039028 0.080590
1 0.065046 0.815551 0.038343 0.080590
1 0.089866 0.807605 0.028415 0.088536
1 0.129921 0.790579 0.033893 0.077185
1 0.090722 0.853575 0.056830 0.063564
1 0.165868 0.835982 0.059911 0.072645
1 0.199932 0.783768 0.027388 0.085131
1 0.223211 0.793417 0.024649 0.071510
1 0.262581 0.801646 0.019172 0.078888
1 0.275933 0.809308 0.021226 0.078320
1 0.296987 0.804484 0.019514 0.076617
1 0.313420 0.810726 0.019514 0.082293
1 0.329339 0.813848 0.023280 0.073780
1 0.348168 0.805051 0.019856 0.073212
1 0.377268 0.811862 0.027388 0.076617
1 0.398665 0.807889 0.025676 0.077753
1 0.419035 0.812429 0.021226 0.076617
1 0.440603 0.822928 0.019856 0.057889
1 0.455495 0.813564 0.021568 0.073212
0 0.476378 0.824347 0.016090 0.076617
1 0.498288 0.837968 0.032523 0.078888
1 0.444368 0.866629 0.051352 0.051078
1 0.400205 0.896992 0.054776 0.053916
1 0.662273 0.843927 0.021568 0.072645
1 0.634029 0.854994 0.023964 0.078888
1 0.606984 0.849603 0.021910 0.060159
1 0.575488 0.858400 0.023280 0.062997
0 0.216193 0.904370 0.054433 0.038025
1 0.368709 0.925653 0.046559 0.027242
1 0.500856 0.929625 0.028073 0.045403
1 0.611434 0.931328 0.023280 0.064699
