1 0.330905 0.015912 0.022893 0.017136
1 0.326570 0.023256 0.020465 0.028152
1 0.323274 0.027234 0.020118 0.023868
1 0.323968 0.034884 0.020118 0.022032
1 0.322754 0.040086 0.019771 0.023868
1 0.320153 0.048654 0.020812 0.025092
1 0.317031 0.055386 0.018037 0.020196
1 0.314776 0.060588 0.021852 0.024480
1 0.312175 0.070073 0.022199 0.026316
1 0.313562 0.080477 0.019424 0.027540
0 0.361429 0.059058 0.014568 0.029988
1 0.305931 0.086903 0.018037 0.022032
1 0.306105 0.095165 0.021852 0.023868
1 0.345300 0.070073 0.014915 0.031212
1 0.340271 0.083537 0.019424 0.029988
1 0.344606 0.093329 0.014915 0.028764
0 0.337669 0.108017 0.012834 0.032436
1 0.336108 0.121481 0.014568 0.041004
1 0.303503 0.100979 0.018037 0.023256
1 0.304197 0.110465 0.023587 0.025092
1 0.302463 0.123317 0.022199 0.029988
1 0.298127 0.130661 0.021852 0.025092
0 0.296913 0.137087 0.022893 0.028152
1 0.298994 0.143819 0.020812 0.023256
0 0.330038 0.144125 0.014915 0.037332
1 0.336108 0.158507 0.013181 0.040392
1 0.296913 0.153611 0.021505 0.026928
1 0.286507 0.164321 0.024280 0.039780
1 0.553070 0.018054 0.008672 0.026316
1 0.550121 0.046818 0.011100 0.033660
1 0.584461 0.077417 0.009712 0.032436
1 0.555151 0.089045 0.010059 0.032436
1 0.548040 0.109547 0.011793 0.036720
1 0.541103 0.146879 0.009712 0.035496
0 0.556018 0.186965 0.024974 0.032436
0 0.605966 0.164933 0.008325 0.031212
0 0.519945 0.183905 0.010406 0.034884
0 0.544225 0.178091 0.011793 0.025704
1 0.250087 0.288250 0.029830 0.034272
1 0.272980 0.214198 0.026361 0.022032
1 0.271245 0.225826 0.027055 0.025704
1 0.273500 0.235618 0.029483 0.028152
1 0.266736 0.246940 0.025668 0.027540
1 0.261880 0.255508 0.027749 0.025092
1 0.259279 0.263158 0.023933 0.026928
1 0.255810 0.267748 0.023933 0.025092
1 0.254249 0.279070 0.027749 0.028152
1 0.288068 0.283660 0.011446 0.036108
1 0.310267 0.211138 0.010753 0.039168
1 0.314083 0.218788 0.014915 0.038556
1 0.324662 0.205324 0.015262 0.045900
1 0.339403 0.209608 0.013528 0.039780
1 0.350676 0.208078 0.011793 0.050184
0 0.360042 0.211444 0.011793 0.043452
0 0.304197 0.277540 0.009018 0.043452
1 0.310787 0.280294 0.011793 0.051408
1 0.321887 0.278458 0.011100 0.050184
0 0.331599 0.277234 0.010406 0.041616
1 0.340271 0.280294 0.014568 0.051408
1 0.351890 0.279070 0.013528 0.039168
1 0.363510 0.279682 0.015956 0.035496
1 0.370447 0.283048 0.012487 0.038556
1 0.383975 0.279988 0.011793 0.037332
1 0.368019 0.206242 0.011100 0.040392
1 0.377558 0.208384 0.011446 0.044676
1 0.387617 0.210220 0.013528 0.044676
1 0.398717 0.213280 0.013528 0.036108
1 0.406174 0.209914 0.012487 0.037944
1 0.414325 0.212056 0.014915 0.041004
1 0.424211 0.211444 0.013181 0.039780
1 0.430628 0.209608 0.016302 0.039780
1 0.444155 0.208078 0.012834 0.044064
1 0.459764 0.210526 0.010753 0.041616
0 0.392126 0.272338 0.010059 0.042840
0 0.396462 0.278458 0.010406 0.037944
0 0.402706 0.273868 0.009018 0.039780
1 0.413978 0.271114 0.018384 0.042840
1 0.424558 0.277846 0.018730 0.052632
1 0.436871 0.270196 0.012834 0.043452
1 0.445023 0.275398 0.010406 0.040392
0 0.454214 0.272032 0.011446 0.041004
0 0.463059 0.272338 0.011793 0.037944
1 0.470864 0.212362 0.010753 0.040392
0 0.478148 0.217258 0.010753 0.036720
1 0.485779 0.213586 0.012140 0.040392
0 0.494624 0.210832 0.008325 0.037332
0 0.505723 0.211444 0.009018 0.043452
0 0.512660 0.214198 0.009712 0.044064
0 0.533819 0.222154 0.010406 0.035496
1 0.471037 0.273562 0.014568 0.048960
0 0.483524 0.269584 0.007631 0.039780
1 0.490635 0.272950 0.011446 0.046512
1 0.500694 0.271420 0.012834 0.043452
1 0.512660 0.274480 0.011793 0.037332
1 0.524107 0.277234 0.014568 0.040392
0 0.533992 0.276010 0.009365 0.037944
1 0.542664 0.275704 0.012140 0.036108
1 0.543358 0.209302 0.012140 0.036720
1 0.561915 0.281824 0.013181 0.037332
1 0.618626 0.258874 0.014915 0.047736
0 0.605966 0.133415 0.009712 0.024480
1 0.636663 0.171665 0.030177 0.037332
1 0.647242 0.188800 0.026361 0.025092
1 0.675338 0.172889 0.024974 0.033660
0 0.671349 0.192778 0.026015 0.015912
1 0.704475 0.174725 0.027749 0.026316
1 0.699445 0.189412 0.027402 0.020196
1 0.732570 0.172583 0.015956 0.034272
1 0.733784 0.186965 0.021852 0.018972
1 0.814603 0.008568 0.012140 0.013464
0 0.804197 0.008262 0.007978 0.012852
1 0.801422 0.019278 0.014915 0.022644
1 0.817031 0.026010 0.011446 0.023868
1 0.799861 0.039168 0.008325 0.033048
1 0.807145 0.040698 0.009018 0.031212
1 0.819806 0.039168 0.010059 0.034272
1 0.830212 0.037944 0.010753 0.040392
1 0.806798 0.079865 0.012487 0.033660
1 0.817204 0.073133 0.018037 0.036108
1 0.831079 0.074357 0.014568 0.031212
1 0.844086 0.073439 0.018384 0.028152
1 0.857440 0.090881 0.012487 0.039780
1 0.846167 0.091493 0.012834 0.038556
0 0.836282 0.093941 0.009712 0.037332
0 0.831079 0.094553 0.011100 0.041004
0 0.824315 0.093329 0.009365 0.037332
1 0.818592 0.097919 0.011100 0.040392
1 0.876691 0.128519 0.025321 0.034272
0 0.864204 0.143207 0.017690 0.031824
1 0.853798 0.145349 0.018384 0.038556
1 0.840617 0.148715 0.023240 0.039168
1 0.239161 0.330477 0.028096 0.031824
1 0.233611 0.349449 0.028789 0.030600
1 0.228581 0.367503 0.034686 0.031212
1 0.226327 0.377907 0.032258 0.027540
1 0.222338 0.389535 0.030524 0.027540
1 0.217482 0.398409 0.029830 0.030600
1 0.285293 0.346695 0.014915 0.056916
1 0.295179 0.340881 0.013874 0.056304
1 0.307492 0.345165 0.011446 0.040392
1 0.318245 0.339351 0.014915 0.036108
1 0.331772 0.347307 0.012834 0.041004
1 0.344259 0.338127 0.013528 0.058140
1 0.360388 0.341187 0.013181 0.045900
1 0.357614 0.373623 0.033992 0.037332
0 0.371315 0.339045 0.010753 0.041616
0 0.378425 0.339045 0.010406 0.041616
1 0.387790 0.339351 0.012487 0.039780
1 0.399584 0.333537 0.014568 0.040392
0 0.408602 0.337209 0.010406 0.044064
1 0.417100 0.336597 0.012834 0.055080
0 0.425945 0.339963 0.010406 0.037332
0 0.433923 0.338127 0.011100 0.041004
1 0.443115 0.338433 0.012834 0.040392
0 0.459417 0.335679 0.010059 0.042228
1 0.467742 0.331395 0.011446 0.042228
1 0.480749 0.328641 0.017343 0.047736
1 0.490635 0.330477 0.015609 0.051408
1 0.505029 0.326805 0.018037 0.047736
1 0.514915 0.328641 0.017690 0.044064
1 0.528096 0.332619 0.012140 0.037332
1 0.534166 0.335373 0.013181 0.042840
0 0.543704 0.328029 0.012140 0.044064
1 0.567464 0.373317 0.018037 0.048960
1 0.680715 0.372705 0.038502 0.040392
1 0.715574 0.373317 0.029830 0.046512
1 0.662851 0.408507 0.032605 0.038556
1 0.692508 0.405141 0.034339 0.034272
1 0.730663 0.403305 0.030177 0.037944
1 0.760493 0.409425 0.013528 0.023256
1 0.208290 0.425949 0.030871 0.041616
1 0.211412 0.445226 0.034339 0.043452
1 0.198925 0.455018 0.032258 0.041004
1 0.195456 0.477662 0.035727 0.034884
1 0.191641 0.488984 0.032952 0.031824
1 0.190600 0.503060 0.037114 0.045288
1 0.286160 0.425337 0.020118 0.063647
1 0.325876 0.424419 0.016996 0.048348
1 0.340791 0.426867 0.013528 0.053244
1 0.352064 0.431151 0.015956 0.049572
1 0.367846 0.421359 0.016996 0.058140
1 0.383108 0.424113 0.015609 0.061200
1 0.288588 0.467258 0.036074 0.039780
1 0.283212 0.480416 0.037114 0.044064
1 0.319112 0.469094 0.029136 0.038556
1 0.352237 0.464810 0.034339 0.036108
1 0.350330 0.476744 0.036767 0.040392
0 0.387964 0.476438 0.032952 0.034884
1 0.379813 0.489596 0.035380 0.035496
1 0.426292 0.471542 0.033992 0.049572
1 0.424211 0.416463 0.015956 0.061812
1 0.437912 0.417381 0.016302 0.062424
1 0.448665 0.420441 0.019077 0.051408
1 0.459764 0.425643 0.012834 0.055692
0 0.471211 0.426867 0.013528 0.053244
0 0.481616 0.422889 0.016302 0.051408
1 0.490288 0.413709 0.012834 0.051408
0 0.516476 0.421359 0.011793 0.054468
1 0.527749 0.418299 0.017690 0.056916
0 0.539542 0.419217 0.010753 0.056304
1 0.474159 0.468176 0.034686 0.035496
1 0.466875 0.480722 0.036767 0.045900
1 0.497919 0.488066 0.030177 0.055692
0 0.519771 0.492350 0.013528 0.050796
1 0.540409 0.493268 0.024280 0.061200
1 0.500000 0.507038 0.025321 0.054468
1 0.441901 0.524174 0.032605 0.050796
1 0.552723 0.422277 0.016302 0.059976
1 0.570239 0.438188 0.015956 0.047736
1 0.591918 0.421971 0.015609 0.063035
1 0.586715 0.516218 0.019771 0.049572
0 0.086195 0.578947 0.041276 0.040392
1 0.091051 0.606793 0.042664 0.054468
1 0.040062 0.576499 0.036420 0.047736
1 0.182622 0.538862 0.040583 0.045900
1 0.136837 0.615055 0.026015 0.050184
1 0.157822 0.605263 0.021505 0.053856
1 0.170656 0.604345 0.019424 0.059364
0 0.185224 0.607099 0.030524 0.056304
1 0.205168 0.595777 0.019771 0.070379
1 0.220083 0.597613 0.023240 0.061812
0 0.233784 0.598531 0.018037 0.053856
1 0.248873 0.594247 0.016996 0.074663
1 0.269858 0.593023 0.024280 0.074663
1 0.280264 0.520502 0.036767 0.039780
1 0.318071 0.516218 0.037461 0.042228
1 0.286854 0.577111 0.017343 0.064871
1 0.303850 0.573133 0.020812 0.071603
1 0.320326 0.575887 0.021852 0.064871
1 0.331426 0.578947 0.016996 0.053856
0 0.344086 0.577111 0.016649 0.061200
1 0.359521 0.567931 0.016996 0.073439
1 0.438606 0.576193 0.013528 0.066707
1 0.450919 0.574969 0.015956 0.065483
1 0.463926 0.578641 0.016302 0.054468
1 0.496011 0.586903 0.014568 0.055080
1 0.510926 0.577111 0.017343 0.070991
1 0.524454 0.573133 0.018730 0.069155
1 0.540062 0.571297 0.014568 0.067931
1 0.549428 0.582313 0.011793 0.071603
0 0.559313 0.570685 0.014915 0.049572
1 0.597988 0.574357 0.018730 0.075275
1 0.637357 0.620257 0.021852 0.063035
1 0.108741 0.654835 0.025321 0.079559
1 0.127471 0.652693 0.023933 0.067931
1 0.146202 0.653305 0.023240 0.072827
0 0.162331 0.658201 0.022893 0.069155
1 0.177940 0.662485 0.022199 0.070379
1 0.199618 0.646267 0.026708 0.072215
0 0.221644 0.646573 0.015956 0.069155
0 0.249566 0.648103 0.020465 0.069767
0 0.266563 0.643513 0.016996 0.066707
0 0.294138 0.612913 0.037461 0.048348
1 0.279396 0.645655 0.018384 0.067319
1 0.293618 0.647491 0.020465 0.062424
1 0.310614 0.665545 0.024627 0.064259
1 0.327437 0.633721 0.018730 0.072827
0 0.343392 0.635251 0.017343 0.069767
1 0.358481 0.638311 0.016996 0.070991
1 0.382761 0.646573 0.019771 0.070379
1 0.396462 0.645349 0.022199 0.063035
1 0.416407 0.630967 0.018384 0.069767
1 0.368540 0.689412 0.042664 0.043452
1 0.435657 0.638005 0.014568 0.067931
1 0.451266 0.641371 0.017343 0.070991
1 0.466354 0.639841 0.019077 0.069155
1 0.484218 0.631885 0.019424 0.074051
1 0.502255 0.632497 0.017343 0.077723
1 0.520465 0.634027 0.019077 0.069767
1 0.535380 0.635251 0.019077 0.073439
0 0.553937 0.637393 0.017343 0.066707
1 0.495664 0.700734 0.043704 0.042840
1 0.592612 0.632497 0.032258 0.063035
1 0.599029 0.688800 0.018730 0.059364
1 0.585501 0.726132 0.044398 0.044676
1 0.640132 0.714504 0.023933 0.052020
1 0.684010 0.731946 0.044398 0.066095
1 0.736212 0.712362 0.048907 0.053856
1 0.780957 0.717258 0.040583 0.044064
1 0.769164 0.749388 0.047520 0.053244
1 0.718349 0.771726 0.030524 0.074663
1 0.756851 0.786108 0.047173 0.038556
1 0.808706 0.788862 0.042664 0.035496
1 0.832813 0.759486 0.039542 0.046512
1 0.826396 0.715422 0.050295 0.045288
1 0.882414 0.710832 0.051335 0.041004
1 0.899063 0.776928 0.051335 0.048348
1 0.066944 0.787332 0.035380 0.087515
1 0.069372 0.802938 0.027749 0.073439
1 0.087582 0.795288 0.028789 0.102203
1 0.115331 0.784884 0.043358 0.075275
1 0.117933 0.805386 0.034686 0.089351
1 0.144814 0.799572 0.024627 0.096083
1 0.175338 0.782436 0.027402 0.083843
1 0.190773 0.786108 0.022199 0.087515
1 0.206382 0.779376 0.028443 0.092411
1 0.230663 0.788250 0.022199 0.077111
1 0.266909 0.776928 0.027402 0.078947
1 0.283732 0.777846 0.027055 0.079559
1 0.305238 0.778458 0.024280 0.074663
1 0.322407 0.768360 0.023933 0.091187
1 0.330905 0.774480 0.022199 0.078947
0 0.347901 0.779376 0.016649 0.069155
1 0.365245 0.779988 0.022199 0.065483
1 0.386576 0.776010 0.021852 0.066095
1 0.420049 0.772644 0.016649 0.066707
1 0.434270 0.753672 0.020118 0.061812
1 0.449358 0.774786 0.019771 0.083231
1 0.465487 0.767136 0.020118 0.066707
0 0.482830 0.778152 0.014568 0.067931
1 0.493583 0.773256 0.017343 0.047124
1 0.506070 0.794370 0.018037 0.084455
1 0.520985 0.789780 0.018730 0.070379
1 0.537114 0.788250 0.016996 0.088127
1 0.574402 0.800490 0.020812 0.099143
1 0.604925 0.784578 0.020812 0.091799
1 0.068852 0.885557 0.040583 0.088127
1 0.086889 0.898103 0.039195 0.088739
1 0.111863 0.886475 0.029483 0.097307
1 0.152445 0.862913 0.035033 0.084455
1 0.114638 0.936659 0.058619 0.069155
1 0.191294 0.907895 0.062088 0.080171
1 0.223899 0.847307 0.028096 0.093635
1 0.248179 0.854345 0.025321 0.078335
1 0.288762 0.858935 0.019771 0.086291
1 0.303156 0.865667 0.022199 0.086291
1 0.324315 0.857405 0.020118 0.084455
1 0.341658 0.862301 0.020118 0.089351
1 0.357960 0.863831 0.024280 0.081395
1 0.377211 0.852203 0.020465 0.080171
1 0.407215 0.855569 0.028443 0.084455
1 0.429067 0.848531 0.026361 0.085067
1 0.450225 0.851285 0.021505 0.084455
1 0.472771 0.860159 0.020812 0.064259
1 0.487513 0.847919 0.021852 0.080171
0 0.509539 0.857405 0.016649 0.084455
1 0.532431 0.869339 0.033299 0.087515
1 0.478321 0.907589 0.052723 0.056304
1 0.434443 0.946144 0.056538 0.058752
1 0.701179 0.855569 0.022546 0.079559
1 0.672563 0.871481 0.024974 0.086903
1 0.644641 0.868421 0.022546 0.066095
1 0.612556 0.882191 0.024280 0.069155
0 0.245751 0.976744 0.055845 0.041616
1 0.403399 0.981028 0.047867 0.029376
1 0.539022 0.969094 0.029136 0.049572
1 0.652792 0.957772 0.024280 0.070991
