1 0.689503 0.983540 0.022895 0.016770
1 0.693906 0.976087 0.020430 0.027950
1 0.696900 0.972050 0.020077 0.023602
1 0.696372 0.964286 0.020430 0.021739
1 0.697429 0.959006 0.019725 0.023602
1 0.700070 0.950621 0.020782 0.025466
1 0.703241 0.943789 0.017964 0.020497
1 0.705354 0.938509 0.022191 0.024845
1 0.707996 0.929193 0.021839 0.026087
1 0.706587 0.918634 0.019725 0.027329
0 0.658859 0.940062 0.014442 0.029193
1 0.714160 0.912422 0.017964 0.022360
1 0.714160 0.904348 0.021486 0.023602
1 0.675062 0.928882 0.015146 0.031677
1 0.679993 0.915839 0.019373 0.030435
1 0.675590 0.906211 0.014794 0.028571
0 0.682459 0.891304 0.013033 0.032298
1 0.684044 0.877640 0.014794 0.040994
1 0.716626 0.898137 0.017964 0.023602
1 0.716097 0.889130 0.023248 0.025466
1 0.717682 0.876087 0.022191 0.030435
1 0.722085 0.868323 0.021839 0.024845
0 0.723318 0.862422 0.022895 0.027950
1 0.721205 0.854969 0.020782 0.022981
0 0.690208 0.855280 0.015146 0.037267
1 0.684044 0.841304 0.013385 0.040373
1 0.723318 0.845652 0.021486 0.026708
1 0.733709 0.834783 0.024657 0.039752
1 0.467242 0.981056 0.008806 0.026708
1 0.470060 0.952795 0.010919 0.033540
1 0.435893 0.922360 0.009510 0.032298
1 0.465305 0.910559 0.009863 0.032298
1 0.472349 0.890062 0.011976 0.036025
1 0.479218 0.852484 0.009510 0.035404
0 0.464072 0.812422 0.025009 0.032298
0 0.414583 0.834783 0.008454 0.031056
0 0.500176 0.815528 0.010567 0.034783
0 0.476224 0.821739 0.011976 0.026087
1 0.769989 0.711180 0.029588 0.034783
1 0.747270 0.785404 0.026418 0.021739
1 0.749031 0.773602 0.027122 0.025466
1 0.746742 0.763665 0.029588 0.027950
1 0.753610 0.752484 0.025713 0.027950
1 0.758366 0.743478 0.027474 0.024845
1 0.760831 0.736335 0.023952 0.026708
1 0.764354 0.731677 0.023952 0.024845
1 0.765939 0.720186 0.027827 0.027950
1 0.731948 0.715839 0.011272 0.036646
1 0.709757 0.788509 0.010567 0.039130
1 0.706235 0.780435 0.014794 0.039130
1 0.695667 0.794410 0.015498 0.045963
1 0.680874 0.789752 0.013385 0.039130
1 0.669602 0.791304 0.011976 0.049689
0 0.660092 0.788199 0.011976 0.043478
0 0.716097 0.721739 0.009158 0.043478
1 0.709581 0.718944 0.011624 0.051553
1 0.698485 0.721118 0.011272 0.050932
0 0.688623 0.722050 0.010567 0.041615
1 0.679817 0.719255 0.014794 0.050932
1 0.668369 0.720497 0.013737 0.039752
1 0.656745 0.719876 0.015851 0.036025
1 0.649701 0.716460 0.012328 0.039130
1 0.636139 0.719876 0.011976 0.037267
1 0.652166 0.792857 0.010919 0.040373
1 0.642656 0.790994 0.011624 0.044099
1 0.632617 0.789441 0.013385 0.044720
1 0.621522 0.786335 0.013737 0.036025
1 0.614125 0.789441 0.012328 0.038509
1 0.606023 0.787578 0.015146 0.040994
1 0.596161 0.788199 0.013033 0.039752
1 0.589820 0.789752 0.016555 0.040373
1 0.576083 0.791304 0.012328 0.043478
1 0.560585 0.788820 0.010919 0.042236
0 0.628214 0.727019 0.010215 0.042857
0 0.623811 0.721118 0.010567 0.037267
0 0.617471 0.725466 0.009158 0.039752
1 0.606375 0.728261 0.018669 0.042857
1 0.595632 0.721739 0.019021 0.052174
1 0.583304 0.729503 0.012681 0.044099
1 0.575203 0.724534 0.010567 0.040373
0 0.566044 0.727329 0.011272 0.040994
0 0.557238 0.727329 0.011272 0.037267
1 0.549489 0.786957 0.010567 0.039752
0 0.541916 0.782298 0.010919 0.036646
1 0.534519 0.786025 0.012328 0.040373
0 0.525537 0.788820 0.008454 0.037267
0 0.514618 0.788199 0.009158 0.043478
0 0.507573 0.785404 0.009863 0.044099
0 0.486615 0.777329 0.010215 0.035404
1 0.549137 0.726087 0.014794 0.048447
0 0.536809 0.729814 0.007749 0.039752
1 0.529588 0.726398 0.011624 0.046584
1 0.519725 0.727950 0.013033 0.043478
1 0.507573 0.724845 0.011976 0.037267
1 0.496302 0.722671 0.014794 0.040373
0 0.486087 0.723913 0.009158 0.037888
1 0.477809 0.723913 0.012328 0.036646
1 0.476928 0.790373 0.011976 0.036646
1 0.458436 0.718012 0.013033 0.037267
1 0.401726 0.740994 0.015146 0.048447
0 0.414406 0.866460 0.009510 0.024845
1 0.383938 0.827950 0.030292 0.037267
1 0.373195 0.811180 0.026418 0.024845
1 0.345016 0.827019 0.025009 0.032919
0 0.349067 0.806832 0.026066 0.016149
1 0.316132 0.825155 0.027827 0.026708
1 0.320888 0.810248 0.027474 0.020497
1 0.287954 0.827019 0.015851 0.034161
1 0.286545 0.812733 0.021486 0.019255
1 0.206058 0.991304 0.011976 0.013665
0 0.216449 0.991304 0.008101 0.012422
1 0.219091 0.980435 0.014794 0.022981
1 0.203417 0.973602 0.011624 0.024224
1 0.220676 0.960559 0.008101 0.032919
1 0.213455 0.959006 0.009158 0.031056
1 0.200775 0.960870 0.009863 0.033540
1 0.190384 0.961801 0.010919 0.040373
1 0.213632 0.919876 0.012328 0.033540
1 0.203417 0.926708 0.017964 0.036025
1 0.189503 0.925776 0.014794 0.031677
1 0.176294 0.926087 0.018669 0.028571
1 0.163086 0.908696 0.012681 0.039752
1 0.174357 0.908696 0.012681 0.038509
0 0.184220 0.905901 0.009863 0.036646
0 0.189327 0.905590 0.010919 0.040994
0 0.196020 0.906522 0.009510 0.037888
1 0.201656 0.901863 0.010919 0.039752
1 0.143889 0.871429 0.025713 0.033540
0 0.156217 0.856832 0.017964 0.031677
1 0.166784 0.854658 0.018669 0.038509
1 0.179817 0.851242 0.023600 0.039130
1 0.780909 0.668944 0.028179 0.032298
1 0.786545 0.649689 0.028883 0.031056
1 0.791476 0.632298 0.034519 0.031056
1 0.793765 0.621739 0.032054 0.027329
1 0.797816 0.609938 0.030292 0.027329
1 0.802571 0.601242 0.029940 0.031056
1 0.734766 0.652484 0.014794 0.056522
1 0.724727 0.658385 0.013737 0.055901
1 0.712575 0.654348 0.011272 0.040373
1 0.701832 0.659938 0.015146 0.036646
1 0.688271 0.652174 0.012681 0.040994
1 0.675942 0.661180 0.013385 0.057764
1 0.659739 0.658385 0.013385 0.045963
1 0.662381 0.626087 0.034167 0.037267
0 0.648820 0.660248 0.010567 0.040994
0 0.641775 0.660559 0.010567 0.041615
1 0.632441 0.660248 0.012328 0.039752
1 0.620465 0.665839 0.014442 0.040994
0 0.611659 0.662422 0.010215 0.044099
1 0.603029 0.662733 0.012681 0.054658
0 0.594223 0.659627 0.010567 0.037267
0 0.586298 0.661491 0.010919 0.040994
1 0.576964 0.661180 0.012681 0.040373
0 0.560585 0.663975 0.010215 0.042236
1 0.552307 0.668012 0.011272 0.041615
1 0.539451 0.671118 0.017260 0.047826
1 0.529588 0.669255 0.015851 0.051553
1 0.515322 0.672981 0.017612 0.047826
1 0.505460 0.670807 0.017612 0.043478
1 0.492251 0.667081 0.012328 0.037267
1 0.486263 0.664286 0.013033 0.042857
0 0.476576 0.671739 0.011976 0.044099
1 0.452800 0.626708 0.017964 0.048447
1 0.339380 0.627329 0.038394 0.039752
1 0.304685 0.626708 0.029588 0.047205
1 0.357344 0.591615 0.032758 0.039130
1 0.327756 0.595031 0.034167 0.034783
1 0.289715 0.596584 0.030645 0.037888
1 0.259775 0.590373 0.013737 0.022981
1 0.811729 0.573292 0.030645 0.040994
1 0.808559 0.554348 0.034167 0.044099
1 0.821064 0.544410 0.032406 0.040373
1 0.824762 0.521739 0.035576 0.034783
1 0.828285 0.510559 0.032758 0.032298
1 0.829517 0.496273 0.037337 0.044720
1 0.733885 0.574534 0.020077 0.063354
1 0.694259 0.575155 0.016907 0.048447
1 0.679288 0.572671 0.013737 0.053416
1 0.668017 0.568634 0.015851 0.049068
1 0.652166 0.578261 0.017260 0.058385
1 0.637020 0.575466 0.015851 0.061491
1 0.731420 0.532298 0.036280 0.039752
1 0.736879 0.519565 0.036633 0.044099
1 0.700775 0.530745 0.029236 0.037888
1 0.667841 0.534783 0.034519 0.036025
1 0.669778 0.522671 0.036985 0.040373
0 0.632265 0.523602 0.033110 0.034783
1 0.640366 0.509938 0.035224 0.036025
1 0.593871 0.528261 0.033815 0.049068
1 0.595808 0.583540 0.015851 0.061491
1 0.582247 0.582609 0.016203 0.062112
1 0.571680 0.579193 0.019021 0.051553
1 0.560409 0.573913 0.012681 0.055901
0 0.549137 0.572981 0.013385 0.052795
0 0.538570 0.577329 0.016203 0.051553
1 0.529764 0.586025 0.012681 0.051553
0 0.503875 0.578882 0.011624 0.054658
1 0.492603 0.581677 0.017964 0.056522
0 0.480627 0.581056 0.010919 0.056522
1 0.545967 0.531366 0.034519 0.035404
1 0.553188 0.518944 0.036985 0.045342
1 0.522015 0.511801 0.030292 0.055901
0 0.500352 0.507453 0.013737 0.050932
1 0.479746 0.506832 0.024657 0.060870
1 0.520254 0.493168 0.025361 0.054658
1 0.578020 0.475466 0.032406 0.050311
1 0.467594 0.577950 0.016555 0.060248
1 0.449982 0.561801 0.015851 0.047826
1 0.428320 0.577950 0.015498 0.062733
1 0.433427 0.483851 0.019373 0.049689
0 0.933779 0.420497 0.041564 0.040994
1 0.928672 0.392857 0.042621 0.054037
1 0.979746 0.423292 0.036280 0.047826
1 0.837267 0.460559 0.040859 0.045342
1 0.883057 0.384161 0.026066 0.050311
1 0.862099 0.394410 0.021486 0.054658
1 0.849243 0.395342 0.019021 0.059006
0 0.834625 0.392857 0.030645 0.056522
1 0.814723 0.404037 0.019725 0.070186
1 0.799930 0.402174 0.023248 0.061491
0 0.786016 0.401242 0.017964 0.054658
1 0.771222 0.405280 0.017260 0.075155
1 0.750264 0.406522 0.024657 0.075155
1 0.739873 0.479503 0.036985 0.039752
1 0.702008 0.483851 0.037337 0.042236
1 0.733357 0.422671 0.017612 0.065217
1 0.715921 0.426398 0.020782 0.071429
1 0.699542 0.423913 0.021839 0.065217
1 0.688623 0.420807 0.016907 0.054037
0 0.676118 0.422360 0.016555 0.060870
1 0.660620 0.431988 0.016555 0.073913
1 0.581543 0.423913 0.013385 0.066460
1 0.569215 0.425155 0.016203 0.065217
1 0.556182 0.421118 0.016203 0.054658
1 0.524128 0.413043 0.014794 0.054658
1 0.509334 0.422671 0.016907 0.071429
1 0.495597 0.426708 0.019021 0.068323
1 0.480099 0.428882 0.014794 0.067702
1 0.470764 0.417702 0.011624 0.071429
0 0.460902 0.429503 0.014442 0.049068
1 0.422156 0.425776 0.018669 0.075155
1 0.382881 0.380124 0.021839 0.063354
1 0.911236 0.344720 0.025361 0.079503
1 0.892216 0.346894 0.023952 0.067702
1 0.873899 0.346273 0.023248 0.072671
0 0.857520 0.341615 0.022895 0.069565
1 0.841846 0.336957 0.021839 0.070186
1 0.820359 0.353416 0.026770 0.072050
0 0.798344 0.353416 0.015851 0.069565
0 0.770342 0.351553 0.020430 0.069565
0 0.753434 0.356211 0.016907 0.066460
0 0.725784 0.386957 0.036985 0.048447
1 0.740578 0.354037 0.018669 0.067081
1 0.726312 0.352174 0.020430 0.062112
1 0.709405 0.334472 0.024657 0.063975
1 0.692497 0.366149 0.019021 0.072671
0 0.676647 0.364596 0.016907 0.069565
1 0.661677 0.361491 0.017260 0.070807
1 0.637372 0.353416 0.019373 0.069565
1 0.623635 0.354348 0.022191 0.062733
1 0.603558 0.368944 0.018669 0.069565
1 0.651462 0.310559 0.042621 0.043478
1 0.584361 0.362112 0.014794 0.068323
1 0.568686 0.359006 0.017260 0.070807
1 0.553716 0.359938 0.019021 0.068944
1 0.535928 0.368012 0.019373 0.073913
1 0.517964 0.367391 0.017260 0.077640
1 0.499472 0.366460 0.019021 0.069565
1 0.484678 0.364596 0.019021 0.073292
0 0.466185 0.362733 0.017260 0.067081
1 0.524480 0.299689 0.043677 0.042857
1 0.427439 0.368012 0.032054 0.062733
1 0.420923 0.311180 0.019021 0.059627
1 0.434660 0.273913 0.044382 0.044720
1 0.380063 0.285714 0.023952 0.052174
1 0.336034 0.268634 0.044382 0.066460
1 0.283903 0.288199 0.048609 0.053416
1 0.239345 0.283540 0.040507 0.044099
1 0.250969 0.251242 0.047552 0.052795
1 0.301867 0.228571 0.030997 0.074534
1 0.263473 0.214596 0.047200 0.039130
1 0.211518 0.211801 0.042621 0.034783
1 0.187566 0.240994 0.039803 0.045963
1 0.193906 0.285093 0.050370 0.044720
1 0.138077 0.290062 0.051427 0.040994
1 0.121169 0.223913 0.051427 0.047826
1 0.952800 0.212422 0.035224 0.086957
1 0.950335 0.196894 0.027474 0.073292
1 0.932371 0.204348 0.028883 0.101863
1 0.904544 0.214907 0.042973 0.074534
1 0.901902 0.194410 0.034871 0.089441
1 0.874956 0.200311 0.024657 0.096273
1 0.844487 0.217081 0.027122 0.083851
1 0.828989 0.213665 0.022191 0.088199
1 0.813315 0.220497 0.028179 0.091925
1 0.789186 0.211801 0.022191 0.077019
1 0.752906 0.222671 0.027122 0.078882
1 0.736351 0.221739 0.027122 0.079503
1 0.714688 0.221118 0.024657 0.074534
1 0.697781 0.231366 0.023952 0.091304
1 0.688799 0.225466 0.022191 0.078261
0 0.672244 0.220497 0.016555 0.069565
1 0.654632 0.220186 0.022191 0.065217
1 0.633674 0.223913 0.021839 0.066460
1 0.600035 0.227329 0.016555 0.067081
1 0.585946 0.246584 0.020077 0.062112
1 0.570800 0.225155 0.020077 0.082609
1 0.554597 0.232609 0.020077 0.066460
0 0.537337 0.222050 0.014442 0.067702
1 0.526418 0.226708 0.017260 0.047205
1 0.514089 0.206211 0.017964 0.084472
1 0.499119 0.210870 0.019021 0.070186
1 0.482917 0.211801 0.016907 0.088199
1 0.445756 0.199689 0.020782 0.098758
1 0.415111 0.215839 0.020782 0.091304
1 0.950863 0.114286 0.040507 0.088199
1 0.933075 0.101553 0.039451 0.088820
1 0.907890 0.113665 0.029236 0.096894
1 0.867559 0.136646 0.035224 0.084472
1 0.905248 0.063354 0.058471 0.069565
1 0.828813 0.091925 0.061994 0.079503
1 0.796055 0.152795 0.028179 0.093168
1 0.771574 0.145342 0.025009 0.078261
1 0.730891 0.141304 0.019725 0.086335
1 0.716978 0.134472 0.022191 0.086335
1 0.695491 0.142547 0.020077 0.083851
1 0.678232 0.137888 0.020077 0.089441
1 0.661853 0.136335 0.023952 0.081366
1 0.642832 0.148137 0.020430 0.080124
1 0.612892 0.144720 0.028179 0.084472
1 0.591053 0.151863 0.026770 0.085093
1 0.569743 0.148758 0.021486 0.083851
1 0.547200 0.140062 0.020782 0.063975
1 0.532406 0.152174 0.022191 0.080745
0 0.510567 0.142857 0.016555 0.084472
1 0.487672 0.131056 0.033462 0.086957
1 0.541740 0.092547 0.052836 0.055901
1 0.585417 0.054348 0.056358 0.059006
1 0.318950 0.144720 0.022191 0.079503
1 0.347482 0.129193 0.025009 0.086957
1 0.375484 0.131677 0.022543 0.065839
1 0.407362 0.118323 0.024304 0.068944
0 0.774040 0.023292 0.056006 0.041615
1 0.616766 0.019255 0.047904 0.029814
1 0.480803 0.031366 0.028883 0.049068
1 0.367383 0.042857 0.023952 0.070807
