1 0.315020 0.043677 0.022833 0.016494
1 0.310738 0.050703 0.019979 0.026878
1 0.307706 0.054673 0.019622 0.022602
1 0.308598 0.062309 0.019979 0.020770
1 0.307528 0.067502 0.019265 0.022602
1 0.304852 0.075443 0.020335 0.023824
1 0.302176 0.082468 0.017838 0.019548
1 0.299857 0.087049 0.021762 0.023824
1 0.297360 0.096213 0.021762 0.025046
1 0.298965 0.106597 0.019265 0.026268
0 0.345701 0.083690 0.014270 0.028100
1 0.291473 0.112706 0.017838 0.021381
1 0.291830 0.120648 0.021406 0.022602
1 0.330004 0.094991 0.014984 0.029933
1 0.325187 0.108125 0.018908 0.029322
1 0.329825 0.116982 0.014627 0.027489
0 0.323225 0.131643 0.012843 0.031155
1 0.321798 0.144777 0.014270 0.039096
1 0.289333 0.126756 0.017838 0.022602
1 0.290225 0.135308 0.023189 0.023824
1 0.288798 0.147526 0.021762 0.028711
1 0.284338 0.154856 0.021406 0.023824
0 0.283090 0.161271 0.022476 0.026878
1 0.285408 0.167990 0.020692 0.021991
0 0.316090 0.166158 0.014984 0.035431
1 0.322333 0.179902 0.013200 0.038485
1 0.283625 0.177153 0.021406 0.025657
1 0.273457 0.187844 0.023903 0.038485
1 0.534071 0.036042 0.008562 0.025657
1 0.531752 0.063836 0.011060 0.032376
1 0.566001 0.091631 0.009633 0.030544
1 0.537103 0.104154 0.009633 0.031155
1 0.530503 0.123702 0.011416 0.034820
1 0.524260 0.160354 0.009633 0.033598
0 0.539600 0.197618 0.024616 0.031155
0 0.588477 0.174404 0.008205 0.029933
0 0.503924 0.196396 0.010346 0.033598
0 0.527827 0.189676 0.011773 0.025046
1 0.239386 0.307880 0.029254 0.032987
1 0.260792 0.235797 0.026400 0.020770
1 0.259187 0.247404 0.026757 0.024435
1 0.261506 0.256567 0.029254 0.026878
1 0.255084 0.267868 0.025687 0.026268
1 0.250446 0.276420 0.027114 0.023824
1 0.247949 0.283445 0.023546 0.025657
1 0.244559 0.288027 0.023903 0.023824
1 0.243489 0.299023 0.027471 0.026268
1 0.276846 0.301772 0.011416 0.034209
1 0.297538 0.231216 0.010703 0.037263
1 0.301284 0.238852 0.014627 0.036652
1 0.311630 0.225412 0.015341 0.043983
1 0.326258 0.228467 0.013200 0.037874
1 0.337317 0.226940 0.011773 0.048259
0 0.346593 0.229688 0.011773 0.041539
0 0.292365 0.295357 0.008919 0.040929
1 0.298965 0.297801 0.011416 0.049481
1 0.309847 0.295357 0.011060 0.048259
0 0.319479 0.294136 0.010346 0.039707
1 0.328220 0.296274 0.014270 0.048870
1 0.339458 0.294441 0.013200 0.037874
1 0.351052 0.295052 0.015697 0.034209
1 0.358009 0.297801 0.012487 0.037263
1 0.371209 0.293830 0.011773 0.035431
1 0.354442 0.224496 0.011060 0.038485
1 0.363896 0.226023 0.011416 0.042761
1 0.373707 0.227245 0.013200 0.042761
1 0.384766 0.229383 0.013200 0.034820
1 0.392080 0.226023 0.012130 0.036652
1 0.400285 0.227856 0.014984 0.039096
1 0.409918 0.226634 0.012843 0.037874
1 0.416161 0.224801 0.016054 0.037874
1 0.429540 0.222969 0.012130 0.041539
1 0.444880 0.224496 0.010703 0.039707
0 0.379058 0.286805 0.010346 0.040929
0 0.383339 0.292303 0.010346 0.036042
0 0.389583 0.287721 0.009276 0.037874
1 0.400464 0.284362 0.018195 0.040929
1 0.411167 0.290165 0.018908 0.050092
1 0.423296 0.282224 0.012487 0.041539
1 0.431324 0.286805 0.010703 0.038485
0 0.440243 0.283445 0.011416 0.039096
0 0.449162 0.283140 0.011416 0.036042
1 0.455762 0.225718 0.010346 0.038485
0 0.463254 0.229994 0.010346 0.034820
1 0.470567 0.226329 0.012130 0.038485
0 0.479308 0.223274 0.008205 0.036042
0 0.490367 0.223580 0.008919 0.041539
0 0.497146 0.225718 0.009633 0.042150
0 0.518016 0.232437 0.009989 0.033598
1 0.457010 0.284056 0.014270 0.046426
0 0.469140 0.280086 0.007849 0.037263
1 0.476275 0.283140 0.011416 0.044594
1 0.486086 0.281002 0.012487 0.041539
1 0.498038 0.283445 0.011416 0.035431
1 0.509276 0.285278 0.014627 0.039096
0 0.519087 0.283751 0.009276 0.036042
1 0.527649 0.283140 0.012130 0.034820
1 0.527292 0.219609 0.012130 0.034820
1 0.546736 0.288332 0.013200 0.035431
1 0.602212 0.263897 0.014984 0.046426
0 0.587941 0.144472 0.009276 0.023824
1 0.618623 0.179597 0.029968 0.035431
1 0.629326 0.195174 0.025687 0.023824
1 0.656975 0.178986 0.024616 0.031765
0 0.653229 0.198228 0.025687 0.015272
1 0.685516 0.179291 0.027471 0.025046
1 0.680878 0.193952 0.027471 0.018937
1 0.713164 0.176237 0.015697 0.032376
1 0.714770 0.189982 0.021049 0.018326
1 0.791830 0.015577 0.011773 0.012828
0 0.781663 0.015883 0.007849 0.012217
1 0.778987 0.026573 0.014627 0.021381
1 0.794684 0.032376 0.011060 0.023213
1 0.777738 0.045816 0.008562 0.031765
1 0.785052 0.047343 0.008919 0.029933
1 0.797360 0.044594 0.009989 0.032987
1 0.807706 0.043067 0.010703 0.038485
1 0.785230 0.083995 0.012130 0.032376
1 0.795398 0.077276 0.017481 0.034820
1 0.809133 0.077886 0.014270 0.029933
1 0.821976 0.076665 0.018552 0.027489
1 0.835177 0.092853 0.012130 0.037874
1 0.824117 0.093464 0.012843 0.036652
0 0.814306 0.096518 0.009633 0.035431
0 0.809490 0.097129 0.010703 0.039096
0 0.802711 0.096518 0.009276 0.036652
1 0.797182 0.101100 0.011060 0.038485
1 0.854798 0.127978 0.024973 0.032376
0 0.842847 0.142334 0.017481 0.030544
1 0.832501 0.144777 0.018195 0.036652
1 0.819658 0.148442 0.023189 0.037874
1 0.229219 0.348809 0.027471 0.030544
1 0.224046 0.367440 0.028541 0.029933
1 0.219408 0.384545 0.034249 0.029933
1 0.217089 0.394624 0.031752 0.026878
1 0.213343 0.405925 0.029968 0.026268
1 0.208705 0.414783 0.029254 0.029322
1 0.274884 0.362248 0.014627 0.053757
1 0.284695 0.356445 0.013557 0.053146
1 0.296646 0.359805 0.011060 0.039096
1 0.307171 0.354001 0.014984 0.034820
1 0.320906 0.361026 0.012487 0.039096
1 0.333036 0.351558 0.013200 0.055589
1 0.348733 0.353696 0.013200 0.043983
1 0.346593 0.384850 0.033892 0.035431
0 0.359615 0.351558 0.010703 0.039707
0 0.366572 0.350947 0.010346 0.039707
1 0.375847 0.350947 0.012487 0.037263
1 0.387442 0.344838 0.014270 0.039707
0 0.396183 0.347892 0.010346 0.042150
1 0.404745 0.346976 0.012487 0.052535
0 0.413307 0.349725 0.010346 0.036042
0 0.421334 0.347587 0.010703 0.039096
1 0.430432 0.347587 0.012487 0.039096
0 0.446486 0.344533 0.010346 0.040318
1 0.454691 0.339951 0.011060 0.039707
1 0.467356 0.336591 0.017125 0.046426
1 0.476989 0.338119 0.015697 0.049481
1 0.491081 0.333842 0.017481 0.045816
1 0.501070 0.335064 0.017481 0.042150
1 0.514092 0.338424 0.012130 0.035431
1 0.520157 0.340562 0.012843 0.040929
0 0.529254 0.333232 0.011773 0.042150
1 0.553514 0.375382 0.017481 0.047037
1 0.665359 0.369884 0.037817 0.038485
1 0.699608 0.369273 0.029254 0.044594
1 0.648056 0.405315 0.032465 0.037263
1 0.677310 0.400428 0.033892 0.033598
1 0.714770 0.397373 0.030325 0.036042
1 0.744381 0.401955 0.013200 0.021991
1 0.199964 0.441662 0.030325 0.039096
1 0.203532 0.459682 0.033892 0.042150
1 0.191402 0.469762 0.031752 0.039096
1 0.188013 0.491448 0.034963 0.033598
1 0.184624 0.502443 0.032465 0.031155
1 0.183553 0.516188 0.036746 0.042761
1 0.276846 0.437691 0.019979 0.060476
1 0.315912 0.434942 0.016768 0.046426
1 0.330717 0.436775 0.013557 0.051313
1 0.342133 0.440134 0.015697 0.047037
1 0.357296 0.430360 0.016768 0.055589
1 0.372458 0.432193 0.015697 0.059255
1 0.279879 0.477703 0.036033 0.037874
1 0.274706 0.490226 0.036390 0.042150
1 0.310025 0.478009 0.028541 0.036042
1 0.342669 0.472511 0.033892 0.034820
1 0.341063 0.484117 0.036390 0.038485
0 0.377809 0.481979 0.032822 0.032987
1 0.369961 0.495113 0.034963 0.034820
1 0.415626 0.475565 0.033535 0.047037
1 0.412772 0.423030 0.015697 0.059255
1 0.426329 0.423335 0.015697 0.059866
1 0.437032 0.425779 0.018552 0.050092
1 0.448091 0.430360 0.012843 0.053146
0 0.459151 0.430971 0.013557 0.050703
0 0.469497 0.426390 0.016411 0.048870
1 0.478059 0.417532 0.012843 0.049481
0 0.503746 0.423641 0.011416 0.051924
1 0.514984 0.420281 0.017481 0.053757
0 0.526579 0.420586 0.010703 0.054368
1 0.462897 0.470373 0.033892 0.034209
1 0.455940 0.482896 0.036390 0.043372
1 0.486621 0.488088 0.029968 0.053757
0 0.508205 0.491753 0.013200 0.048870
1 0.528362 0.491448 0.024260 0.058033
1 0.488762 0.506414 0.024973 0.052535
1 0.432037 0.525657 0.032108 0.048259
1 0.539600 0.422724 0.016054 0.057422
1 0.556903 0.437691 0.015697 0.045816
1 0.578487 0.421197 0.015341 0.060476
1 0.574563 0.511301 0.019622 0.047648
0 0.081877 0.593158 0.041027 0.039096
1 0.087050 0.619426 0.042098 0.052535
1 0.036390 0.592853 0.035676 0.045816
1 0.176418 0.551008 0.040314 0.043983
1 0.132358 0.625840 0.025687 0.048259
1 0.153050 0.615455 0.021406 0.051924
1 0.165715 0.613928 0.018908 0.056200
0 0.179986 0.615761 0.030325 0.053757
1 0.199608 0.604154 0.019622 0.067196
1 0.214235 0.605070 0.023189 0.059255
0 0.227792 0.605681 0.017481 0.051924
1 0.242419 0.600794 0.016768 0.071472
1 0.263111 0.598962 0.023903 0.071472
1 0.272208 0.528711 0.036390 0.038485
1 0.309668 0.522908 0.037103 0.040318
1 0.279700 0.582773 0.017125 0.062309
1 0.296468 0.578497 0.020692 0.068418
1 0.312701 0.580330 0.021762 0.062309
1 0.323760 0.582468 0.016768 0.051924
0 0.336068 0.580330 0.016411 0.058644
1 0.351231 0.570861 0.016768 0.070250
1 0.429361 0.575137 0.013200 0.064142
1 0.441491 0.573610 0.016054 0.062309
1 0.454335 0.576665 0.016054 0.052535
1 0.486086 0.583079 0.014627 0.053146
1 0.500535 0.573305 0.017125 0.067807
1 0.513914 0.568723 0.018908 0.065974
1 0.529433 0.566280 0.014270 0.064753
1 0.538709 0.576359 0.011416 0.069029
0 0.548341 0.564753 0.014270 0.047037
1 0.586514 0.566280 0.018552 0.072083
1 0.625936 0.608735 0.021762 0.060476
1 0.105244 0.664936 0.024973 0.076359
1 0.123796 0.661881 0.023546 0.065363
1 0.141991 0.661881 0.022833 0.069029
0 0.158223 0.665547 0.022476 0.066585
1 0.173742 0.669212 0.022119 0.067807
1 0.194791 0.652718 0.026400 0.069029
0 0.216554 0.651802 0.015697 0.065974
0 0.244024 0.652413 0.019979 0.067196
0 0.260614 0.647221 0.016768 0.064142
0 0.287371 0.616677 0.036746 0.047037
1 0.273457 0.648748 0.018195 0.064753
1 0.287549 0.649969 0.019979 0.059866
1 0.304495 0.666158 0.024616 0.061698
1 0.320549 0.635308 0.018908 0.069640
0 0.336247 0.635919 0.016768 0.067196
1 0.351231 0.638057 0.016768 0.067807
1 0.375312 0.645082 0.019265 0.067196
1 0.388691 0.643250 0.021762 0.059866
1 0.408313 0.628589 0.018195 0.065974
1 0.361755 0.686622 0.042098 0.041539
1 0.427399 0.634392 0.014270 0.065363
1 0.442918 0.636836 0.016768 0.067807
1 0.457545 0.635308 0.018908 0.065974
1 0.475205 0.626756 0.019265 0.070861
1 0.492865 0.626451 0.016768 0.075137
1 0.510881 0.626756 0.018552 0.067196
1 0.525508 0.627673 0.018552 0.070250
0 0.544060 0.628894 0.017125 0.064142
1 0.487513 0.691814 0.043168 0.040929
1 0.582055 0.622175 0.031752 0.060476
1 0.589190 0.676237 0.018908 0.056200
1 0.576347 0.712279 0.043882 0.042761
1 0.630039 0.699145 0.023546 0.049481
1 0.673564 0.713500 0.043525 0.063531
1 0.724759 0.692425 0.048163 0.051924
1 0.768819 0.694869 0.039957 0.042150
1 0.757760 0.726634 0.047092 0.050703
1 0.707991 0.750458 0.030325 0.071472
1 0.746165 0.762065 0.046736 0.037263
1 0.797360 0.762676 0.042098 0.033598
1 0.820549 0.733659 0.039244 0.043983
1 0.813593 0.691814 0.049590 0.043372
1 0.868712 0.684789 0.050660 0.039096
1 0.886193 0.747098 0.050660 0.046426
1 0.065822 0.793219 0.034606 0.083690
1 0.068676 0.808491 0.027471 0.070250
1 0.086336 0.800244 0.028541 0.097740
1 0.113628 0.788943 0.042455 0.071472
1 0.116482 0.808797 0.034606 0.085522
1 0.142883 0.801772 0.024616 0.092242
1 0.172672 0.784056 0.027114 0.080024
1 0.188013 0.786805 0.022119 0.084301
1 0.203354 0.779780 0.027827 0.088577
1 0.227435 0.787111 0.021762 0.073916
1 0.262933 0.774893 0.027114 0.075137
1 0.279522 0.775199 0.026757 0.075748
1 0.300749 0.774893 0.024260 0.071472
1 0.317517 0.764508 0.023546 0.087355
1 0.326258 0.769701 0.021762 0.075748
0 0.342847 0.773977 0.016411 0.065974
1 0.359971 0.773366 0.022119 0.062309
1 0.380842 0.769090 0.021762 0.063531
1 0.413842 0.763897 0.016411 0.064142
1 0.427578 0.744960 0.019622 0.059255
1 0.442740 0.764814 0.019979 0.079414
1 0.458616 0.756872 0.019622 0.063531
0 0.475740 0.766646 0.014627 0.064753
1 0.486443 0.761759 0.016768 0.045205
1 0.498930 0.780696 0.017481 0.080635
1 0.513557 0.775809 0.018195 0.067196
1 0.529611 0.773977 0.016768 0.084301
1 0.566536 0.784056 0.020692 0.094685
1 0.596325 0.767257 0.020335 0.087966
1 0.069212 0.886988 0.039957 0.084301
1 0.087050 0.898900 0.038530 0.084911
1 0.111666 0.886378 0.029254 0.092853
1 0.151088 0.861943 0.034606 0.080635
1 0.115234 0.934331 0.057795 0.066585
1 0.190153 0.903177 0.061363 0.076359
1 0.221548 0.843922 0.027827 0.089798
1 0.245808 0.850031 0.024973 0.075137
1 0.285944 0.852169 0.019622 0.083079
1 0.299857 0.857972 0.021762 0.082468
1 0.320728 0.849420 0.019979 0.081246
1 0.338031 0.853085 0.019622 0.086133
1 0.354085 0.853696 0.023903 0.077581
1 0.372815 0.841784 0.019979 0.076970
1 0.402248 0.844227 0.028184 0.080635
1 0.423832 0.836286 0.026400 0.081857
1 0.444702 0.838119 0.021049 0.080635
1 0.467178 0.845449 0.020335 0.061087
1 0.481448 0.833232 0.021762 0.076970
0 0.503389 0.841173 0.016411 0.080635
1 0.526044 0.851863 0.033179 0.083690
1 0.473421 0.890654 0.052087 0.053757
1 0.430610 0.929139 0.055655 0.056200
1 0.692294 0.831093 0.021762 0.076359
1 0.664288 0.847282 0.024260 0.083079
1 0.636639 0.846060 0.022476 0.063531
1 0.605244 0.860721 0.023903 0.065974
0 0.244916 0.967013 0.055298 0.040318
1 0.400285 0.964264 0.047092 0.028711
1 0.534071 0.946854 0.028541 0.047648
1 0.646093 0.930971 0.023546 0.068418
