1 0.679818 0.991667 0.022656 0.016667
1 0.684245 0.984259 0.020052 0.027778
1 0.687500 0.980324 0.019792 0.023611
1 0.686849 0.972222 0.020052 0.021296
1 0.687891 0.967130 0.019531 0.023148
1 0.690625 0.958565 0.020313 0.024537
1 0.693750 0.951620 0.017708 0.019907
1 0.696094 0.946528 0.021875 0.024537
1 0.698698 0.937037 0.021875 0.025926
1 0.697396 0.926157 0.019271 0.027315
0 0.649349 0.947454 0.014323 0.029167
1 0.704948 0.919907 0.017708 0.022222
1 0.704948 0.911806 0.021354 0.023611
1 0.665495 0.936343 0.014844 0.031019
1 0.670703 0.922917 0.019010 0.030093
1 0.666146 0.913194 0.014583 0.028241
0 0.673177 0.898380 0.012500 0.031944
1 0.674870 0.884722 0.014323 0.040741
1 0.707552 0.905556 0.017708 0.023148
1 0.706901 0.896296 0.023177 0.025000
1 0.708594 0.883333 0.021875 0.029630
1 0.713021 0.875694 0.021354 0.024537
0 0.714453 0.869444 0.022656 0.027778
1 0.712370 0.862269 0.020573 0.022685
0 0.681120 0.862037 0.014844 0.037037
1 0.675000 0.847454 0.013021 0.040278
1 0.714323 0.852546 0.021354 0.026389
1 0.724870 0.841667 0.024219 0.039815
1 0.456771 0.986806 0.008333 0.026389
1 0.459766 0.957870 0.010677 0.033333
1 0.425521 0.926620 0.009375 0.031944
1 0.455078 0.915046 0.009635 0.031944
1 0.462240 0.894444 0.011458 0.036111
1 0.469271 0.856481 0.009375 0.035185
0 0.454297 0.815972 0.024740 0.031944
0 0.404297 0.837731 0.008073 0.031019
0 0.490495 0.819444 0.010156 0.034259
0 0.466276 0.825231 0.011719 0.025463
1 0.761849 0.717130 0.029427 0.034259
1 0.738672 0.791667 0.026302 0.021296
1 0.740495 0.779861 0.026823 0.025463
1 0.738151 0.769907 0.029427 0.027778
1 0.745052 0.758565 0.025521 0.027315
1 0.749870 0.749769 0.027344 0.024537
1 0.752474 0.742361 0.023698 0.026389
1 0.756120 0.737731 0.023698 0.024537
1 0.757552 0.726157 0.027604 0.027315
1 0.723568 0.721296 0.011198 0.036111
1 0.701042 0.794444 0.010417 0.038889
1 0.697396 0.786343 0.014583 0.038426
1 0.686719 0.800231 0.015104 0.045833
1 0.671875 0.795602 0.013021 0.039352
1 0.660547 0.796759 0.011719 0.050000
0 0.651172 0.793519 0.011719 0.043519
0 0.707552 0.727083 0.008854 0.043056
1 0.701042 0.724306 0.011458 0.051389
1 0.689844 0.726157 0.010937 0.050463
0 0.680078 0.727083 0.010156 0.041204
1 0.671224 0.724074 0.014323 0.050926
1 0.659766 0.725231 0.013281 0.039352
1 0.647917 0.724306 0.015625 0.035648
1 0.641016 0.720833 0.012240 0.038889
1 0.627474 0.724074 0.011719 0.037037
1 0.643099 0.798380 0.010677 0.040278
1 0.633724 0.796296 0.011198 0.044444
1 0.623568 0.794444 0.013281 0.044444
1 0.612370 0.791204 0.013281 0.036111
1 0.604948 0.794444 0.011979 0.037963
1 0.596745 0.792130 0.014844 0.040741
1 0.586849 0.792824 0.012760 0.039352
1 0.580469 0.794444 0.016146 0.039815
1 0.566797 0.795833 0.012240 0.043519
1 0.551172 0.793056 0.010677 0.041667
0 0.619271 0.731481 0.009896 0.042593
0 0.614974 0.725231 0.010156 0.037500
0 0.608594 0.729630 0.008854 0.039815
1 0.597396 0.732407 0.018229 0.042593
1 0.586719 0.725694 0.018750 0.052315
1 0.574219 0.733333 0.012500 0.043519
1 0.566146 0.728009 0.010417 0.040278
0 0.556901 0.731019 0.011198 0.040741
0 0.548047 0.730787 0.011198 0.037500
1 0.539974 0.791204 0.010156 0.039815
0 0.532552 0.786111 0.010417 0.036111
1 0.525000 0.789815 0.011979 0.039815
0 0.516016 0.792593 0.008073 0.037037
0 0.504948 0.791667 0.008854 0.043519
0 0.497917 0.789120 0.009375 0.043981
0 0.476823 0.780556 0.009896 0.035185
1 0.539974 0.729398 0.014323 0.048611
0 0.527474 0.733102 0.007552 0.039352
1 0.520443 0.729630 0.011198 0.046296
1 0.510417 0.731019 0.012500 0.043519
1 0.498177 0.727778 0.011458 0.037037
1 0.486849 0.725231 0.014323 0.040278
0 0.476823 0.726389 0.008854 0.037963
1 0.468229 0.726389 0.011979 0.036111
1 0.467318 0.793519 0.011719 0.036111
1 0.448828 0.719907 0.012760 0.037037
1 0.391927 0.742593 0.014583 0.048148
0 0.404167 0.869676 0.009375 0.024537
1 0.373568 0.830556 0.029948 0.037037
1 0.363021 0.813194 0.026042 0.024537
1 0.334766 0.828935 0.024740 0.032870
0 0.338672 0.808796 0.025781 0.015741
1 0.305469 0.826852 0.027604 0.025926
1 0.310547 0.811806 0.027344 0.019907
1 0.277344 0.828472 0.015625 0.033796
1 0.276042 0.814120 0.021354 0.018981
1 0.194401 0.993519 0.011719 0.012963
0 0.204818 0.993981 0.007552 0.012037
1 0.207552 0.982870 0.014583 0.022222
1 0.191797 0.975694 0.011198 0.023611
1 0.209245 0.962731 0.008073 0.032870
1 0.201953 0.960880 0.008594 0.031019
1 0.189193 0.962731 0.009635 0.033796
1 0.178776 0.963657 0.010677 0.040278
1 0.202344 0.921759 0.011979 0.033333
1 0.191927 0.928241 0.017708 0.036111
1 0.177995 0.927083 0.014323 0.031019
1 0.164844 0.927546 0.018229 0.028241
1 0.151693 0.909722 0.012240 0.039815
1 0.163021 0.909491 0.012500 0.038426
0 0.172917 0.906944 0.009375 0.037037
0 0.177995 0.906481 0.010677 0.040741
0 0.184766 0.907639 0.009115 0.037500
1 0.190495 0.903241 0.010677 0.039815
1 0.132422 0.871528 0.025260 0.033796
0 0.144922 0.856944 0.017448 0.031481
1 0.155469 0.854861 0.018229 0.038426
1 0.168620 0.851620 0.023177 0.039352
1 0.772917 0.674306 0.027604 0.031944
1 0.778646 0.655093 0.028646 0.030556
1 0.783594 0.637269 0.034375 0.031019
1 0.786068 0.626620 0.032031 0.027315
1 0.790104 0.615046 0.030208 0.027315
1 0.794922 0.606019 0.029427 0.030556
1 0.726693 0.657407 0.014323 0.056481
1 0.716667 0.663194 0.013542 0.056019
1 0.704427 0.658796 0.010937 0.040741
1 0.693620 0.664352 0.014844 0.036111
1 0.679948 0.656481 0.012500 0.040741
1 0.667448 0.665509 0.013021 0.057870
1 0.651302 0.662269 0.013021 0.045833
1 0.654167 0.629630 0.033854 0.037037
0 0.640365 0.664120 0.010417 0.041204
0 0.633203 0.664120 0.010156 0.041204
1 0.623828 0.663657 0.012240 0.039352
1 0.611849 0.669444 0.014323 0.040741
0 0.602995 0.665509 0.010156 0.043981
1 0.594271 0.665972 0.012500 0.055093
0 0.585547 0.662731 0.010156 0.037500
0 0.577474 0.664583 0.010677 0.041204
1 0.568229 0.664120 0.012500 0.040278
0 0.551823 0.666435 0.009896 0.042130
1 0.543490 0.670833 0.010937 0.041667
1 0.530469 0.673611 0.017188 0.048148
1 0.520573 0.671528 0.015625 0.051389
1 0.506120 0.675231 0.017448 0.047685
1 0.496224 0.672917 0.017448 0.043981
1 0.483073 0.668981 0.011979 0.037037
1 0.476953 0.666204 0.012760 0.042593
0 0.467318 0.673380 0.011719 0.043981
1 0.443620 0.627546 0.017448 0.048611
1 0.329818 0.626852 0.038281 0.039815
1 0.294922 0.625694 0.029427 0.046759
1 0.348047 0.590741 0.032552 0.038889
1 0.318099 0.593981 0.034115 0.034259
1 0.279948 0.595139 0.030208 0.037500
1 0.249870 0.588657 0.013281 0.022685
1 0.804297 0.578009 0.030469 0.041204
1 0.801172 0.558796 0.034115 0.043519
1 0.813672 0.548843 0.032031 0.040278
1 0.817448 0.526157 0.035417 0.034722
1 0.821094 0.514583 0.032813 0.031944
1 0.822396 0.500231 0.036979 0.044907
1 0.726042 0.578009 0.019792 0.063426
1 0.686198 0.578241 0.016667 0.048148
1 0.671224 0.575694 0.013281 0.053241
1 0.659896 0.571296 0.015625 0.049074
1 0.644141 0.581019 0.016927 0.058333
1 0.628776 0.578009 0.015365 0.061574
1 0.723828 0.535417 0.036198 0.039352
1 0.729297 0.522454 0.036719 0.043981
1 0.693099 0.533333 0.028906 0.037963
1 0.659896 0.537269 0.034375 0.035648
1 0.661849 0.525231 0.036719 0.040278
0 0.624219 0.525231 0.032813 0.034722
1 0.632422 0.511806 0.035156 0.035648
1 0.585677 0.529630 0.033854 0.049074
1 0.587500 0.585417 0.015625 0.061574
1 0.573828 0.584491 0.015885 0.062500
1 0.563021 0.581019 0.018750 0.051852
1 0.551823 0.575694 0.012500 0.056019
0 0.540495 0.574306 0.013281 0.053241
0 0.529948 0.578472 0.016146 0.051389
1 0.521094 0.587269 0.012500 0.051389
0 0.495052 0.579630 0.011458 0.054630
1 0.483724 0.582407 0.017448 0.056481
0 0.471745 0.581481 0.010677 0.056481
1 0.537500 0.532407 0.034375 0.035185
1 0.544922 0.519907 0.036719 0.045370
1 0.513672 0.512269 0.029948 0.056019
0 0.491797 0.507407 0.013281 0.050926
1 0.471224 0.506481 0.024219 0.061111
1 0.511849 0.493056 0.025260 0.054630
1 0.570052 0.476157 0.032292 0.050463
1 0.458594 0.578241 0.016146 0.060185
1 0.441146 0.561806 0.015625 0.047685
1 0.419141 0.577778 0.015365 0.062963
1 0.424740 0.482639 0.019271 0.049537
0 0.927344 0.424769 0.041146 0.040278
1 0.922526 0.396759 0.042448 0.054630
1 0.973568 0.428009 0.036198 0.047685
1 0.830469 0.464120 0.040625 0.045833
1 0.876693 0.387500 0.025781 0.050000
1 0.855469 0.397454 0.021354 0.054167
1 0.842578 0.398148 0.019010 0.059259
0 0.827995 0.395370 0.030469 0.056481
1 0.807943 0.406481 0.019531 0.070370
1 0.793099 0.404630 0.023177 0.062037
0 0.779167 0.403472 0.017708 0.054167
1 0.764193 0.407407 0.016927 0.075000
1 0.743099 0.408333 0.024219 0.075000
1 0.732422 0.481944 0.036719 0.039815
1 0.694401 0.485880 0.037240 0.042130
1 0.726042 0.424306 0.017188 0.065278
1 0.708724 0.428009 0.020573 0.071759
1 0.692318 0.425231 0.021615 0.065278
1 0.681250 0.421991 0.016667 0.054167
0 0.668620 0.423611 0.016406 0.061111
1 0.652995 0.432870 0.016406 0.074074
1 0.573698 0.423843 0.013021 0.067130
1 0.561328 0.424769 0.015885 0.065278
1 0.548177 0.420833 0.016146 0.054630
1 0.516016 0.412269 0.014323 0.055093
1 0.501172 0.421759 0.016927 0.071296
1 0.487500 0.425694 0.018750 0.068981
1 0.471745 0.427546 0.014323 0.068056
1 0.462500 0.416204 0.011458 0.072222
0 0.452474 0.428009 0.014323 0.049537
1 0.413672 0.423843 0.018490 0.075463
1 0.374349 0.377083 0.021615 0.063426
1 0.904948 0.347917 0.025000 0.080093
1 0.886068 0.349769 0.023698 0.068056
1 0.867448 0.348843 0.022917 0.072685
0 0.851172 0.343981 0.022656 0.069444
1 0.835417 0.339120 0.021875 0.070833
1 0.813802 0.355556 0.026562 0.072222
0 0.791667 0.355093 0.015625 0.069444
0 0.763672 0.353009 0.020052 0.069907
0 0.746615 0.357407 0.016667 0.066667
0 0.718750 0.388194 0.036979 0.048611
1 0.733594 0.355093 0.018229 0.067593
1 0.719401 0.353009 0.020052 0.062500
1 0.702344 0.334954 0.024479 0.064352
1 0.685417 0.366667 0.018750 0.073148
0 0.669401 0.365046 0.016927 0.069907
1 0.654297 0.361806 0.016927 0.070833
1 0.629948 0.353241 0.019271 0.070370
1 0.616146 0.354167 0.021875 0.062963
1 0.596094 0.368519 0.018229 0.069444
1 0.644401 0.309954 0.042448 0.043056
1 0.576693 0.361343 0.014323 0.068056
1 0.561068 0.357870 0.016927 0.071296
1 0.546094 0.358796 0.018750 0.069444
1 0.528125 0.366667 0.019271 0.074074
1 0.510026 0.365972 0.016927 0.078241
1 0.491667 0.364583 0.018750 0.069907
1 0.476823 0.362731 0.018750 0.073611
0 0.458073 0.360417 0.017188 0.067130
1 0.516797 0.297222 0.043490 0.042593
1 0.419271 0.365278 0.031771 0.062963
1 0.413021 0.307870 0.018750 0.059259
1 0.426823 0.270370 0.044271 0.044444
1 0.371745 0.281481 0.023698 0.051852
1 0.327865 0.263657 0.044271 0.066204
1 0.275391 0.282870 0.048698 0.053704
1 0.230599 0.277546 0.040365 0.043981
1 0.242448 0.244907 0.047396 0.052778
1 0.293620 0.222685 0.030469 0.075000
1 0.255078 0.208102 0.047135 0.038426
1 0.202995 0.204630 0.042448 0.035185
1 0.178646 0.233796 0.039583 0.046296
1 0.185026 0.278472 0.050260 0.044907
1 0.128776 0.282870 0.051302 0.040741
1 0.112240 0.215741 0.051042 0.048148
1 0.947396 0.214352 0.034896 0.087963
1 0.944922 0.198380 0.027344 0.073611
1 0.926823 0.206019 0.028646 0.102778
1 0.898828 0.216204 0.042969 0.075000
1 0.896224 0.195370 0.034635 0.089815
1 0.869271 0.201157 0.024479 0.096759
1 0.838542 0.218056 0.027083 0.084259
1 0.823047 0.214120 0.022135 0.088426
1 0.807292 0.220833 0.028125 0.092593
1 0.783073 0.211806 0.021875 0.077315
1 0.746615 0.222454 0.027083 0.079167
1 0.729818 0.221296 0.026823 0.079630
1 0.708203 0.220370 0.024219 0.075000
1 0.691016 0.230556 0.023698 0.091667
1 0.682292 0.224306 0.021875 0.079167
0 0.665495 0.218981 0.016406 0.069444
1 0.647917 0.218519 0.021875 0.065741
1 0.626693 0.221991 0.021615 0.066204
1 0.592969 0.225231 0.016146 0.067130
1 0.578646 0.244444 0.019792 0.062037
1 0.563542 0.222685 0.019792 0.083333
1 0.547396 0.230093 0.019792 0.066667
0 0.530078 0.218981 0.014323 0.067593
1 0.519141 0.223611 0.016927 0.047222
1 0.506771 0.202546 0.017708 0.084722
1 0.491797 0.206944 0.018490 0.070370
1 0.475521 0.208102 0.016667 0.088426
1 0.438151 0.195370 0.020573 0.099074
1 0.407422 0.211343 0.020573 0.092130
1 0.945703 0.115046 0.040365 0.088426
1 0.927865 0.101852 0.039062 0.088889
1 0.902604 0.113657 0.029167 0.097685
1 0.861979 0.136806 0.034896 0.084722
1 0.900000 0.062731 0.058333 0.069907
1 0.823177 0.090972 0.061979 0.080093
1 0.790104 0.152083 0.028125 0.093981
1 0.765625 0.144444 0.025000 0.078704
1 0.724870 0.139583 0.019531 0.086574
1 0.710677 0.132639 0.021875 0.086574
1 0.689323 0.140509 0.019792 0.084722
1 0.671875 0.135417 0.019792 0.090278
1 0.655469 0.133796 0.023958 0.081481
1 0.636328 0.145370 0.020052 0.080556
1 0.606250 0.141435 0.028125 0.084722
1 0.584245 0.148380 0.026302 0.085648
1 0.563021 0.145370 0.021354 0.084259
1 0.540365 0.136111 0.020313 0.063889
1 0.525521 0.148380 0.021875 0.081019
0 0.503516 0.138657 0.016406 0.084722
1 0.480469 0.126157 0.033333 0.087500
1 0.534896 0.088194 0.052604 0.056019
1 0.579167 0.049769 0.056250 0.058796
1 0.311068 0.138194 0.022135 0.080093
1 0.339844 0.122685 0.024479 0.087037
1 0.367969 0.125694 0.022396 0.066204
1 0.400000 0.112269 0.023958 0.068981
0 0.768620 0.020833 0.055990 0.041667
1 0.610547 0.014583 0.047656 0.029167
1 0.474219 0.025231 0.028646 0.049537
1 0.360026 0.035648 0.023698 0.071296
