1 0.354167 0.019444 0.006771 0.017593
1 0.379818 0.033796 0.014844 0.021296
1 0.373437 0.098843 0.022396 0.018056
0 0.372917 0.120370 0.016667 0.014815
1 0.415365 0.031019 0.008854 0.040741
0 0.431641 0.035880 0.007552 0.020833
0 0.450781 0.021759 0.008333 0.023148
0 0.465885 0.020833 0.010417 0.041667
0 0.457682 0.044444 0.005469 0.011111
0 0.442839 0.064120 0.008073 0.020833
0 0.408854 0.076852 0.007292 0.025000
1 0.417708 0.085880 0.007292 0.020833
1 0.430339 0.087269 0.007031 0.033796
1 0.409635 0.132870 0.008333 0.031481
0 0.422917 0.130556 0.006250 0.032407
1 0.438411 0.120139 0.008594 0.034722
1 0.448307 0.142593 0.008073 0.041667
1 0.439714 0.163657 0.008073 0.035648
1 0.428906 0.174306 0.008333 0.031944
1 0.415365 0.173380 0.008854 0.034722
0 0.371615 0.208333 0.018229 0.015741
0 0.405208 0.220833 0.006771 0.031481
1 0.362240 0.232639 0.009896 0.040278
1 0.423438 0.220370 0.008854 0.032407
1 0.435417 0.224306 0.009375 0.035648
1 0.443359 0.205556 0.008073 0.040741
1 0.411979 0.244444 0.008854 0.029630
1 0.418359 0.260880 0.010156 0.041204
1 0.445312 0.277083 0.008333 0.018981
1 0.408333 0.288657 0.009375 0.035648
1 0.423438 0.300694 0.009375 0.028241
1 0.436589 0.306481 0.008594 0.031481
1 0.352734 0.298380 0.011719 0.036574
0 0.370443 0.293056 0.016927 0.021296
1 0.402865 0.336343 0.008854 0.032870
1 0.430208 0.329630 0.009375 0.037037
0 0.410286 0.359028 0.007552 0.027315
1 0.401042 0.394444 0.008854 0.015741
1 0.426563 0.363194 0.009375 0.035648
1 0.436979 0.359259 0.006771 0.032407
0 0.413542 0.397917 0.009375 0.033796
1 0.403255 0.419907 0.008073 0.028704
0 0.422786 0.412731 0.008073 0.032870
1 0.436979 0.429630 0.009375 0.032407
1 0.450130 0.425231 0.007552 0.018981
1 0.452214 0.457407 0.007552 0.017593
1 0.457813 0.482407 0.007292 0.030556
0 0.441667 0.471528 0.008333 0.032870
1 0.432031 0.482870 0.008854 0.032407
1 0.425260 0.449306 0.008333 0.034722
1 0.407161 0.466204 0.007552 0.031481
1 0.416536 0.491204 0.008073 0.029630
1 0.425781 0.508565 0.007812 0.028241
1 0.442188 0.524306 0.008333 0.015278
1 0.369531 0.429167 0.008333 0.033333
1 0.355990 0.469444 0.008854 0.030556
1 0.335417 0.484491 0.013021 0.014352
1 0.333984 0.537731 0.013802 0.023611
1 0.363281 0.548843 0.015104 0.023611
1 0.348307 0.577083 0.007031 0.031944
1 0.420833 0.533565 0.006771 0.028241
1 0.402214 0.590046 0.010677 0.031944
1 0.410286 0.586343 0.008594 0.027315
1 0.433984 0.544907 0.008073 0.033333
1 0.433333 0.585417 0.009375 0.036574
1 0.427214 0.614815 0.014323 0.028704
1 0.407031 0.623380 0.007812 0.032870
1 0.361589 0.628472 0.008594 0.033796
1 0.524609 0.614815 0.014323 0.021296
0 0.507812 0.634722 0.013542 0.023148
0 0.479036 0.640278 0.007031 0.033333
1 0.472786 0.601157 0.008073 0.028241
1 0.469010 0.631481 0.013021 0.015741
1 0.452865 0.646759 0.009375 0.037037
1 0.436589 0.684954 0.014323 0.018056
1 0.496094 0.643056 0.007812 0.025926
1 0.486589 0.642130 0.007031 0.033333
0 0.546615 0.664120 0.012500 0.018981
1 0.301563 0.537269 0.007292 0.029167
1 0.282161 0.541667 0.008073 0.026852
1 0.257943 0.541204 0.008594 0.025926
1 0.164714 0.534491 0.010156 0.031019
1 0.178516 0.538657 0.009635 0.028241
1 0.199479 0.537269 0.015104 0.023611
1 0.210938 0.544907 0.009375 0.019444
1 0.095964 0.534259 0.010677 0.033333
1 0.079557 0.535417 0.013802 0.033796
1 0.483854 0.584259 0.008333 0.025000
0 0.602214 0.622454 0.011198 0.027315
0 0.634766 0.624769 0.013281 0.031019
1 0.619661 0.617593 0.010677 0.022222
1 0.686068 0.546528 0.008073 0.032870
1 0.706510 0.549306 0.009375 0.034722
1 0.715234 0.550694 0.009635 0.031019
1 0.727083 0.551157 0.010937 0.029167
1 0.733464 0.549769 0.010156 0.027315
1 0.759115 0.547917 0.010417 0.029167
1 0.772005 0.553009 0.009635 0.033796
1 0.731641 0.644213 0.010156 0.036574
0 0.789062 0.631944 0.010417 0.032407
1 0.807813 0.635417 0.011979 0.033796
1 0.813411 0.627546 0.010156 0.028241
1 0.824089 0.631019 0.007031 0.027778
1 0.839063 0.635880 0.012500 0.037500
1 0.853385 0.654167 0.009375 0.033333
1 0.892188 0.644676 0.013542 0.035648
1 0.900260 0.657407 0.011979 0.032407
0 0.912240 0.647917 0.010417 0.031019
0 0.929167 0.654167 0.012500 0.034259
1 0.978255 0.811343 0.008073 0.032870
1 0.964844 0.810880 0.010937 0.031944
1 0.957812 0.806019 0.013021 0.034259
1 0.948438 0.800694 0.012500 0.033796
1 0.927734 0.710880 0.011198 0.036574
1 0.882812 0.734259 0.024479 0.016667
1 0.890365 0.749306 0.017708 0.017130
1 0.912891 0.802083 0.010677 0.029167
1 0.894010 0.791204 0.015104 0.032407
1 0.827214 0.730324 0.019531 0.013426
0 0.842708 0.691667 0.010937 0.032407
0 0.853255 0.697917 0.009635 0.032870
1 0.803255 0.839583 0.006510 0.038426
0 0.810417 0.837731 0.006250 0.032870
0 0.828516 0.801157 0.008594 0.032870
1 0.836589 0.843519 0.007552 0.030556
1 0.850391 0.844444 0.009115 0.041667
1 0.881641 0.844444 0.010156 0.038889
1 0.888542 0.841667 0.009375 0.029630
1 0.969792 0.848380 0.013542 0.036574
1 0.966016 0.957407 0.011198 0.033333
1 0.932161 0.952546 0.010156 0.032870
1 0.918359 0.949769 0.010677 0.034722
1 0.900391 0.943519 0.010677 0.035185
1 0.826042 0.949769 0.013021 0.031019
0 0.812109 0.950231 0.014323 0.028241
1 0.758464 0.947917 0.010156 0.035648
1 0.786979 0.954630 0.010937 0.032407
1 0.768359 0.763889 0.016927 0.024074
1 0.732812 0.785880 0.008333 0.024537
1 0.722266 0.762269 0.010677 0.032870
1 0.697656 0.774306 0.010937 0.028241
1 0.694661 0.745139 0.011198 0.036574
1 0.705859 0.657407 0.009635 0.030556
0 0.740885 0.693056 0.009375 0.033333
0 0.748958 0.693519 0.009375 0.034259
0 0.677214 0.691204 0.010156 0.030556
0 0.629036 0.683796 0.004948 0.032407
0 0.624740 0.683796 0.005729 0.033333
0 0.621484 0.684491 0.004427 0.031944
0 0.619010 0.683333 0.004687 0.032407
0 0.615234 0.682407 0.004948 0.031481
0 0.610286 0.681944 0.008073 0.031481
0 0.606510 0.681019 0.005208 0.031481
0 0.603385 0.680556 0.005729 0.032407
0 0.599609 0.681019 0.004948 0.032407
0 0.596484 0.682407 0.004427 0.032407
0 0.592839 0.687269 0.005469 0.030093
0 0.590885 0.681481 0.005729 0.031481
0 0.585938 0.686806 0.005729 0.031019
0 0.580208 0.686806 0.006250 0.029167
0 0.653906 0.734954 0.013021 0.029167
0 0.640755 0.733102 0.008073 0.033796
0 0.631641 0.731944 0.007031 0.032407
0 0.557813 0.733102 0.017708 0.011574
0 0.555859 0.756019 0.017448 0.009259
0 0.563932 0.782176 0.017969 0.014352
0 0.568229 0.903009 0.017188 0.019907
1 0.557161 0.838194 0.016927 0.018981
0 0.570182 0.993519 0.007031 0.012037
1 0.480990 0.895833 0.006771 0.021296
1 0.468490 0.985880 0.009375 0.028241
1 0.451432 0.977778 0.012760 0.029630
0 0.432812 0.966667 0.006771 0.029630
1 0.416406 0.959259 0.011458 0.034259
0 0.387109 0.990741 0.007552 0.018519
1 0.402734 0.925231 0.010156 0.031944
1 0.339062 0.964583 0.012500 0.027315
1 0.338932 0.932407 0.011198 0.029630
1 0.356510 0.932870 0.011979 0.030556
1 0.368490 0.904398 0.010417 0.035648
1 0.353385 0.880093 0.009375 0.030556
1 0.346615 0.873380 0.009896 0.031019
1 0.374740 0.848843 0.009896 0.032870
1 0.358984 0.825231 0.009115 0.033796
1 0.345964 0.819444 0.010156 0.034259
1 0.432682 0.931019 0.008073 0.031481
1 0.422266 0.905556 0.008073 0.034259
1 0.412760 0.880556 0.008854 0.035185
1 0.407943 0.850231 0.009115 0.031944
1 0.422786 0.849306 0.008073 0.031944
1 0.429688 0.832407 0.008854 0.033333
1 0.439714 0.844907 0.007552 0.031481
1 0.457682 0.854167 0.008073 0.031481
1 0.437109 0.886343 0.007552 0.031944
1 0.452865 0.911343 0.009375 0.032870
1 0.465234 0.919907 0.008073 0.030556
1 0.352214 0.701852 0.010156 0.035185
1 0.349609 0.736343 0.009115 0.033796
1 0.368880 0.711806 0.008073 0.032870
1 0.364583 0.757870 0.009375 0.032407
1 0.375260 0.763194 0.008854 0.032870
1 0.357292 0.787731 0.007812 0.029167
1 0.377734 0.799769 0.008073 0.033796
1 0.413411 0.790046 0.008073 0.031019
1 0.422786 0.793519 0.005990 0.029630
1 0.432161 0.790278 0.007552 0.032407
1 0.445312 0.771296 0.007292 0.031481
1 0.457943 0.803009 0.008594 0.034722
1 0.418880 0.744444 0.008594 0.034259
