1 0.351302 0.019444 0.006771 0.017593
1 0.376953 0.033796 0.014844 0.021296
1 0.370573 0.098843 0.022396 0.018056
0 0.370052 0.120370 0.016667 0.014815
1 0.412500 0.031019 0.008854 0.040741
0 0.428776 0.035880 0.007552 0.020833
0 0.447917 0.021759 0.008333 0.023148
0 0.463021 0.020833 0.010417 0.041667
0 0.454818 0.044444 0.005469 0.011111
0 0.439974 0.064120 0.008073 0.020833
0 0.405990 0.076852 0.007292 0.025000
1 0.414844 0.085880 0.007292 0.020833
1 0.427474 0.087269 0.007031 0.033796
1 0.406771 0.132870 0.008333 0.031481
0 0.420052 0.130556 0.006250 0.032407
1 0.435547 0.120139 0.008594 0.034722
1 0.445443 0.142593 0.008073 0.041667
1 0.436849 0.163657 0.008073 0.035648
1 0.426042 0.174306 0.008333 0.031944
1 0.412500 0.173380 0.008854 0.034722
0 0.368750 0.208333 0.018229 0.015741
0 0.402344 0.220833 0.006771 0.031481
1 0.359375 0.232639 0.009896 0.040278
1 0.420573 0.220370 0.008854 0.032407
1 0.432552 0.224306 0.009375 0.035648
1 0.440495 0.205556 0.008073 0.040741
1 0.409115 0.244444 0.008854 0.029630
1 0.415495 0.260880 0.010156 0.041204
1 0.442448 0.277083 0.008333 0.018981
1 0.405469 0.288657 0.009375 0.035648
1 0.420573 0.300694 0.009375 0.028241
1 0.433724 0.306481 0.008594 0.031481
1 0.349870 0.298380 0.011719 0.036574
0 0.367578 0.293056 0.016927 0.021296
1 0.400000 0.336343 0.008854 0.032870
1 0.427344 0.329630 0.009375 0.037037
0 0.407422 0.359028 0.007552 0.027315
1 0.398177 0.394444 0.008854 0.015741
1 0.423698 0.363194 0.009375 0.035648
1 0.434115 0.359259 0.006771 0.032407
0 0.410677 0.397917 0.009375 0.033796
1 0.400391 0.419907 0.008073 0.028704
0 0.419922 0.412731 0.008073 0.032870
1 0.434115 0.429630 0.009375 0.032407
1 0.447266 0.425231 0.007552 0.018981
1 0.449349 0.457407 0.007552 0.017593
1 0.454948 0.482407 0.007292 0.030556
0 0.438802 0.471528 0.008333 0.032870
1 0.429167 0.482870 0.008854 0.032407
1 0.422396 0.449306 0.008333 0.034722
1 0.404297 0.466204 0.007552 0.031481
1 0.413672 0.491204 0.008073 0.029630
1 0.422917 0.508565 0.007812 0.028241
1 0.439323 0.524306 0.008333 0.015278
1 0.366667 0.429167 0.008333 0.033333
1 0.353125 0.469444 0.008854 0.030556
1 0.332552 0.484491 0.013021 0.014352
1 0.331120 0.537731 0.013802 0.023611
1 0.360417 0.548843 0.015104 0.023611
1 0.345443 0.577083 0.007031 0.031944
1 0.417969 0.533565 0.006771 0.028241
1 0.399349 0.590046 0.010677 0.031944
1 0.407422 0.586343 0.008594 0.027315
1 0.431120 0.544907 0.008073 0.033333
1 0.430469 0.585417 0.009375 0.036574
1 0.424349 0.614815 0.014323 0.028704
1 0.404167 0.623380 0.007812 0.032870
1 0.358724 0.628472 0.008594 0.033796
1 0.521745 0.614815 0.014323 0.021296
0 0.504948 0.634722 0.013542 0.023148
0 0.476172 0.640278 0.007031 0.033333
1 0.469922 0.601157 0.008073 0.028241
1 0.466146 0.631481 0.013021 0.015741
1 0.450000 0.646759 0.009375 0.037037
1 0.433724 0.684954 0.014323 0.018056
1 0.493229 0.643056 0.007812 0.025926
1 0.483724 0.642130 0.007031 0.033333
0 0.543750 0.664120 0.012500 0.018981
1 0.298698 0.537269 0.007292 0.029167
1 0.279297 0.541667 0.008073 0.026852
1 0.255078 0.541204 0.008594 0.025926
1 0.161849 0.534491 0.010156 0.031019
1 0.175651 0.538657 0.009635 0.028241
1 0.196615 0.537269 0.015104 0.023611
1 0.208073 0.544907 0.009375 0.019444
1 0.093099 0.534259 0.010677 0.033333
1 0.076693 0.535417 0.013802 0.033796
1 0.480990 0.584259 0.008333 0.025000
0 0.599349 0.622454 0.011198 0.027315
0 0.631901 0.624769 0.013281 0.031019
1 0.616797 0.617593 0.010677 0.022222
1 0.683203 0.546528 0.008073 0.032870
1 0.703646 0.549306 0.009375 0.034722
1 0.712370 0.550694 0.009635 0.031019
1 0.724219 0.551157 0.010937 0.029167
1 0.730599 0.549769 0.010156 0.027315
1 0.756250 0.547917 0.010417 0.029167
1 0.769141 0.553009 0.009635 0.033796
1 0.728776 0.644213 0.010156 0.036574
0 0.786198 0.631944 0.010417 0.032407
1 0.804948 0.635417 0.011979 0.033796
1 0.810547 0.627546 0.010156 0.028241
1 0.821224 0.631019 0.007031 0.027778
1 0.836198 0.635880 0.012500 0.037500
1 0.850521 0.654167 0.009375 0.033333
1 0.889323 0.644676 0.013542 0.035648
1 0.897396 0.657407 0.011979 0.032407
0 0.909375 0.647917 0.010417 0.031019
0 0.926302 0.654167 0.012500 0.034259
1 0.975391 0.811343 0.008073 0.032870
1 0.961979 0.810880 0.010937 0.031944
1 0.954948 0.806019 0.013021 0.034259
1 0.945573 0.800694 0.012500 0.033796
1 0.924870 0.710880 0.011198 0.036574
1 0.879948 0.734259 0.024479 0.016667
1 0.887500 0.749306 0.017708 0.017130
1 0.910026 0.802083 0.010677 0.029167
1 0.891146 0.791204 0.015104 0.032407
1 0.824349 0.730324 0.019531 0.013426
0 0.839844 0.691667 0.010937 0.032407
0 0.850391 0.697917 0.009635 0.032870
1 0.800391 0.839583 0.006510 0.038426
0 0.807552 0.837731 0.006250 0.032870
0 0.825651 0.801157 0.008594 0.032870
1 0.833724 0.843519 0.007552 0.030556
1 0.847526 0.844444 0.009115 0.041667
1 0.878776 0.844444 0.010156 0.038889
1 0.885677 0.841667 0.009375 0.029630
1 0.966927 0.848380 0.013542 0.036574
1 0.963151 0.957407 0.011198 0.033333
1 0.929297 0.952546 0.010156 0.032870
1 0.915495 0.949769 0.010677 0.034722
1 0.897526 0.943519 0.010677 0.035185
1 0.823177 0.949769 0.013021 0.031019
0 0.809245 0.950231 0.014323 0.028241
1 0.755599 0.947917 0.010156 0.035648
1 0.784115 0.954630 0.010937 0.032407
1 0.765495 0.763889 0.016927 0.024074
1 0.729948 0.785880 0.008333 0.024537
1 0.719401 0.762269 0.010677 0.032870
1 0.694792 0.774306 0.010937 0.028241
1 0.691797 0.745139 0.011198 0.036574
1 0.702995 0.657407 0.009635 0.030556
0 0.738021 0.693056 0.009375 0.033333
0 0.746094 0.693519 0.009375 0.034259
0 0.674349 0.691204 0.010156 0.030556
0 0.626172 0.683796 0.004948 0.032407
0 0.621875 0.683796 0.005729 0.033333
0 0.618620 0.684491 0.004427 0.031944
0 0.616146 0.683333 0.004687 0.032407
0 0.612370 0.682407 0.004948 0.031481
0 0.607422 0.681944 0.008073 0.031481
0 0.603646 0.681019 0.005208 0.031481
0 0.600521 0.680556 0.005729 0.032407
0 0.596745 0.681019 0.004948 0.032407
0 0.593620 0.682407 0.004427 0.032407
0 0.589974 0.687269 0.005469 0.030093
0 0.588021 0.681481 0.005729 0.031481
0 0.583073 0.686806 0.005729 0.031019
0 0.577344 0.686806 0.006250 0.029167
0 0.651042 0.734954 0.013021 0.029167
0 0.637891 0.733102 0.008073 0.033796
0 0.628776 0.731944 0.007031 0.032407
0 0.554948 0.733102 0.017708 0.011574
0 0.552995 0.756019 0.017448 0.009259
0 0.561068 0.782176 0.017969 0.014352
0 0.565365 0.903009 0.017188 0.019907
1 0.554297 0.838194 0.016927 0.018981
0 0.567318 0.993519 0.007031 0.012037
1 0.478125 0.895833 0.006771 0.021296
1 0.465625 0.985880 0.009375 0.028241
1 0.448568 0.977778 0.012760 0.029630
0 0.429948 0.966667 0.006771 0.029630
1 0.413542 0.959259 0.011458 0.034259
0 0.384245 0.990741 0.007552 0.018519
1 0.399870 0.925231 0.010156 0.031944
1 0.336198 0.964583 0.012500 0.027315
1 0.336068 0.932407 0.011198 0.029630
1 0.353646 0.932870 0.011979 0.030556
1 0.365625 0.904398 0.010417 0.035648
1 0.350521 0.880093 0.009375 0.030556
1 0.343750 0.873380 0.009896 0.031019
1 0.371875 0.848843 0.009896 0.032870
1 0.356120 0.825231 0.009115 0.033796
1 0.343099 0.819444 0.010156 0.034259
1 0.429818 0.931019 0.008073 0.031481
1 0.419401 0.905556 0.008073 0.034259
1 0.409896 0.880556 0.008854 0.035185
1 0.405078 0.850231 0.009115 0.031944
1 0.419922 0.849306 0.008073 0.031944
1 0.426823 0.832407 0.008854 0.033333
1 0.436849 0.844907 0.007552 0.031481
1 0.454818 0.854167 0.008073 0.031481
1 0.434245 0.886343 0.007552 0.031944
1 0.450000 0.911343 0.009375 0.032870
1 0.462370 0.919907 0.008073 0.030556
1 0.349349 0.701852 0.010156 0.035185
1 0.346745 0.736343 0.009115 0.033796
1 0.366016 0.711806 0.008073 0.032870
1 0.361719 0.757870 0.009375 0.032407
1 0.372396 0.763194 0.008854 0.032870
1 0.354427 0.787731 0.007812 0.029167
1 0.374870 0.799769 0.008073 0.033796
1 0.410547 0.790046 0.008073 0.031019
1 0.419922 0.793519 0.005990 0.029630
1 0.429297 0.790278 0.007552 0.032407
1 0.442448 0.771296 0.007292 0.031481
1 0.455078 0.803009 0.008594 0.034722
1 0.416016 0.744444 0.008594 0.034259
