1 0.389604 0.050113 0.007111 0.016421
1 0.414155 0.065402 0.014900 0.019819
1 0.406028 0.124292 0.022350 0.017554
0 0.404843 0.144111 0.016593 0.014156
1 0.448696 0.065968 0.008805 0.037939
0 0.464443 0.071914 0.007789 0.019253
0 0.483407 0.060589 0.008466 0.021518
0 0.497968 0.061155 0.010498 0.038505
0 0.489502 0.081823 0.005757 0.010759
0 0.474433 0.098528 0.008127 0.019253
0 0.440908 0.107305 0.007450 0.023216
1 0.449374 0.116365 0.007450 0.019819
1 0.461734 0.118630 0.007111 0.031144
1 0.440061 0.158550 0.008466 0.029445
0 0.453268 0.157701 0.006434 0.030011
1 0.468507 0.149207 0.008466 0.032276
1 0.477481 0.170725 0.008127 0.039071
1 0.468337 0.189128 0.008127 0.032843
1 0.457670 0.197905 0.008466 0.030011
1 0.444633 0.196206 0.008805 0.032276
0 0.401118 0.224236 0.017948 0.014723
0 0.433288 0.238392 0.007111 0.029445
1 0.391297 0.245187 0.009821 0.037373
1 0.451067 0.239524 0.008805 0.030578
1 0.462580 0.244337 0.009482 0.033409
1 0.470708 0.227916 0.008127 0.037939
1 0.439214 0.260759 0.008805 0.027746
1 0.444971 0.276048 0.010159 0.037939
1 0.470538 0.293318 0.008466 0.018120
1 0.434473 0.300680 0.009482 0.032843
1 0.448696 0.312854 0.009482 0.026614
1 0.461226 0.319366 0.008805 0.029445
1 0.380122 0.304643 0.011852 0.033975
0 0.397392 0.301246 0.016593 0.020385
1 0.427701 0.343715 0.008805 0.030578
1 0.454453 0.340034 0.009482 0.034541
0 0.434135 0.364949 0.007450 0.025481
1 0.424145 0.396376 0.009143 0.014723
1 0.449712 0.370328 0.009482 0.032843
1 0.460041 0.367497 0.007111 0.030578
0 0.436167 0.400906 0.009482 0.031710
1 0.425669 0.419875 0.008127 0.026614
0 0.444633 0.415062 0.008127 0.030578
1 0.458009 0.431767 0.009143 0.030011
1 0.470877 0.428935 0.007789 0.017554
1 0.471893 0.458381 0.007789 0.016421
1 0.476803 0.481880 0.007450 0.028313
0 0.461395 0.470555 0.008466 0.030578
1 0.451744 0.479898 0.008805 0.030011
1 0.446156 0.448754 0.008466 0.032276
1 0.428039 0.462627 0.007450 0.029445
1 0.436505 0.486127 0.008127 0.027746
1 0.444802 0.502831 0.007789 0.026048
1 0.460379 0.518686 0.008466 0.014723
1 0.392652 0.425538 0.008466 0.031144
1 0.378259 0.460929 0.008805 0.028313
1 0.357941 0.472820 0.012868 0.013590
1 0.354893 0.521518 0.013546 0.022650
1 0.383000 0.534258 0.014900 0.022084
1 0.367592 0.558607 0.007111 0.030011
1 0.439214 0.525198 0.006773 0.026614
1 0.419573 0.575311 0.010836 0.029445
1 0.427531 0.572763 0.008466 0.025481
1 0.451744 0.536806 0.008127 0.030578
1 0.450051 0.573613 0.009482 0.033975
1 0.443278 0.599943 0.014223 0.026614
1 0.423298 0.605889 0.008127 0.030578
1 0.378937 0.606738 0.008805 0.031144
1 0.537758 0.608437 0.014223 0.019819
0 0.520826 0.625142 0.013546 0.021518
0 0.492550 0.627690 0.007111 0.031144
1 0.487640 0.591450 0.008127 0.026614
1 0.483237 0.618913 0.012868 0.014723
1 0.466983 0.631370 0.009482 0.033975
1 0.450051 0.664779 0.014223 0.016988
1 0.509143 0.631653 0.007789 0.024349
1 0.500000 0.629955 0.007111 0.031144
0 0.557569 0.655436 0.012530 0.017554
1 0.323400 0.518120 0.007450 0.027180
1 0.304436 0.520668 0.008127 0.025481
1 0.281070 0.518120 0.008805 0.023783
1 0.190654 0.503681 0.010159 0.028879
1 0.204030 0.508777 0.009821 0.026614
1 0.224348 0.509343 0.015239 0.022084
1 0.235354 0.517271 0.009482 0.018686
1 0.123942 0.497452 0.010836 0.031144
1 0.108026 0.497169 0.013546 0.031710
1 0.498984 0.577010 0.008466 0.023783
0 0.612767 0.622027 0.011175 0.025481
0 0.644260 0.627123 0.013207 0.028879
1 0.629868 0.619196 0.010836 0.020951
1 0.696241 0.560023 0.008127 0.030578
1 0.716221 0.564270 0.009482 0.032276
1 0.724517 0.566535 0.009821 0.028879
1 0.736031 0.567950 0.011175 0.027180
1 0.742296 0.567101 0.010159 0.025481
1 0.767186 0.567950 0.010498 0.027180
1 0.779546 0.573613 0.009482 0.031710
1 0.737894 0.653454 0.010159 0.033975
0 0.793938 0.646942 0.010498 0.030011
1 0.811886 0.652039 0.011852 0.031144
1 0.817474 0.645243 0.010159 0.026614
1 0.827802 0.649490 0.007111 0.026048
1 0.842364 0.655153 0.012530 0.035108
1 0.855740 0.672990 0.009482 0.031144
1 0.893667 0.667610 0.013546 0.032843
1 0.900948 0.680068 0.011852 0.030578
0 0.912801 0.672424 0.010498 0.028879
0 0.929055 0.679502 0.012530 0.031710
1 0.972232 0.827293 0.008127 0.030578
1 0.959194 0.825878 0.011175 0.030011
1 0.952591 0.820781 0.012868 0.032276
1 0.943617 0.815119 0.012530 0.031144
1 0.926007 0.731031 0.011175 0.033975
1 0.881815 0.748584 0.024382 0.015855
1 0.888757 0.763024 0.017271 0.016421
1 0.909076 0.813137 0.010498 0.027180
1 0.890958 0.801529 0.014900 0.030011
1 0.828141 0.740374 0.019302 0.013024
0 0.844226 0.706399 0.010836 0.030011
0 0.854216 0.712911 0.009821 0.030578
1 0.801558 0.837769 0.006773 0.035674
0 0.808500 0.836920 0.006434 0.030578
0 0.827125 0.805210 0.008466 0.030578
1 0.833728 0.844281 0.007450 0.028313
1 0.847105 0.846546 0.009143 0.038505
1 0.877413 0.849377 0.010159 0.036240
1 0.884186 0.847395 0.009482 0.027746
1 0.962919 0.860702 0.013207 0.033975
1 0.956146 0.959513 0.011175 0.031144
1 0.923468 0.952435 0.010159 0.030578
1 0.910091 0.948754 0.010498 0.032276
1 0.892821 0.941110 0.010498 0.032843
1 0.820522 0.940260 0.012868 0.028879
0 0.806976 0.939694 0.014223 0.026614
1 0.754826 0.932899 0.010159 0.033409
1 0.782425 0.941393 0.011175 0.030011
1 0.769895 0.765572 0.016593 0.022650
1 0.734677 0.782843 0.008466 0.023216
1 0.725195 0.760476 0.010498 0.030578
1 0.700982 0.769253 0.010836 0.026614
1 0.698781 0.742356 0.011175 0.033975
1 0.712326 0.663080 0.009821 0.028313
0 0.745344 0.698754 0.009482 0.030578
0 0.753132 0.699887 0.009482 0.031710
0 0.683542 0.691393 0.010498 0.028313
0 0.636979 0.680351 0.005418 0.030011
0 0.632746 0.680351 0.005757 0.031144
0 0.629529 0.680634 0.004741 0.029445
0 0.627328 0.679219 0.005080 0.030011
0 0.623603 0.678086 0.005080 0.028879
0 0.618862 0.677237 0.008466 0.029445
0 0.615306 0.676104 0.005418 0.029445
0 0.612259 0.675255 0.006095 0.030011
0 0.608534 0.675255 0.005418 0.030011
0 0.605486 0.676387 0.004741 0.030011
0 0.601761 0.680634 0.005418 0.028313
0 0.600068 0.674972 0.006095 0.029445
0 0.595157 0.679785 0.005757 0.028879
0 0.589401 0.678935 0.006434 0.027180
0 0.659668 0.729332 0.012868 0.027180
0 0.646800 0.726501 0.008127 0.031710
0 0.638165 0.724519 0.007111 0.030011
0 0.566542 0.719422 0.017609 0.010759
0 0.564003 0.740091 0.017271 0.009060
0 0.570945 0.764723 0.017609 0.014156
0 0.571622 0.875142 0.016932 0.018686
1 0.562648 0.815402 0.016593 0.018120
0 0.570775 0.958097 0.007111 0.011325
1 0.487132 0.861268 0.007111 0.020385
1 0.472401 0.942242 0.009482 0.026048
1 0.455977 0.933465 0.012530 0.027746
0 0.438198 0.921574 0.006773 0.027746
1 0.422621 0.913364 0.011514 0.031710
0 0.393159 0.939694 0.007450 0.017554
1 0.410261 0.881370 0.010498 0.030011
1 0.347274 0.911382 0.012530 0.025481
1 0.348290 0.882220 0.011175 0.027180
1 0.365222 0.884202 0.011852 0.028879
1 0.377751 0.859287 0.010498 0.033409
1 0.363698 0.835787 0.009482 0.028313
1 0.357264 0.829275 0.010159 0.028879
1 0.385371 0.809173 0.010159 0.030578
1 0.370640 0.786240 0.009143 0.031144
1 0.358280 0.779728 0.010159 0.031710
1 0.439214 0.889015 0.008127 0.029445
1 0.429732 0.864949 0.008127 0.032276
1 0.421267 0.841450 0.008805 0.032843
1 0.417541 0.813137 0.009482 0.029445
1 0.432103 0.813703 0.008127 0.029445
1 0.439214 0.798698 0.008805 0.031144
1 0.448527 0.811155 0.007789 0.028879
1 0.465628 0.821065 0.008127 0.029445
1 0.444802 0.848811 0.007789 0.029445
1 0.459194 0.873160 0.009482 0.030578
1 0.471046 0.881653 0.008127 0.028313
1 0.367762 0.672990 0.010159 0.032276
1 0.364206 0.704134 0.009143 0.031144
1 0.383678 0.683465 0.008127 0.030578
1 0.378259 0.725085 0.009482 0.030011
1 0.388419 0.731031 0.008805 0.030578
1 0.370132 0.751982 0.008127 0.027180
1 0.389773 0.764439 0.008127 0.031710
1 0.424653 0.759060 0.008127 0.028879
1 0.433458 0.762741 0.006095 0.027180
1 0.442770 0.760759 0.007789 0.030011
1 0.456146 0.744621 0.007450 0.029445
1 0.467491 0.774349 0.008466 0.032276
1 0.431256 0.717441 0.008466 0.031710
