1 0.636979 0.018981 0.006771 0.017593
1 0.611328 0.033333 0.014844 0.021296
1 0.617708 0.098380 0.022396 0.018056
0 0.618229 0.119907 0.016667 0.014815
1 0.575781 0.030556 0.008854 0.040741
0 0.559505 0.035417 0.007552 0.020833
0 0.540365 0.021296 0.008333 0.023148
0 0.525260 0.020602 0.010417 0.041204
0 0.533464 0.043981 0.005469 0.011111
0 0.548307 0.063657 0.008073 0.020833
0 0.582292 0.076389 0.007292 0.025000
1 0.573438 0.085417 0.007292 0.020833
1 0.560807 0.086806 0.007031 0.033796
1 0.581510 0.132407 0.008333 0.031481
0 0.568229 0.130093 0.006250 0.032407
1 0.552734 0.119676 0.008594 0.034722
1 0.542839 0.142130 0.008073 0.041667
1 0.551432 0.163194 0.008073 0.035648
1 0.562240 0.173843 0.008333 0.031944
1 0.575781 0.172917 0.008854 0.034722
0 0.619531 0.207870 0.018229 0.015741
0 0.585938 0.220370 0.006771 0.031481
1 0.628906 0.232176 0.009896 0.040278
1 0.567708 0.219907 0.008854 0.032407
1 0.555729 0.223843 0.009375 0.035648
1 0.547786 0.205093 0.008073 0.040741
1 0.579167 0.243981 0.008854 0.029630
1 0.572786 0.260417 0.010156 0.041204
1 0.545833 0.276620 0.008333 0.018981
1 0.582812 0.288194 0.009375 0.035648
1 0.567708 0.300231 0.009375 0.028241
1 0.554557 0.306019 0.008594 0.031481
1 0.638411 0.297917 0.011719 0.036574
0 0.620703 0.292593 0.016927 0.021296
1 0.588281 0.335880 0.008854 0.032870
1 0.560937 0.329167 0.009375 0.037037
0 0.580859 0.358565 0.007552 0.027315
1 0.590104 0.393981 0.008854 0.015741
1 0.564583 0.362731 0.009375 0.035648
1 0.554167 0.358796 0.006771 0.032407
0 0.577604 0.397454 0.009375 0.033796
1 0.587891 0.419444 0.008073 0.028704
0 0.568359 0.412269 0.008073 0.032870
1 0.554167 0.429167 0.009375 0.032407
1 0.541016 0.424769 0.007552 0.018981
1 0.538932 0.456944 0.007552 0.017593
1 0.533333 0.481944 0.007292 0.030556
0 0.549479 0.471065 0.008333 0.032870
1 0.559115 0.482407 0.008854 0.032407
1 0.565885 0.448843 0.008333 0.034722
1 0.583984 0.465741 0.007552 0.031481
1 0.574609 0.490741 0.008073 0.029630
1 0.565365 0.508102 0.007812 0.028241
1 0.548958 0.523843 0.008333 0.015278
1 0.621615 0.428704 0.008333 0.033333
1 0.635156 0.468981 0.008854 0.030556
1 0.655729 0.484028 0.013021 0.014352
1 0.657161 0.537269 0.013802 0.023611
1 0.627865 0.548380 0.015104 0.023611
1 0.642839 0.576620 0.007031 0.031944
1 0.570312 0.533102 0.006771 0.028241
1 0.588932 0.589583 0.010677 0.031944
1 0.580859 0.585880 0.008594 0.027315
1 0.557161 0.544444 0.008073 0.033333
1 0.557813 0.584954 0.009375 0.036574
1 0.563932 0.614352 0.014323 0.028704
1 0.584115 0.622917 0.007812 0.032870
1 0.629557 0.628009 0.008594 0.033796
1 0.466536 0.614352 0.014323 0.021296
0 0.483333 0.634259 0.013542 0.023148
0 0.512109 0.639815 0.007031 0.033333
1 0.518359 0.600694 0.008073 0.028241
1 0.522135 0.631019 0.013021 0.015741
1 0.538281 0.646296 0.009375 0.037037
1 0.554557 0.684491 0.014323 0.018056
1 0.495052 0.642593 0.007812 0.025926
1 0.504557 0.641667 0.007031 0.033333
0 0.444531 0.663657 0.012500 0.018981
1 0.689583 0.536806 0.007292 0.029167
1 0.708984 0.541204 0.008073 0.026852
1 0.733203 0.540741 0.008594 0.025926
1 0.826432 0.534028 0.010156 0.031019
1 0.812630 0.538194 0.009635 0.028241
1 0.791667 0.536806 0.015104 0.023611
1 0.780208 0.544444 0.009375 0.019444
1 0.895182 0.533796 0.010677 0.033333
1 0.911589 0.534954 0.013802 0.033796
1 0.507292 0.583796 0.008333 0.025000
0 0.388932 0.621991 0.011198 0.027315
0 0.356380 0.624306 0.013281 0.031019
1 0.371484 0.617130 0.010677 0.022222
1 0.305078 0.546065 0.008073 0.032870
1 0.284635 0.548843 0.009375 0.034722
1 0.275911 0.550231 0.009635 0.031019
1 0.264062 0.550694 0.010937 0.029167
1 0.257682 0.549306 0.010156 0.027315
1 0.232031 0.547454 0.010417 0.029167
1 0.219141 0.552546 0.009635 0.033796
1 0.259505 0.643750 0.010156 0.036574
0 0.202083 0.631481 0.010417 0.032407
1 0.183333 0.634954 0.011979 0.033796
1 0.177734 0.627083 0.010156 0.028241
1 0.167057 0.630556 0.007031 0.027778
1 0.152083 0.635417 0.012500 0.037500
1 0.137760 0.653704 0.009375 0.033333
1 0.098958 0.644213 0.013542 0.035648
1 0.090885 0.656944 0.011979 0.032407
0 0.078906 0.647454 0.010417 0.031019
0 0.061979 0.653704 0.012500 0.034259
1 0.012891 0.810880 0.008073 0.032870
1 0.026302 0.810417 0.010937 0.031944
1 0.033333 0.805556 0.013021 0.034259
1 0.042708 0.800231 0.012500 0.033796
1 0.063411 0.710417 0.011198 0.036574
1 0.108333 0.733796 0.024479 0.016667
1 0.100781 0.748843 0.017708 0.017130
1 0.078255 0.801620 0.010677 0.029167
1 0.097135 0.790741 0.015104 0.032407
1 0.163932 0.729861 0.019531 0.013426
0 0.148438 0.691204 0.010937 0.032407
0 0.137891 0.697454 0.009635 0.032870
1 0.187891 0.839120 0.006510 0.038426
0 0.180729 0.837269 0.006250 0.032870
0 0.162630 0.800694 0.008594 0.032870
1 0.154557 0.843056 0.007552 0.030556
1 0.140755 0.843981 0.009115 0.041667
1 0.109505 0.843981 0.010156 0.038889
1 0.102604 0.841204 0.009375 0.029630
1 0.021354 0.847917 0.013542 0.036574
1 0.025130 0.956944 0.011198 0.033333
1 0.058984 0.952083 0.010156 0.032870
1 0.072786 0.949306 0.010677 0.034722
1 0.090755 0.943056 0.010677 0.035185
1 0.165104 0.949306 0.013021 0.031019
0 0.179036 0.949769 0.014323 0.028241
1 0.232682 0.947454 0.010156 0.035648
1 0.204167 0.954167 0.010937 0.032407
1 0.222786 0.763426 0.016927 0.024074
1 0.258333 0.785417 0.008333 0.024537
1 0.268880 0.761806 0.010677 0.032870
1 0.293490 0.773843 0.010937 0.028241
1 0.296484 0.744676 0.011198 0.036574
1 0.285286 0.656944 0.009635 0.030556
0 0.250260 0.692593 0.009375 0.033333
0 0.242188 0.693056 0.009375 0.034259
0 0.313932 0.690741 0.010156 0.030556
0 0.362109 0.683333 0.004948 0.032407
0 0.366406 0.683333 0.005729 0.033333
0 0.369661 0.684028 0.004427 0.031944
0 0.372135 0.682870 0.004687 0.032407
0 0.375911 0.681944 0.004948 0.031481
0 0.380859 0.681481 0.008073 0.031481
0 0.384635 0.680556 0.005208 0.031481
0 0.387760 0.680093 0.005729 0.032407
0 0.391536 0.680556 0.004948 0.032407
0 0.394661 0.681944 0.004427 0.032407
0 0.398307 0.686806 0.005469 0.030093
0 0.400260 0.681019 0.005729 0.031481
0 0.405208 0.686343 0.005729 0.031019
0 0.410938 0.686343 0.006250 0.029167
0 0.337240 0.734491 0.013021 0.029167
0 0.350391 0.732639 0.008073 0.033796
0 0.359505 0.731481 0.007031 0.032407
0 0.433333 0.732639 0.017708 0.011574
0 0.435286 0.755556 0.017448 0.009259
0 0.427214 0.781713 0.017969 0.014352
0 0.422917 0.902546 0.017188 0.019907
1 0.433984 0.837731 0.016927 0.018981
0 0.420964 0.993056 0.007031 0.012037
1 0.510156 0.895370 0.006771 0.021296
1 0.522656 0.985417 0.009375 0.028241
1 0.539714 0.977315 0.012760 0.029630
0 0.558333 0.966204 0.006771 0.029630
1 0.574740 0.958796 0.011458 0.034259
0 0.604036 0.990278 0.007552 0.018519
1 0.588411 0.924769 0.010156 0.031944
1 0.652083 0.964120 0.012500 0.027315
1 0.652214 0.931944 0.011198 0.029630
1 0.634635 0.932407 0.011979 0.030556
1 0.622656 0.903935 0.010417 0.035648
1 0.637760 0.879630 0.009375 0.030556
1 0.644531 0.872917 0.009896 0.031019
1 0.616406 0.848380 0.009896 0.032870
1 0.632161 0.824769 0.009115 0.033796
1 0.645182 0.818981 0.010156 0.034259
1 0.558464 0.930556 0.008073 0.031481
1 0.568880 0.905093 0.008073 0.034259
1 0.578385 0.880093 0.008854 0.035185
1 0.583203 0.849769 0.009115 0.031944
1 0.568359 0.848843 0.008073 0.031944
1 0.561458 0.831944 0.008854 0.033333
1 0.551432 0.844444 0.007552 0.031481
1 0.533464 0.853704 0.008073 0.031481
1 0.554036 0.885880 0.007552 0.031944
1 0.538281 0.910880 0.009375 0.032870
1 0.525911 0.919444 0.008073 0.030556
1 0.638932 0.701389 0.010156 0.035185
1 0.641536 0.735880 0.009115 0.033796
1 0.622266 0.711343 0.008073 0.032870
1 0.626563 0.757407 0.009375 0.032407
1 0.615885 0.762731 0.008854 0.032870
1 0.633854 0.787269 0.007812 0.029167
1 0.613411 0.799306 0.008073 0.033796
1 0.577734 0.789583 0.008073 0.031019
1 0.568359 0.793056 0.005990 0.029630
1 0.558984 0.789815 0.007552 0.032407
1 0.545833 0.770833 0.007292 0.031481
1 0.533203 0.802546 0.008594 0.034722
1 0.572266 0.743981 0.008594 0.034259
