1 0.360768 0.075362 0.007012 0.016129
1 0.385977 0.086207 0.014691 0.020022
1 0.381970 0.145717 0.022037 0.016685
0 0.382137 0.165462 0.016361 0.013904
1 0.420534 0.080367 0.009015 0.037264
0 0.436227 0.083148 0.007679 0.019466
0 0.454591 0.068687 0.008347 0.021691
0 0.468948 0.066463 0.010351 0.038376
0 0.461937 0.088710 0.005676 0.010567
0 0.448080 0.107620 0.008013 0.019466
0 0.415693 0.122358 0.007346 0.023359
1 0.424374 0.129867 0.007346 0.019466
1 0.436728 0.130145 0.007346 0.031146
1 0.418197 0.173248 0.008347 0.029477
0 0.430885 0.170189 0.006344 0.030033
1 0.445409 0.159066 0.008681 0.032258
1 0.455760 0.178810 0.008013 0.038376
1 0.448080 0.198276 0.008013 0.032814
1 0.437896 0.209121 0.008347 0.030033
1 0.424875 0.209677 0.009015 0.032258
0 0.383639 0.245273 0.018030 0.014461
0 0.416528 0.253615 0.007012 0.028921
1 0.375292 0.268354 0.010017 0.037264
1 0.434224 0.251390 0.009015 0.030033
1 0.445910 0.253893 0.009683 0.032814
1 0.453088 0.236096 0.008013 0.037264
1 0.423873 0.274472 0.009015 0.027253
1 0.430551 0.288654 0.010351 0.037820
1 0.457095 0.300890 0.008681 0.017798
1 0.421703 0.314794 0.009349 0.033370
1 0.436728 0.324527 0.009349 0.026140
1 0.449416 0.328420 0.008681 0.029477
1 0.368114 0.328699 0.011686 0.033370
0 0.384975 0.322303 0.016694 0.019466
1 0.417863 0.358454 0.009015 0.030590
1 0.444073 0.350111 0.009349 0.033927
0 0.425710 0.378476 0.007346 0.025028
1 0.417863 0.411290 0.009015 0.015017
1 0.441736 0.380701 0.009349 0.032814
1 0.451586 0.376251 0.007012 0.029477
0 0.430050 0.413237 0.009349 0.031146
1 0.420868 0.434372 0.008347 0.026696
0 0.439566 0.426029 0.008347 0.030033
1 0.453756 0.439933 0.009349 0.030033
1 0.466277 0.434928 0.007679 0.017798
1 0.469282 0.463849 0.007679 0.016685
1 0.475459 0.486096 0.007346 0.027809
0 0.459599 0.477753 0.008347 0.030033
1 0.450584 0.488877 0.009015 0.030033
1 0.442905 0.459121 0.008347 0.031702
1 0.425876 0.476085 0.007679 0.028921
1 0.435893 0.497775 0.008347 0.027809
1 0.445409 0.512514 0.008013 0.026140
1 0.461770 0.525584 0.008681 0.014461
1 0.388481 0.445773 0.008347 0.030590
1 0.376461 0.483593 0.009015 0.028365
1 0.357095 0.499166 0.013022 0.013904
1 0.357429 0.547553 0.013689 0.021691
1 0.386144 0.555061 0.015025 0.022247
1 0.372454 0.582036 0.007012 0.029477
1 0.441402 0.535873 0.006678 0.026140
1 0.425042 0.588710 0.010684 0.029477
1 0.432721 0.584816 0.008681 0.025028
1 0.454424 0.545050 0.008013 0.031146
1 0.455092 0.581758 0.009349 0.033370
1 0.450083 0.609010 0.014023 0.026696
1 0.430718 0.618743 0.008013 0.030590
1 0.386978 0.627364 0.008681 0.031146
1 0.544407 0.600111 0.014357 0.020022
0 0.528715 0.619855 0.013689 0.021691
0 0.501002 0.627364 0.007012 0.031146
1 0.493823 0.592603 0.008013 0.026140
1 0.490985 0.620412 0.013022 0.015017
1 0.475793 0.635706 0.009349 0.034483
1 0.461269 0.671858 0.014357 0.016685
1 0.517696 0.628198 0.007679 0.023915
1 0.508347 0.628476 0.007012 0.031146
0 0.567279 0.642937 0.012688 0.017798
1 0.325876 0.550334 0.007346 0.027253
1 0.307346 0.555895 0.008347 0.025028
1 0.283806 0.557842 0.008681 0.024472
1 0.193322 0.560345 0.010017 0.028365
1 0.206845 0.562848 0.009683 0.026696
1 0.227045 0.559511 0.014691 0.022247
1 0.238397 0.565350 0.009349 0.018354
1 0.126544 0.566463 0.010684 0.030590
1 0.110851 0.568966 0.014023 0.031146
1 0.504007 0.576196 0.008347 0.023359
0 0.619866 0.599833 0.011018 0.025028
0 0.651419 0.598999 0.013356 0.028921
1 0.636728 0.593715 0.010684 0.020578
1 0.698664 0.523359 0.008347 0.030033
1 0.718531 0.523915 0.009349 0.032258
1 0.727045 0.524472 0.009683 0.028921
1 0.738564 0.523637 0.010684 0.027253
1 0.744741 0.521969 0.010351 0.025028
1 0.769449 0.517798 0.010351 0.026696
1 0.782137 0.521135 0.009683 0.031146
1 0.745910 0.607620 0.010017 0.033927
0 0.801169 0.591212 0.010351 0.030033
1 0.819366 0.592881 0.012020 0.031146
1 0.824541 0.585095 0.010351 0.026696
1 0.835058 0.587319 0.007346 0.025584
1 0.849583 0.590100 0.012354 0.034483
1 0.864107 0.605673 0.009349 0.031146
1 0.901503 0.593437 0.013356 0.033370
1 0.909516 0.604004 0.012020 0.030033
0 0.921035 0.594549 0.010351 0.028921
0 0.937396 0.598721 0.012354 0.031702
1 0.989983 0.736652 0.008013 0.030590
1 0.976962 0.737764 0.010684 0.029477
1 0.969950 0.733871 0.012688 0.031702
1 0.960768 0.729700 0.012354 0.031146
1 0.937896 0.650167 0.011352 0.033370
1 0.895159 0.675751 0.024040 0.015573
1 0.902838 0.688265 0.017362 0.016129
1 0.926210 0.734427 0.010684 0.027253
1 0.907679 0.726363 0.015025 0.030033
1 0.841068 0.677141 0.019366 0.012792
0 0.854925 0.640712 0.011018 0.030033
0 0.865275 0.645439 0.009683 0.030590
1 0.821369 0.778643 0.006678 0.035595
0 0.828214 0.776140 0.006344 0.030590
0 0.844574 0.741101 0.008347 0.030590
1 0.853589 0.778921 0.007679 0.028365
1 0.867112 0.778365 0.009349 0.038376
1 0.897329 0.775584 0.010351 0.036151
1 0.903840 0.772525 0.009349 0.027809
1 0.982972 0.771135 0.013356 0.033927
1 0.982638 0.870412 0.011352 0.031146
1 0.949583 0.869021 0.010017 0.030590
1 0.936227 0.867909 0.010684 0.031702
1 0.918531 0.863737 0.010684 0.032258
1 0.846912 0.876529 0.013022 0.028921
0 0.833222 0.877920 0.014357 0.026140
1 0.781302 0.880701 0.010017 0.032814
1 0.809182 0.884316 0.011018 0.030033
1 0.785142 0.713014 0.017028 0.022247
1 0.751419 0.736096 0.008347 0.022803
1 0.740568 0.715795 0.010684 0.030033
1 0.717028 0.728865 0.011018 0.026140
1 0.713189 0.702725 0.011352 0.033927
1 0.721369 0.622080 0.009683 0.028365
0 0.756260 0.651279 0.009349 0.031146
0 0.764274 0.651001 0.009349 0.031702
0 0.694658 0.655451 0.010351 0.028365
0 0.647746 0.652948 0.005342 0.030033
0 0.643573 0.653504 0.005676 0.031146
0 0.640401 0.654338 0.004674 0.029477
0 0.637896 0.653504 0.005008 0.030033
0 0.634224 0.652948 0.005008 0.028921
0 0.629549 0.653226 0.008347 0.029477
0 0.625710 0.652670 0.005342 0.029477
0 0.622705 0.652392 0.006010 0.030033
0 0.619199 0.653504 0.005008 0.030033
0 0.616027 0.654616 0.004674 0.030033
0 0.612855 0.659622 0.005676 0.027809
0 0.610684 0.654616 0.006010 0.028921
0 0.606010 0.659900 0.006010 0.028365
0 0.600501 0.660456 0.006344 0.027253
0 0.673289 0.697164 0.013022 0.027253
0 0.660601 0.696885 0.008347 0.031146
0 0.651753 0.696329 0.007346 0.030033
0 0.580301 0.704394 0.017362 0.010567
0 0.578965 0.725250 0.017362 0.008899
0 0.587813 0.748331 0.017696 0.013904
0 0.595492 0.857620 0.017028 0.018910
1 0.582972 0.799778 0.016694 0.017798
0 0.600334 0.939655 0.007346 0.011680
1 0.510851 0.859288 0.006678 0.020022
1 0.501503 0.941880 0.009349 0.026140
1 0.484808 0.936318 0.012688 0.027253
0 0.466444 0.927976 0.006678 0.027253
1 0.450417 0.922692 0.011352 0.031146
0 0.422871 0.954116 0.007679 0.017241
1 0.436060 0.892937 0.010017 0.029477
1 0.375459 0.934650 0.012354 0.025028
1 0.374457 0.905451 0.011018 0.027809
1 0.391486 0.904060 0.011686 0.028365
1 0.402170 0.877364 0.010351 0.032814
1 0.386811 0.856785 0.009683 0.028365
1 0.379967 0.851224 0.010017 0.028365
1 0.406511 0.826196 0.009683 0.030590
1 0.390484 0.806452 0.009015 0.031146
1 0.377796 0.802280 0.010351 0.031702
1 0.465109 0.895439 0.008013 0.028921
1 0.454257 0.873471 0.008347 0.031702
1 0.444240 0.851502 0.009015 0.032258
1 0.438731 0.824527 0.009349 0.029477
1 0.453088 0.822303 0.008013 0.029477
1 0.459265 0.806174 0.009015 0.030590
1 0.469282 0.816741 0.007679 0.029477
1 0.486978 0.823415 0.008347 0.029477
1 0.467947 0.854561 0.007679 0.029477
1 0.484140 0.875695 0.009349 0.030590
1 0.496327 0.882369 0.008347 0.028365
1 0.380134 0.694939 0.010351 0.032814
1 0.378631 0.726363 0.009349 0.031146
1 0.396661 0.702447 0.008013 0.030033
1 0.393823 0.744716 0.009683 0.030033
1 0.404341 0.748610 0.008681 0.030033
1 0.387646 0.772525 0.008013 0.026696
1 0.407846 0.781424 0.008347 0.031146
1 0.442070 0.769466 0.008013 0.028365
1 0.451419 0.771691 0.006010 0.027253
1 0.460267 0.768076 0.007679 0.030033
1 0.472454 0.749444 0.007346 0.029477
1 0.485810 0.776974 0.008681 0.032258
1 0.446077 0.727475 0.008681 0.031146
