1 0.371875 0.019444 0.006771 0.017593
1 0.397526 0.033796 0.014844 0.021296
1 0.391146 0.098843 0.022396 0.018056
0 0.390625 0.120370 0.016667 0.014815
1 0.433073 0.031019 0.008854 0.040741
0 0.449349 0.035880 0.007552 0.020833
0 0.468490 0.021759 0.008333 0.023148
0 0.483594 0.020833 0.010417 0.041667
0 0.475391 0.044444 0.005469 0.011111
0 0.460547 0.064120 0.008073 0.020833
0 0.426563 0.076852 0.007292 0.025000
1 0.435417 0.085880 0.007292 0.020833
1 0.448047 0.087269 0.007031 0.033796
1 0.427344 0.132870 0.008333 0.031481
0 0.440625 0.130556 0.006250 0.032407
1 0.456120 0.120139 0.008594 0.034722
1 0.466016 0.142593 0.008073 0.041667
1 0.457422 0.163657 0.008073 0.035648
1 0.446615 0.174306 0.008333 0.031944
1 0.433073 0.173380 0.008854 0.034722
0 0.389323 0.208333 0.018229 0.015741
0 0.422917 0.220833 0.006771 0.031481
1 0.379948 0.232639 0.009896 0.040278
1 0.441146 0.220370 0.008854 0.032407
1 0.453125 0.224306 0.009375 0.035648
1 0.461068 0.205556 0.008073 0.040741
1 0.429688 0.244444 0.008854 0.029630
1 0.436068 0.260880 0.010156 0.041204
1 0.463021 0.277083 0.008333 0.018981
1 0.426042 0.288657 0.009375 0.035648
1 0.441146 0.300694 0.009375 0.028241
1 0.454297 0.306481 0.008594 0.031481
1 0.370443 0.298380 0.011719 0.036574
0 0.388151 0.293056 0.016927 0.021296
1 0.420573 0.336343 0.008854 0.032870
1 0.447917 0.329630 0.009375 0.037037
0 0.427995 0.359028 0.007552 0.027315
1 0.418750 0.394444 0.008854 0.015741
1 0.444271 0.363194 0.009375 0.035648
1 0.454688 0.359259 0.006771 0.032407
0 0.431250 0.397917 0.009375 0.033796
1 0.420964 0.419907 0.008073 0.028704
0 0.440495 0.412731 0.008073 0.032870
1 0.454688 0.429630 0.009375 0.032407
1 0.467839 0.425231 0.007552 0.018981
1 0.469922 0.457407 0.007552 0.017593
1 0.475521 0.482407 0.007292 0.030556
0 0.459375 0.471528 0.008333 0.032870
1 0.449740 0.482870 0.008854 0.032407
1 0.442969 0.449306 0.008333 0.034722
1 0.424870 0.466204 0.007552 0.031481
1 0.434245 0.491204 0.008073 0.029630
1 0.443490 0.508565 0.007812 0.028241
1 0.459896 0.524306 0.008333 0.015278
1 0.387240 0.429167 0.008333 0.033333
1 0.373698 0.469444 0.008854 0.030556
1 0.353125 0.484491 0.013021 0.014352
1 0.351693 0.537731 0.013802 0.023611
1 0.380990 0.548843 0.015104 0.023611
1 0.366016 0.577083 0.007031 0.031944
1 0.438542 0.533565 0.006771 0.028241
1 0.419922 0.590046 0.010677 0.031944
1 0.427995 0.586343 0.008594 0.027315
1 0.451693 0.544907 0.008073 0.033333
1 0.451042 0.585417 0.009375 0.036574
1 0.444922 0.614815 0.014323 0.028704
1 0.424740 0.623380 0.007812 0.032870
1 0.379297 0.628472 0.008594 0.033796
1 0.542318 0.614815 0.014323 0.021296
0 0.525521 0.634722 0.013542 0.023148
0 0.496745 0.640278 0.007031 0.033333
1 0.490495 0.601157 0.008073 0.028241
1 0.486719 0.631481 0.013021 0.015741
1 0.470573 0.646759 0.009375 0.037037
1 0.454297 0.684954 0.014323 0.018056
1 0.513802 0.643056 0.007812 0.025926
1 0.504297 0.642130 0.007031 0.033333
0 0.564323 0.664120 0.012500 0.018981
1 0.319271 0.537269 0.007292 0.029167
1 0.299870 0.541667 0.008073 0.026852
1 0.275651 0.541204 0.008594 0.025926
1 0.182422 0.534491 0.010156 0.031019
1 0.196224 0.538657 0.009635 0.028241
1 0.217188 0.537269 0.015104 0.023611
1 0.228646 0.544907 0.009375 0.019444
1 0.113672 0.534259 0.010677 0.033333
1 0.097266 0.535417 0.013802 0.033796
1 0.501563 0.584259 0.008333 0.025000
0 0.619922 0.622454 0.011198 0.027315
0 0.652474 0.624769 0.013281 0.031019
1 0.637370 0.617593 0.010677 0.022222
1 0.703776 0.546528 0.008073 0.032870
1 0.724219 0.549306 0.009375 0.034722
1 0.732943 0.550694 0.009635 0.031019
1 0.744792 0.551157 0.010937 0.029167
1 0.751172 0.549769 0.010156 0.027315
1 0.776823 0.547917 0.010417 0.029167
1 0.789714 0.553009 0.009635 0.033796
1 0.749349 0.644213 0.010156 0.036574
0 0.806771 0.631944 0.010417 0.032407
1 0.825521 0.635417 0.011979 0.033796
1 0.831120 0.627546 0.010156 0.028241
1 0.841797 0.631019 0.007031 0.027778
1 0.856771 0.635880 0.012500 0.037500
1 0.871094 0.654167 0.009375 0.033333
1 0.909896 0.644676 0.013542 0.035648
1 0.917969 0.657407 0.011979 0.032407
0 0.929948 0.647917 0.010417 0.031019
0 0.946875 0.654167 0.012500 0.034259
1 0.995964 0.811343 0.008073 0.032870
1 0.982552 0.810880 0.010937 0.031944
1 0.975521 0.806019 0.013021 0.034259
1 0.966146 0.800694 0.012500 0.033796
1 0.945443 0.710880 0.011198 0.036574
1 0.900521 0.734259 0.024479 0.016667
1 0.908073 0.749306 0.017708 0.017130
1 0.930599 0.802083 0.010677 0.029167
1 0.911719 0.791204 0.015104 0.032407
1 0.844922 0.730324 0.019531 0.013426
0 0.860417 0.691667 0.010937 0.032407
0 0.870964 0.697917 0.009635 0.032870
1 0.820964 0.839583 0.006510 0.038426
0 0.828125 0.837731 0.006250 0.032870
0 0.846224 0.801157 0.008594 0.032870
1 0.854297 0.843519 0.007552 0.030556
1 0.868099 0.844444 0.009115 0.041667
1 0.899349 0.844444 0.010156 0.038889
1 0.906250 0.841667 0.009375 0.029630
1 0.987500 0.848380 0.013542 0.036574
1 0.983724 0.957407 0.011198 0.033333
1 0.949870 0.952546 0.010156 0.032870
1 0.936068 0.949769 0.010677 0.034722
1 0.918099 0.943519 0.010677 0.035185
1 0.843750 0.949769 0.013021 0.031019
0 0.829818 0.950231 0.014323 0.028241
1 0.776172 0.947917 0.010156 0.035648
1 0.804688 0.954630 0.010937 0.032407
1 0.786068 0.763889 0.016927 0.024074
1 0.750521 0.785880 0.008333 0.024537
1 0.739974 0.762269 0.010677 0.032870
1 0.715365 0.774306 0.010937 0.028241
1 0.712370 0.745139 0.011198 0.036574
1 0.723568 0.657407 0.009635 0.030556
0 0.758594 0.693056 0.009375 0.033333
0 0.766667 0.693519 0.009375 0.034259
0 0.694922 0.691204 0.010156 0.030556
0 0.646745 0.683796 0.004948 0.032407
0 0.642448 0.683796 0.005729 0.033333
0 0.639193 0.684491 0.004427 0.031944
0 0.636719 0.683333 0.004687 0.032407
0 0.632943 0.682407 0.004948 0.031481
0 0.627995 0.681944 0.008073 0.031481
0 0.624219 0.681019 0.005208 0.031481
0 0.621094 0.680556 0.005729 0.032407
0 0.617318 0.681019 0.004948 0.032407
0 0.614193 0.682407 0.004427 0.032407
0 0.610547 0.687269 0.005469 0.030093
0 0.608594 0.681481 0.005729 0.031481
0 0.603646 0.686806 0.005729 0.031019
0 0.597917 0.686806 0.006250 0.029167
0 0.671615 0.734954 0.013021 0.029167
0 0.658464 0.733102 0.008073 0.033796
0 0.649349 0.731944 0.007031 0.032407
0 0.575521 0.733102 0.017708 0.011574
0 0.573568 0.756019 0.017448 0.009259
0 0.581641 0.782176 0.017969 0.014352
0 0.585938 0.903009 0.017188 0.019907
1 0.574870 0.838194 0.016927 0.018981
0 0.587891 0.993519 0.007031 0.012037
1 0.498698 0.895833 0.006771 0.021296
1 0.486198 0.985880 0.009375 0.028241
1 0.469141 0.977778 0.012760 0.029630
0 0.450521 0.966667 0.006771 0.029630
1 0.434115 0.959259 0.011458 0.034259
0 0.404818 0.990741 0.007552 0.018519
1 0.420443 0.925231 0.010156 0.031944
1 0.356771 0.964583 0.012500 0.027315
1 0.356641 0.932407 0.011198 0.029630
1 0.374219 0.932870 0.011979 0.030556
1 0.386198 0.904398 0.010417 0.035648
1 0.371094 0.880093 0.009375 0.030556
1 0.364323 0.873380 0.009896 0.031019
1 0.392448 0.848843 0.009896 0.032870
1 0.376693 0.825231 0.009115 0.033796
1 0.363672 0.819444 0.010156 0.034259
1 0.450391 0.931019 0.008073 0.031481
1 0.439974 0.905556 0.008073 0.034259
1 0.430469 0.880556 0.008854 0.035185
1 0.425651 0.850231 0.009115 0.031944
1 0.440495 0.849306 0.008073 0.031944
1 0.447396 0.832407 0.008854 0.033333
1 0.457422 0.844907 0.007552 0.031481
1 0.475391 0.854167 0.008073 0.031481
1 0.454818 0.886343 0.007552 0.031944
1 0.470573 0.911343 0.009375 0.032870
1 0.482943 0.919907 0.008073 0.030556
1 0.369922 0.701852 0.010156 0.035185
1 0.367318 0.736343 0.009115 0.033796
1 0.386589 0.711806 0.008073 0.032870
1 0.382292 0.757870 0.009375 0.032407
1 0.392969 0.763194 0.008854 0.032870
1 0.375000 0.787731 0.007812 0.029167
1 0.395443 0.799769 0.008073 0.033796
1 0.431120 0.790046 0.008073 0.031019
1 0.440495 0.793519 0.005990 0.029630
1 0.449870 0.790278 0.007552 0.032407
1 0.463021 0.771296 0.007292 0.031481
1 0.475651 0.803009 0.008594 0.034722
1 0.436589 0.744444 0.008594 0.034259
