1 0.373170 0.943498 0.006810 0.016468
1 0.397514 0.928166 0.014641 0.019875
1 0.389343 0.869392 0.022131 0.017036
0 0.388151 0.850085 0.016343 0.013629
1 0.432074 0.927314 0.008853 0.037479
0 0.447736 0.921635 0.007491 0.019307
0 0.466633 0.932709 0.008512 0.022147
0 0.481273 0.932141 0.010555 0.038047
0 0.472591 0.911414 0.005448 0.010221
0 0.457610 0.894946 0.008172 0.019307
0 0.424242 0.886144 0.007491 0.023282
1 0.432755 0.877342 0.007491 0.019307
1 0.444842 0.874787 0.007150 0.031232
1 0.423391 0.835321 0.008512 0.029529
0 0.436330 0.836173 0.006469 0.030097
1 0.451651 0.844407 0.008512 0.031800
1 0.460674 0.823112 0.008172 0.038047
1 0.451481 0.804656 0.008172 0.032936
1 0.440756 0.796139 0.008512 0.029529
1 0.427647 0.798126 0.008853 0.032368
0 0.384236 0.770017 0.018046 0.014764
0 0.416411 0.755821 0.006810 0.029529
1 0.374362 0.749006 0.009874 0.037479
1 0.434116 0.754401 0.008853 0.030097
1 0.445693 0.750142 0.009534 0.032936
1 0.453864 0.766042 0.008172 0.037479
1 0.422200 0.733674 0.008853 0.027257
1 0.427988 0.718058 0.010215 0.038047
1 0.453524 0.701022 0.008172 0.017604
1 0.417433 0.693924 0.009534 0.032936
1 0.431733 0.681431 0.009534 0.026122
1 0.444161 0.674901 0.008512 0.028961
1 0.363126 0.689949 0.011917 0.034072
0 0.380490 0.693072 0.016684 0.019875
1 0.410623 0.650767 0.008853 0.030664
1 0.437351 0.654742 0.009193 0.034072
0 0.417092 0.629472 0.007491 0.025554
1 0.407048 0.598240 0.009193 0.015332
1 0.432755 0.624361 0.009534 0.033504
1 0.442969 0.627200 0.006810 0.030097
0 0.419135 0.593981 0.009534 0.031800
1 0.408580 0.574957 0.008172 0.026689
0 0.427647 0.579784 0.008172 0.030664
1 0.440926 0.563032 0.009534 0.030097
1 0.453694 0.565872 0.007831 0.017604
1 0.454716 0.536343 0.007831 0.016468
1 0.459312 0.513345 0.007491 0.028393
0 0.444161 0.524418 0.008512 0.030097
1 0.434457 0.515048 0.008853 0.029529
1 0.428839 0.546281 0.008512 0.031800
1 0.410793 0.532368 0.007831 0.028961
1 0.419135 0.508802 0.008172 0.027257
1 0.427477 0.492334 0.007831 0.026122
1 0.442969 0.476434 0.008172 0.014764
1 0.375383 0.569563 0.008512 0.030664
1 0.361083 0.534355 0.009193 0.028393
1 0.340824 0.522430 0.012938 0.013629
1 0.337760 0.473878 0.013619 0.022147
1 0.365679 0.461386 0.014981 0.022147
1 0.350528 0.436968 0.007150 0.030097
1 0.422029 0.469903 0.007150 0.026689
1 0.402281 0.420216 0.010555 0.029529
1 0.410112 0.422771 0.008512 0.025554
1 0.434457 0.458546 0.008172 0.031232
1 0.432584 0.421635 0.009193 0.033504
1 0.425604 0.395514 0.014300 0.026689
1 0.405856 0.389551 0.008172 0.030664
1 0.361764 0.388984 0.008512 0.031800
1 0.520259 0.386428 0.014300 0.019875
0 0.503235 0.370244 0.013619 0.021579
0 0.475145 0.367689 0.007150 0.031232
1 0.470208 0.403748 0.008172 0.026122
1 0.465781 0.376491 0.012938 0.014764
1 0.449608 0.363998 0.009193 0.034072
1 0.432755 0.331062 0.014300 0.017036
1 0.491658 0.363714 0.008172 0.024418
1 0.482295 0.365133 0.007150 0.030664
0 0.540007 0.339864 0.012257 0.017604
1 0.306265 0.477570 0.007150 0.027257
1 0.287368 0.475298 0.008172 0.024986
1 0.263875 0.477853 0.008853 0.024418
1 0.173647 0.492334 0.010215 0.028393
1 0.186925 0.487223 0.009534 0.026122
1 0.207354 0.486655 0.014981 0.021579
1 0.218250 0.478705 0.009534 0.018171
1 0.107082 0.498580 0.010555 0.030664
1 0.091079 0.499148 0.013960 0.031800
1 0.481614 0.418228 0.008512 0.023282
0 0.594995 0.372800 0.011236 0.025554
0 0.626660 0.367689 0.013279 0.028961
1 0.612189 0.375639 0.010895 0.021011
1 0.678584 0.434128 0.008172 0.030097
1 0.698502 0.429869 0.009193 0.031800
1 0.706844 0.427882 0.009534 0.028961
1 0.718420 0.426178 0.010895 0.026689
1 0.724549 0.426746 0.010215 0.025554
1 0.749574 0.426462 0.010555 0.027257
1 0.761832 0.420500 0.009874 0.031232
1 0.719782 0.341283 0.010215 0.034072
0 0.775962 0.347246 0.010215 0.030097
1 0.794178 0.342135 0.011917 0.031232
1 0.799796 0.348949 0.010215 0.026689
1 0.809840 0.344974 0.007150 0.025554
1 0.824311 0.339296 0.012257 0.034639
1 0.837589 0.321124 0.009534 0.031232
1 0.875553 0.326235 0.013279 0.033504
1 0.883044 0.313742 0.011917 0.030097
0 0.894961 0.321408 0.010555 0.028393
0 0.911134 0.314310 0.012257 0.031232
1 0.954035 0.166951 0.008172 0.030664
1 0.940926 0.168654 0.011236 0.029529
1 0.934287 0.173765 0.012938 0.031800
1 0.925264 0.179160 0.012598 0.031232
1 0.907899 0.262919 0.011236 0.034072
1 0.863636 0.245599 0.024174 0.015332
1 0.870616 0.231119 0.017705 0.015900
1 0.890875 0.181147 0.010555 0.027257
1 0.873000 0.192788 0.014981 0.030097
1 0.810010 0.254117 0.019067 0.013061
0 0.826013 0.288189 0.010895 0.030097
0 0.836227 0.281374 0.009534 0.030097
1 0.783453 0.157013 0.006810 0.035775
0 0.790432 0.158149 0.006469 0.030097
0 0.808989 0.189665 0.008853 0.030664
1 0.815628 0.150483 0.007831 0.028393
1 0.828907 0.148211 0.009193 0.038614
1 0.859380 0.145656 0.010215 0.035775
1 0.866020 0.147359 0.009193 0.027825
1 0.944501 0.134015 0.013619 0.034072
1 0.937521 0.035207 0.011236 0.030664
1 0.905005 0.042589 0.010215 0.030664
1 0.891556 0.046281 0.010555 0.032368
1 0.874362 0.053663 0.010895 0.032368
1 0.802179 0.054798 0.012938 0.028961
0 0.788560 0.055650 0.014300 0.026122
1 0.736806 0.062465 0.010215 0.032936
1 0.764045 0.053663 0.010895 0.030097
1 0.751958 0.229131 0.016684 0.022147
1 0.716718 0.212379 0.008172 0.022714
1 0.707184 0.234526 0.010895 0.030664
1 0.683010 0.226008 0.010895 0.026122
1 0.681137 0.252697 0.011236 0.034072
1 0.694586 0.331630 0.009534 0.028393
0 0.727443 0.295855 0.009193 0.030664
0 0.735104 0.294719 0.009534 0.031800
0 0.665645 0.303237 0.010215 0.028393
0 0.619169 0.314310 0.005107 0.030097
0 0.615083 0.314878 0.005788 0.031232
0 0.611849 0.314594 0.004767 0.029529
0 0.609465 0.316014 0.004767 0.030097
0 0.605890 0.317149 0.005107 0.028961
0 0.601294 0.317717 0.008172 0.028961
0 0.597549 0.319137 0.005448 0.029529
0 0.594484 0.319989 0.006129 0.030097
0 0.590909 0.319705 0.005107 0.029529
0 0.587674 0.318853 0.004767 0.030097
0 0.584099 0.314594 0.005788 0.028393
0 0.582397 0.319989 0.005788 0.028961
0 0.577290 0.315730 0.005788 0.028393
0 0.571842 0.316298 0.006469 0.027257
0 0.641811 0.265758 0.012938 0.027257
0 0.629213 0.268597 0.008172 0.031800
0 0.620191 0.270585 0.007150 0.030097
0 0.548689 0.275980 0.017365 0.011357
0 0.546136 0.255537 0.017024 0.009086
0 0.553115 0.231119 0.018046 0.013629
0 0.553626 0.120670 0.017024 0.018739
1 0.544944 0.180579 0.016684 0.018171
0 0.552775 0.038047 0.007150 0.011357
1 0.469186 0.134867 0.006810 0.019875
1 0.454375 0.054231 0.009193 0.026689
1 0.438032 0.063316 0.012598 0.027825
0 0.420497 0.074957 0.006810 0.027257
1 0.404665 0.083191 0.011236 0.031232
0 0.375383 0.057070 0.007831 0.017604
1 0.392577 0.115275 0.010215 0.029529
1 0.329588 0.085463 0.012257 0.025554
1 0.330439 0.114708 0.011236 0.027257
1 0.347463 0.112436 0.011917 0.028393
1 0.359891 0.137422 0.010215 0.032936
1 0.345931 0.160704 0.009534 0.028393
1 0.339632 0.167802 0.009874 0.028961
1 0.367722 0.187394 0.010215 0.030664
1 0.353252 0.210392 0.009193 0.031232
1 0.340824 0.216922 0.010215 0.031800
1 0.421519 0.107325 0.008172 0.029529
1 0.411985 0.131743 0.008172 0.031800
1 0.403473 0.155026 0.008853 0.032936
1 0.399898 0.183135 0.009193 0.030097
1 0.414368 0.182851 0.008172 0.029529
1 0.421519 0.197331 0.008853 0.031232
1 0.430882 0.185122 0.007831 0.029529
1 0.448076 0.175185 0.008172 0.028961
1 0.426966 0.147643 0.007491 0.029529
1 0.441607 0.123509 0.009534 0.030097
1 0.453184 0.114708 0.008172 0.028393
1 0.350358 0.323112 0.010215 0.032936
1 0.346782 0.292164 0.009193 0.031232
1 0.366360 0.312606 0.008172 0.030097
1 0.360572 0.271153 0.009534 0.030097
1 0.370787 0.265190 0.008853 0.030664
1 0.352571 0.244747 0.007831 0.027257
1 0.372148 0.231970 0.008172 0.031232
1 0.406878 0.237365 0.008172 0.028393
1 0.416071 0.233390 0.006129 0.027257
1 0.425094 0.235378 0.007831 0.030097
1 0.438543 0.251562 0.007491 0.029529
1 0.449779 0.221465 0.008853 0.031800
1 0.413687 0.278251 0.008853 0.031800
