1 0.643249 0.094637 0.006783 0.015773
1 0.618056 0.103838 0.014535 0.019453
1 0.621286 0.161672 0.021641 0.016299
0 0.620963 0.180599 0.016473 0.013144
1 0.584141 0.097003 0.008721 0.036278
0 0.568314 0.099369 0.007429 0.018927
0 0.550711 0.084648 0.008398 0.021030
0 0.536176 0.082019 0.010336 0.036803
0 0.543120 0.103575 0.005491 0.010515
0 0.556363 0.122766 0.008075 0.018402
0 0.588340 0.138013 0.007429 0.022608
1 0.579619 0.144848 0.007429 0.018402
1 0.567506 0.144585 0.007106 0.030494
1 0.585271 0.187171 0.008398 0.028391
0 0.572674 0.183228 0.006460 0.028917
1 0.558301 0.172187 0.008721 0.031020
1 0.547965 0.190852 0.008075 0.036803
1 0.555071 0.210305 0.008075 0.031546
1 0.565084 0.220820 0.008075 0.028391
1 0.578004 0.221872 0.008721 0.030494
0 0.618379 0.257886 0.017765 0.014196
0 0.585756 0.264721 0.006783 0.027865
1 0.626292 0.280231 0.009690 0.035752
1 0.568314 0.262093 0.008721 0.028917
1 0.556686 0.263933 0.009367 0.031546
1 0.549903 0.246845 0.008075 0.036278
1 0.578327 0.284437 0.008721 0.026288
1 0.571544 0.298107 0.010013 0.036803
1 0.544897 0.309148 0.008398 0.016824
1 0.579942 0.323870 0.009367 0.031546
1 0.564922 0.332282 0.009044 0.025237
1 0.552003 0.335962 0.008398 0.028391
1 0.632752 0.339117 0.011628 0.032597
0 0.615956 0.332282 0.016796 0.018927
1 0.583172 0.366193 0.008721 0.028917
1 0.557171 0.356993 0.009044 0.032597
0 0.575097 0.385121 0.007429 0.024711
1 0.582364 0.417192 0.009044 0.014196
1 0.559270 0.386961 0.009367 0.031546
1 0.549580 0.381966 0.006783 0.028917
0 0.570252 0.418770 0.009367 0.029968
1 0.579134 0.439274 0.007752 0.025762
0 0.560885 0.430599 0.008075 0.029443
1 0.546350 0.444006 0.009367 0.028917
1 0.534076 0.438223 0.007429 0.017350
1 0.530685 0.466351 0.007752 0.015773
1 0.524225 0.487382 0.007106 0.027340
0 0.540213 0.480021 0.008075 0.029443
1 0.548934 0.491325 0.008721 0.028917
1 0.556848 0.462408 0.008398 0.031020
1 0.573482 0.479495 0.007429 0.028391
1 0.563469 0.500263 0.008075 0.026814
1 0.553779 0.514196 0.008075 0.025237
1 0.537468 0.526025 0.008398 0.014196
1 0.611111 0.451630 0.008398 0.029443
1 0.622255 0.488696 0.008721 0.026814
1 0.641311 0.504469 0.012597 0.013144
1 0.640504 0.551262 0.013566 0.021556
1 0.611919 0.557308 0.014535 0.021030
1 0.625000 0.584122 0.007106 0.028391
1 0.557332 0.536803 0.006783 0.025237
1 0.572836 0.588854 0.010659 0.028391
1 0.565245 0.584385 0.008398 0.024711
1 0.544412 0.545216 0.008075 0.029443
1 0.543282 0.580967 0.009044 0.032597
1 0.547965 0.607518 0.013889 0.025762
1 0.566860 0.617245 0.007752 0.029443
1 0.610142 0.627497 0.008398 0.029968
1 0.454619 0.595426 0.013889 0.019453
0 0.469800 0.614879 0.013243 0.020505
0 0.497093 0.623291 0.007106 0.029968
1 0.504845 0.589905 0.007752 0.025237
1 0.507106 0.616719 0.012920 0.014721
1 0.521964 0.632229 0.009044 0.033123
1 0.536014 0.667455 0.013889 0.016299
1 0.480782 0.623554 0.008075 0.023134
1 0.489987 0.623817 0.007106 0.029968
0 0.431525 0.635910 0.012274 0.017350
1 0.671512 0.554679 0.007106 0.026288
1 0.689761 0.560988 0.008075 0.024185
1 0.713017 0.563617 0.008721 0.023134
1 0.802487 0.569138 0.010013 0.027865
1 0.789244 0.571241 0.009367 0.025762
1 0.769218 0.567298 0.014535 0.021030
1 0.757913 0.572818 0.009367 0.017350
1 0.868379 0.577550 0.010659 0.029968
1 0.884044 0.580705 0.013566 0.029968
1 0.494994 0.573607 0.008075 0.022082
0 0.380168 0.592534 0.010982 0.024185
0 0.348837 0.590431 0.012920 0.027340
1 0.363534 0.586225 0.010659 0.019979
1 0.303133 0.515510 0.008075 0.028917
1 0.283430 0.515510 0.009367 0.031020
1 0.274871 0.515510 0.009690 0.027865
1 0.263566 0.514458 0.010982 0.025762
1 0.257590 0.512618 0.010013 0.024185
1 0.233043 0.507886 0.010013 0.026288
1 0.220446 0.510778 0.009367 0.029968
1 0.255329 0.595689 0.010013 0.032597
0 0.200904 0.577550 0.010336 0.028917
1 0.182655 0.578601 0.011951 0.029968
1 0.177810 0.570978 0.010013 0.025237
1 0.167313 0.572555 0.007106 0.025237
1 0.152778 0.574921 0.012274 0.033123
1 0.138243 0.589117 0.009044 0.029968
1 0.101583 0.576236 0.013243 0.031546
1 0.093185 0.586488 0.011951 0.028917
0 0.082203 0.576498 0.010013 0.027865
0 0.065730 0.579916 0.012597 0.030494
1 0.012112 0.711619 0.008075 0.028917
1 0.024871 0.712934 0.010982 0.028391
1 0.031815 0.709253 0.012597 0.030494
1 0.041021 0.705836 0.012274 0.029968
1 0.064599 0.629863 0.010982 0.032597
1 0.106751 0.655889 0.023579 0.015247
1 0.098837 0.667981 0.017442 0.015247
1 0.075097 0.711619 0.010659 0.025762
1 0.093508 0.704259 0.014535 0.028917
1 0.160045 0.659306 0.019057 0.012618
0 0.146802 0.623291 0.010659 0.028917
0 0.136466 0.627760 0.009367 0.029443
1 0.178295 0.757886 0.006460 0.034175
0 0.171512 0.755521 0.006460 0.029443
0 0.155846 0.721346 0.008721 0.029443
1 0.146318 0.757098 0.007752 0.027340
1 0.133075 0.756309 0.009044 0.037329
1 0.103198 0.752366 0.010013 0.034700
1 0.096738 0.749211 0.009367 0.026288
1 0.018572 0.745005 0.013243 0.032597
1 0.017442 0.841220 0.010982 0.029443
1 0.050226 0.841220 0.010013 0.029443
1 0.063469 0.840431 0.010659 0.031020
1 0.080911 0.837014 0.010659 0.031546
1 0.151809 0.851735 0.012920 0.027340
0 0.165213 0.853838 0.013889 0.025237
1 0.216570 0.858570 0.010013 0.031546
1 0.189115 0.860936 0.010659 0.028917
1 0.214955 0.695846 0.016473 0.021556
1 0.248062 0.719769 0.008398 0.022082
1 0.259205 0.700315 0.010659 0.029443
1 0.282138 0.713985 0.010659 0.025237
1 0.286337 0.688749 0.011305 0.032597
1 0.279393 0.610410 0.009690 0.027340
0 0.244348 0.637224 0.009367 0.029443
0 0.236596 0.636698 0.009367 0.030494
0 0.305394 0.643533 0.010013 0.027340
0 0.351744 0.642744 0.005168 0.028917
0 0.355943 0.643270 0.005814 0.029968
0 0.358850 0.644585 0.004522 0.028391
0 0.361273 0.643796 0.004845 0.028917
0 0.364987 0.643270 0.005168 0.027865
0 0.369671 0.643533 0.008075 0.028391
0 0.373385 0.643270 0.005168 0.027865
0 0.376615 0.643270 0.005814 0.028917
0 0.380006 0.644322 0.004845 0.028917
0 0.383075 0.645899 0.004522 0.028917
0 0.386143 0.650368 0.005491 0.027340
0 0.388243 0.645636 0.005814 0.028391
0 0.392765 0.650894 0.005814 0.027340
0 0.398417 0.651420 0.006137 0.026288
0 0.325743 0.684543 0.012597 0.026288
0 0.338340 0.684805 0.008075 0.029968
0 0.347222 0.684805 0.007106 0.028917
0 0.417797 0.695058 0.017119 0.010515
0 0.418766 0.715300 0.017119 0.008938
0 0.409884 0.737382 0.017442 0.013144
0 0.400517 0.842534 0.016796 0.018402
1 0.413921 0.787066 0.016473 0.016824
0 0.395026 0.921399 0.007106 0.011041
1 0.484335 0.847003 0.006783 0.018927
1 0.492571 0.927445 0.009044 0.025237
1 0.509205 0.922450 0.012597 0.026814
0 0.527616 0.915089 0.006783 0.026814
1 0.543443 0.910620 0.011305 0.030494
0 0.570252 0.941640 0.007429 0.016824
1 0.557978 0.882229 0.010013 0.028391
1 0.617248 0.924816 0.012274 0.024185
1 0.618863 0.896425 0.010982 0.026288
1 0.602067 0.894848 0.011628 0.027340
1 0.591731 0.868297 0.010336 0.032072
1 0.607235 0.849106 0.009044 0.027340
1 0.614018 0.843849 0.009690 0.027340
1 0.588178 0.818875 0.009690 0.028917
1 0.604328 0.800210 0.009044 0.030494
1 0.617087 0.796530 0.010013 0.030494
1 0.529231 0.883807 0.008075 0.028391
1 0.540213 0.862776 0.008075 0.030494
1 0.550388 0.842008 0.009044 0.031020
1 0.556202 0.815983 0.009044 0.028391
1 0.542151 0.813354 0.008075 0.028391
1 0.536337 0.797844 0.008721 0.029968
1 0.526163 0.807308 0.007752 0.027865
1 0.508559 0.813354 0.008075 0.028391
1 0.526809 0.844111 0.007752 0.028917
1 0.510820 0.864090 0.009367 0.028917
1 0.498547 0.870137 0.008075 0.027340
1 0.616118 0.692955 0.010013 0.031546
1 0.616925 0.723449 0.009044 0.030494
1 0.599645 0.699527 0.008075 0.028917
1 0.601744 0.740536 0.009044 0.028917
1 0.591247 0.743954 0.008721 0.029443
1 0.607558 0.767613 0.007752 0.026288
1 0.587371 0.775499 0.008075 0.030494
1 0.553779 0.762618 0.008075 0.027865
1 0.544412 0.764458 0.006137 0.026288
1 0.535691 0.760515 0.007429 0.028917
1 0.523902 0.742114 0.007106 0.027865
1 0.510497 0.768402 0.008721 0.031020
1 0.550388 0.721872 0.008398 0.030494
