1 0.371875 0.980556 0.006771 0.017593
1 0.397526 0.966204 0.014844 0.021296
1 0.391146 0.901157 0.022396 0.018056
0 0.390625 0.879630 0.016667 0.014815
1 0.433073 0.968981 0.008854 0.040741
0 0.449349 0.964120 0.007552 0.020833
0 0.468490 0.978241 0.008333 0.023148
0 0.483594 0.979167 0.010417 0.041667
0 0.475391 0.955556 0.005469 0.011111
0 0.460547 0.935880 0.008073 0.020833
0 0.426563 0.923148 0.007292 0.025000
1 0.435417 0.914120 0.007292 0.020833
1 0.448047 0.912731 0.007031 0.033796
1 0.427344 0.867130 0.008333 0.031481
0 0.440625 0.869444 0.006250 0.032407
1 0.456120 0.879861 0.008594 0.034722
1 0.466016 0.857407 0.008073 0.041667
1 0.457422 0.836343 0.008073 0.035648
1 0.446615 0.825694 0.008333 0.031944
1 0.433073 0.826620 0.008854 0.034722
0 0.389323 0.791667 0.018229 0.015741
0 0.422917 0.779167 0.006771 0.031481
1 0.379948 0.767361 0.009896 0.040278
1 0.441146 0.779630 0.008854 0.032407
1 0.453125 0.775694 0.009375 0.035648
1 0.461068 0.794444 0.008073 0.040741
1 0.429688 0.755556 0.008854 0.029630
1 0.436068 0.739120 0.010156 0.041204
1 0.463021 0.722917 0.008333 0.018981
1 0.426042 0.711343 0.009375 0.035648
1 0.441146 0.699306 0.009375 0.028241
1 0.454297 0.693519 0.008594 0.031481
1 0.370443 0.701620 0.011719 0.036574
0 0.388151 0.706944 0.016927 0.021296
1 0.420573 0.663657 0.008854 0.032870
1 0.447917 0.670370 0.009375 0.037037
0 0.427995 0.640972 0.007552 0.027315
1 0.418750 0.605556 0.008854 0.015741
1 0.444271 0.636806 0.009375 0.035648
1 0.454688 0.640741 0.006771 0.032407
0 0.431250 0.602083 0.009375 0.033796
1 0.420964 0.580093 0.008073 0.028704
0 0.440495 0.587269 0.008073 0.032870
1 0.454688 0.570370 0.009375 0.032407
1 0.467839 0.574769 0.007552 0.018981
1 0.469922 0.542593 0.007552 0.017593
1 0.475521 0.517593 0.007292 0.030556
0 0.459375 0.528472 0.008333 0.032870
1 0.449740 0.517130 0.008854 0.032407
1 0.442969 0.550694 0.008333 0.034722
1 0.424870 0.533796 0.007552 0.031481
1 0.434245 0.508796 0.008073 0.029630
1 0.443490 0.491435 0.007812 0.028241
1 0.459896 0.475694 0.008333 0.015278
1 0.387240 0.570833 0.008333 0.033333
1 0.373698 0.530556 0.008854 0.030556
1 0.353125 0.515509 0.013021 0.014352
1 0.351693 0.462269 0.013802 0.023611
1 0.380990 0.451157 0.015104 0.023611
1 0.366016 0.422917 0.007031 0.031944
1 0.438542 0.466435 0.006771 0.028241
1 0.419922 0.409954 0.010677 0.031944
1 0.427995 0.413657 0.008594 0.027315
1 0.451693 0.455093 0.008073 0.033333
1 0.451042 0.414583 0.009375 0.036574
1 0.444922 0.385185 0.014323 0.028704
1 0.424740 0.376620 0.007812 0.032870
1 0.379297 0.371528 0.008594 0.033796
1 0.542318 0.385185 0.014323 0.021296
0 0.525521 0.365278 0.013542 0.023148
0 0.496745 0.359722 0.007031 0.033333
1 0.490495 0.398843 0.008073 0.028241
1 0.486719 0.368519 0.013021 0.015741
1 0.470573 0.353241 0.009375 0.037037
1 0.454297 0.315046 0.014323 0.018056
1 0.513802 0.356944 0.007812 0.025926
1 0.504297 0.357870 0.007031 0.033333
0 0.564323 0.335880 0.012500 0.018981
1 0.319271 0.462731 0.007292 0.029167
1 0.299870 0.458333 0.008073 0.026852
1 0.275651 0.458796 0.008594 0.025926
1 0.182422 0.465509 0.010156 0.031019
1 0.196224 0.461343 0.009635 0.028241
1 0.217188 0.462731 0.015104 0.023611
1 0.228646 0.455093 0.009375 0.019444
1 0.113672 0.465741 0.010677 0.033333
1 0.097266 0.464583 0.013802 0.033796
1 0.501563 0.415741 0.008333 0.025000
0 0.619922 0.377546 0.011198 0.027315
0 0.652474 0.375231 0.013281 0.031019
1 0.637370 0.382407 0.010677 0.022222
1 0.703776 0.453472 0.008073 0.032870
1 0.724219 0.450694 0.009375 0.034722
1 0.732943 0.449306 0.009635 0.031019
1 0.744792 0.448843 0.010937 0.029167
1 0.751172 0.450231 0.010156 0.027315
1 0.776823 0.452083 0.010417 0.029167
1 0.789714 0.446991 0.009635 0.033796
1 0.749349 0.355787 0.010156 0.036574
0 0.806771 0.368056 0.010417 0.032407
1 0.825521 0.364583 0.011979 0.033796
1 0.831120 0.372454 0.010156 0.028241
1 0.841797 0.368981 0.007031 0.027778
1 0.856771 0.364120 0.012500 0.037500
1 0.871094 0.345833 0.009375 0.033333
1 0.909896 0.355324 0.013542 0.035648
1 0.917969 0.342593 0.011979 0.032407
0 0.929948 0.352083 0.010417 0.031019
0 0.946875 0.345833 0.012500 0.034259
1 0.995964 0.188657 0.008073 0.032870
1 0.982552 0.189120 0.010937 0.031944
1 0.975521 0.193981 0.013021 0.034259
1 0.966146 0.199306 0.012500 0.033796
1 0.945443 0.289120 0.011198 0.036574
1 0.900521 0.265741 0.024479 0.016667
1 0.908073 0.250694 0.017708 0.017130
1 0.930599 0.197917 0.010677 0.029167
1 0.911719 0.208796 0.015104 0.032407
1 0.844922 0.269676 0.019531 0.013426
0 0.860417 0.308333 0.010937 0.032407
0 0.870964 0.302083 0.009635 0.032870
1 0.820964 0.160417 0.006510 0.038426
0 0.828125 0.162269 0.006250 0.032870
0 0.846224 0.198843 0.008594 0.032870
1 0.854297 0.156481 0.007552 0.030556
1 0.868099 0.155556 0.009115 0.041667
1 0.899349 0.155556 0.010156 0.038889
1 0.906250 0.158333 0.009375 0.029630
1 0.987500 0.151620 0.013542 0.036574
1 0.983724 0.042593 0.011198 0.033333
1 0.949870 0.047454 0.010156 0.032870
1 0.936068 0.050231 0.010677 0.034722
1 0.918099 0.056481 0.010677 0.035185
1 0.843750 0.050231 0.013021 0.031019
0 0.829818 0.049769 0.014323 0.028241
1 0.776172 0.052083 0.010156 0.035648
1 0.804688 0.045370 0.010937 0.032407
1 0.786068 0.236111 0.016927 0.024074
1 0.750521 0.214120 0.008333 0.024537
1 0.739974 0.237731 0.010677 0.032870
1 0.715365 0.225694 0.010937 0.028241
1 0.712370 0.254861 0.011198 0.036574
1 0.723568 0.342593 0.009635 0.030556
0 0.758594 0.306944 0.009375 0.033333
0 0.766667 0.306481 0.009375 0.034259
0 0.694922 0.308796 0.010156 0.030556
0 0.646745 0.316204 0.004948 0.032407
0 0.642448 0.316204 0.005729 0.033333
0 0.639193 0.315509 0.004427 0.031944
0 0.636719 0.316667 0.004687 0.032407
0 0.632943 0.317593 0.004948 0.031481
0 0.627995 0.318056 0.008073 0.031481
0 0.624219 0.318981 0.005208 0.031481
0 0.621094 0.319444 0.005729 0.032407
0 0.617318 0.318981 0.004948 0.032407
0 0.614193 0.317593 0.004427 0.032407
0 0.610547 0.312731 0.005469 0.030093
0 0.608594 0.318519 0.005729 0.031481
0 0.603646 0.313194 0.005729 0.031019
0 0.597917 0.313194 0.006250 0.029167
0 0.671615 0.265046 0.013021 0.029167
0 0.658464 0.266898 0.008073 0.033796
0 0.649349 0.268056 0.007031 0.032407
0 0.575521 0.266898 0.017708 0.011574
0 0.573568 0.243981 0.017448 0.009259
0 0.581641 0.217824 0.017969 0.014352
0 0.585938 0.096991 0.017188 0.019907
1 0.574870 0.161806 0.016927 0.018981
0 0.587891 0.006481 0.007031 0.012037
1 0.498698 0.104167 0.006771 0.021296
1 0.486198 0.014120 0.009375 0.028241
1 0.469141 0.022222 0.012760 0.029630
0 0.450521 0.033333 0.006771 0.029630
1 0.434115 0.040741 0.011458 0.034259
0 0.404818 0.009259 0.007552 0.018519
1 0.420443 0.074769 0.010156 0.031944
1 0.356771 0.035417 0.012500 0.027315
1 0.356641 0.067593 0.011198 0.029630
1 0.374219 0.067130 0.011979 0.030556
1 0.386198 0.095602 0.010417 0.035648
1 0.371094 0.119907 0.009375 0.030556
1 0.364323 0.126620 0.009896 0.031019
1 0.392448 0.151157 0.009896 0.032870
1 0.376693 0.174769 0.009115 0.033796
1 0.363672 0.180556 0.010156 0.034259
1 0.450391 0.068981 0.008073 0.031481
1 0.439974 0.094444 0.008073 0.034259
1 0.430469 0.119444 0.008854 0.035185
1 0.425651 0.149769 0.009115 0.031944
1 0.440495 0.150694 0.008073 0.031944
1 0.447396 0.167593 0.008854 0.033333
1 0.457422 0.155093 0.007552 0.031481
1 0.475391 0.145833 0.008073 0.031481
1 0.454818 0.113657 0.007552 0.031944
1 0.470573 0.088657 0.009375 0.032870
1 0.482943 0.080093 0.008073 0.030556
1 0.369922 0.298148 0.010156 0.035185
1 0.367318 0.263657 0.009115 0.033796
1 0.386589 0.288194 0.008073 0.032870
1 0.382292 0.242130 0.009375 0.032407
1 0.392969 0.236806 0.008854 0.032870
1 0.375000 0.212269 0.007812 0.029167
1 0.395443 0.200231 0.008073 0.033796
1 0.431120 0.209954 0.008073 0.031019
1 0.440495 0.206481 0.005990 0.029630
1 0.449870 0.209722 0.007552 0.032407
1 0.463021 0.228704 0.007292 0.031481
1 0.475651 0.196991 0.008594 0.034722
1 0.436589 0.255556 0.008594 0.034259
