1 0.630208 0.019444 0.006771 0.017593
1 0.604557 0.033796 0.014844 0.021296
1 0.610938 0.098843 0.022396 0.018056
0 0.611458 0.120370 0.016667 0.014815
1 0.569010 0.031019 0.008854 0.040741
0 0.552734 0.035880 0.007552 0.020833
0 0.533594 0.021759 0.008333 0.023148
0 0.518490 0.020833 0.010417 0.041667
0 0.526693 0.044444 0.005469 0.011111
0 0.541536 0.064120 0.008073 0.020833
0 0.575521 0.076852 0.007292 0.025000
1 0.566667 0.085880 0.007292 0.020833
1 0.554036 0.087269 0.007031 0.033796
1 0.574740 0.132870 0.008333 0.031481
0 0.561458 0.130556 0.006250 0.032407
1 0.545964 0.120139 0.008594 0.034722
1 0.536068 0.142593 0.008073 0.041667
1 0.544661 0.163657 0.008073 0.035648
1 0.555469 0.174306 0.008333 0.031944
1 0.569010 0.173380 0.008854 0.034722
0 0.612760 0.208333 0.018229 0.015741
0 0.579167 0.220833 0.006771 0.031481
1 0.622135 0.232639 0.009896 0.040278
1 0.560937 0.220370 0.008854 0.032407
1 0.548958 0.224306 0.009375 0.035648
1 0.541016 0.205556 0.008073 0.040741
1 0.572396 0.244444 0.008854 0.029630
1 0.566016 0.260880 0.010156 0.041204
1 0.539062 0.277083 0.008333 0.018981
1 0.576042 0.288657 0.009375 0.035648
1 0.560937 0.300694 0.009375 0.028241
1 0.547786 0.306481 0.008594 0.031481
1 0.631641 0.298380 0.011719 0.036574
0 0.613932 0.293056 0.016927 0.021296
1 0.581510 0.336343 0.008854 0.032870
1 0.554167 0.329630 0.009375 0.037037
0 0.574089 0.359028 0.007552 0.027315
1 0.583333 0.394444 0.008854 0.015741
1 0.557813 0.363194 0.009375 0.035648
1 0.547396 0.359259 0.006771 0.032407
0 0.570833 0.397917 0.009375 0.033796
1 0.581120 0.419907 0.008073 0.028704
0 0.561589 0.412731 0.008073 0.032870
1 0.547396 0.429630 0.009375 0.032407
1 0.534245 0.425231 0.007552 0.018981
1 0.532161 0.457407 0.007552 0.017593
1 0.526563 0.482407 0.007292 0.030556
0 0.542708 0.471528 0.008333 0.032870
1 0.552344 0.482870 0.008854 0.032407
1 0.559115 0.449306 0.008333 0.034722
1 0.577214 0.466204 0.007552 0.031481
1 0.567839 0.491204 0.008073 0.029630
1 0.558594 0.508565 0.007812 0.028241
1 0.542188 0.524306 0.008333 0.015278
1 0.614844 0.429167 0.008333 0.033333
1 0.628385 0.469444 0.008854 0.030556
1 0.648958 0.484491 0.013021 0.014352
1 0.650391 0.537731 0.013802 0.023611
1 0.621094 0.548843 0.015104 0.023611
1 0.636068 0.577083 0.007031 0.031944
1 0.563542 0.533565 0.006771 0.028241
1 0.582161 0.590046 0.010677 0.031944
1 0.574089 0.586343 0.008594 0.027315
1 0.550391 0.544907 0.008073 0.033333
1 0.551042 0.585417 0.009375 0.036574
1 0.557161 0.614815 0.014323 0.028704
1 0.577344 0.623380 0.007812 0.032870
1 0.622786 0.628472 0.008594 0.033796
1 0.459766 0.614815 0.014323 0.021296
0 0.476562 0.634722 0.013542 0.023148
0 0.505339 0.640278 0.007031 0.033333
1 0.511589 0.601157 0.008073 0.028241
1 0.515365 0.631481 0.013021 0.015741
1 0.531510 0.646759 0.009375 0.037037
1 0.547786 0.684954 0.014323 0.018056
1 0.488281 0.643056 0.007812 0.025926
1 0.497786 0.642130 0.007031 0.033333
0 0.437760 0.664120 0.012500 0.018981
1 0.682813 0.537269 0.007292 0.029167
1 0.702214 0.541667 0.008073 0.026852
1 0.726432 0.541204 0.008594 0.025926
1 0.819661 0.534491 0.010156 0.031019
1 0.805859 0.538657 0.009635 0.028241
1 0.784896 0.537269 0.015104 0.023611
1 0.773438 0.544907 0.009375 0.019444
1 0.888411 0.534259 0.010677 0.033333
1 0.904818 0.535417 0.013802 0.033796
1 0.500521 0.584259 0.008333 0.025000
0 0.382161 0.622454 0.011198 0.027315
0 0.349609 0.624769 0.013281 0.031019
1 0.364714 0.617593 0.010677 0.022222
1 0.298307 0.546528 0.008073 0.032870
1 0.277865 0.549306 0.009375 0.034722
1 0.269141 0.550694 0.009635 0.031019
1 0.257292 0.551157 0.010937 0.029167
1 0.250911 0.549769 0.010156 0.027315
1 0.225260 0.547917 0.010417 0.029167
1 0.212370 0.553009 0.009635 0.033796
1 0.252734 0.644213 0.010156 0.036574
0 0.195312 0.631944 0.010417 0.032407
1 0.176563 0.635417 0.011979 0.033796
1 0.170964 0.627546 0.010156 0.028241
1 0.160286 0.631019 0.007031 0.027778
1 0.145313 0.635880 0.012500 0.037500
1 0.130990 0.654167 0.009375 0.033333
1 0.092188 0.644676 0.013542 0.035648
1 0.084115 0.657407 0.011979 0.032407
0 0.072135 0.647917 0.010417 0.031019
0 0.055208 0.654167 0.012500 0.034259
1 0.006120 0.811343 0.008073 0.032870
1 0.019531 0.810880 0.010937 0.031944
1 0.026562 0.806019 0.013021 0.034259
1 0.035937 0.800694 0.012500 0.033796
1 0.056641 0.710880 0.011198 0.036574
1 0.101562 0.734259 0.024479 0.016667
1 0.094010 0.749306 0.017708 0.017130
1 0.071484 0.802083 0.010677 0.029167
1 0.090365 0.791204 0.015104 0.032407
1 0.157161 0.730324 0.019531 0.013426
0 0.141667 0.691667 0.010937 0.032407
0 0.131120 0.697917 0.009635 0.032870
1 0.181120 0.839583 0.006510 0.038426
0 0.173958 0.837731 0.006250 0.032870
0 0.155859 0.801157 0.008594 0.032870
1 0.147786 0.843519 0.007552 0.030556
1 0.133984 0.844444 0.009115 0.041667
1 0.102734 0.844444 0.010156 0.038889
1 0.095833 0.841667 0.009375 0.029630
1 0.014583 0.848380 0.013542 0.036574
1 0.018359 0.957407 0.011198 0.033333
1 0.052214 0.952546 0.010156 0.032870
1 0.066016 0.949769 0.010677 0.034722
1 0.083984 0.943519 0.010677 0.035185
1 0.158333 0.949769 0.013021 0.031019
0 0.172266 0.950231 0.014323 0.028241
1 0.225911 0.947917 0.010156 0.035648
1 0.197396 0.954630 0.010937 0.032407
1 0.216016 0.763889 0.016927 0.024074
1 0.251563 0.785880 0.008333 0.024537
1 0.262109 0.762269 0.010677 0.032870
1 0.286719 0.774306 0.010937 0.028241
1 0.289714 0.745139 0.011198 0.036574
1 0.278516 0.657407 0.009635 0.030556
0 0.243490 0.693056 0.009375 0.033333
0 0.235417 0.693519 0.009375 0.034259
0 0.307161 0.691204 0.010156 0.030556
0 0.355339 0.683796 0.004948 0.032407
0 0.359635 0.683796 0.005729 0.033333
0 0.362891 0.684491 0.004427 0.031944
0 0.365365 0.683333 0.004687 0.032407
0 0.369141 0.682407 0.004948 0.031481
0 0.374089 0.681944 0.008073 0.031481
0 0.377865 0.681019 0.005208 0.031481
0 0.380990 0.680556 0.005729 0.032407
0 0.384766 0.681019 0.004948 0.032407
0 0.387891 0.682407 0.004427 0.032407
0 0.391536 0.687269 0.005469 0.030093
0 0.393490 0.681481 0.005729 0.031481
0 0.398438 0.686806 0.005729 0.031019
0 0.404167 0.686806 0.006250 0.029167
0 0.330469 0.734954 0.013021 0.029167
0 0.343620 0.733102 0.008073 0.033796
0 0.352734 0.731944 0.007031 0.032407
0 0.426563 0.733102 0.017708 0.011574
0 0.428516 0.756019 0.017448 0.009259
0 0.420443 0.782176 0.017969 0.014352
0 0.416146 0.903009 0.017188 0.019907
1 0.427214 0.838194 0.016927 0.018981
0 0.414193 0.993519 0.007031 0.012037
1 0.503385 0.895833 0.006771 0.021296
1 0.515885 0.985880 0.009375 0.028241
1 0.532943 0.977778 0.012760 0.029630
0 0.551562 0.966667 0.006771 0.029630
1 0.567969 0.959259 0.011458 0.034259
0 0.597266 0.990741 0.007552 0.018519
1 0.581641 0.925231 0.010156 0.031944
1 0.645312 0.964583 0.012500 0.027315
1 0.645443 0.932407 0.011198 0.029630
1 0.627865 0.932870 0.011979 0.030556
1 0.615885 0.904398 0.010417 0.035648
1 0.630990 0.880093 0.009375 0.030556
1 0.637760 0.873380 0.009896 0.031019
1 0.609635 0.848843 0.009896 0.032870
1 0.625391 0.825231 0.009115 0.033796
1 0.638411 0.819444 0.010156 0.034259
1 0.551693 0.931019 0.008073 0.031481
1 0.562109 0.905556 0.008073 0.034259
1 0.571615 0.880556 0.008854 0.035185
1 0.576432 0.850231 0.009115 0.031944
1 0.561589 0.849306 0.008073 0.031944
1 0.554688 0.832407 0.008854 0.033333
1 0.544661 0.844907 0.007552 0.031481
1 0.526693 0.854167 0.008073 0.031481
1 0.547266 0.886343 0.007552 0.031944
1 0.531510 0.911343 0.009375 0.032870
1 0.519141 0.919907 0.008073 0.030556
1 0.632161 0.701852 0.010156 0.035185
1 0.634766 0.736343 0.009115 0.033796
1 0.615495 0.711806 0.008073 0.032870
1 0.619792 0.757870 0.009375 0.032407
1 0.609115 0.763194 0.008854 0.032870
1 0.627083 0.787731 0.007812 0.029167
1 0.606641 0.799769 0.008073 0.033796
1 0.570964 0.790046 0.008073 0.031019
1 0.561589 0.793519 0.005990 0.029630
1 0.552214 0.790278 0.007552 0.032407
1 0.539062 0.771296 0.007292 0.031481
1 0.526432 0.803009 0.008594 0.034722
1 0.565495 0.744444 0.008594 0.034259
