1 0.951093 0.012690 0.011107 0.016497
1 0.919563 0.014277 0.009674 0.019670
1 0.965783 0.121827 0.013973 0.043147
1 0.946614 0.096447 0.015765 0.052030
1 0.929774 0.093909 0.012899 0.035533
1 0.917234 0.091371 0.012899 0.034264
1 0.910964 0.098033 0.016123 0.047589
1 0.867431 0.012056 0.008599 0.015228
1 0.848262 0.009518 0.007524 0.010152
1 0.816912 0.011421 0.005016 0.013959
1 0.809387 0.011421 0.007166 0.013959
1 0.795593 0.010470 0.006091 0.013325
1 0.785023 0.012373 0.007166 0.015863
1 0.991580 0.217640 0.016123 0.016497
0 0.965604 0.175444 0.012182 0.039975
0 0.951989 0.167830 0.016482 0.039975
0 0.886600 0.096764 0.011824 0.041244
1 0.816732 0.113896 0.011107 0.045051
1 0.933178 0.214150 0.025439 0.014594
1 0.761913 0.009201 0.006808 0.010787
0 0.711931 0.011104 0.005016 0.015863
1 0.734862 0.044099 0.020781 0.022208
1 0.784844 0.096129 0.012540 0.043782
0 0.748656 0.171637 0.012540 0.041244
0 0.833572 0.171637 0.021139 0.041244
1 0.701003 0.087246 0.012540 0.037437
0 0.694375 0.093591 0.008599 0.039975
0 0.675206 0.088198 0.008957 0.040609
0 0.658187 0.091688 0.012182 0.038706
0 0.637764 0.087563 0.012182 0.040609
0 0.689717 0.164975 0.006449 0.040609
0 0.685417 0.166878 0.006449 0.041878
0 0.681118 0.167830 0.006449 0.039975
0 0.676997 0.165609 0.006091 0.040609
0 0.673235 0.164023 0.007166 0.041244
0 0.666786 0.162437 0.007882 0.039340
0 0.662666 0.162437 0.006808 0.041878
0 0.658187 0.161802 0.006449 0.040609
0 0.653708 0.162437 0.006808 0.043147
0 0.650125 0.165292 0.004658 0.042513
0 0.646363 0.170368 0.006449 0.042513
0 0.642601 0.163388 0.005374 0.042513
0 0.637585 0.169416 0.007524 0.043147
0 0.630598 0.171320 0.009316 0.040609
0 0.620208 0.158312 0.009316 0.039975
0 0.617162 0.131662 0.007524 0.042513
0 0.608384 0.107868 0.020781 0.019036
0 0.603189 0.131345 0.018273 0.022843
0 0.586707 0.091371 0.019706 0.026650
0 0.723038 0.229378 0.011465 0.038706
0 0.704407 0.225888 0.011465 0.043147
0 0.694196 0.222716 0.009674 0.040609
0 0.578825 0.171954 0.019706 0.020305
0 0.603726 0.223033 0.022214 0.018401
0 0.542995 0.014594 0.011107 0.022843
1 0.534038 0.087246 0.016840 0.043782
1 0.538517 0.113579 0.013615 0.031726
1 0.515944 0.134201 0.008599 0.037437
1 0.497134 0.147525 0.011107 0.036168
1 0.503583 0.091688 0.011107 0.051396
1 0.506091 0.033947 0.010391 0.043782
1 0.491043 0.008566 0.006808 0.012056
1 0.472770 0.013325 0.009674 0.021574
1 0.462558 0.035850 0.009316 0.037437
1 0.482444 0.074873 0.014690 0.032995
0 0.460588 0.080584 0.010391 0.031726
1 0.443031 0.007931 0.008241 0.010787
1 0.450018 0.025698 0.011465 0.045051
1 0.428162 0.029188 0.011465 0.041878
1 0.432461 0.085025 0.010032 0.040609
1 0.444464 0.095495 0.009674 0.037437
1 0.462737 0.125317 0.010391 0.032360
1 0.446077 0.153871 0.009316 0.036168
0 0.519527 0.176079 0.010749 0.037437
0 0.514690 0.217005 0.011107 0.031726
1 0.500358 0.208439 0.012540 0.042513
1 0.424758 0.205266 0.011107 0.046320
0 0.393228 0.049175 0.016840 0.031091
1 0.350054 0.092640 0.012182 0.041878
1 0.347008 0.149112 0.011107 0.044416
1 0.953601 0.249365 0.023289 0.020305
1 0.862057 0.255711 0.022931 0.030457
0 0.934970 0.301396 0.013973 0.041878
0 0.911680 0.345495 0.008241 0.041244
1 0.902544 0.345812 0.010032 0.044416
1 0.943210 0.352475 0.009674 0.038706
1 0.960408 0.351206 0.011107 0.046320
1 0.995342 0.351206 0.007882 0.045051
0 0.598710 0.253490 0.023647 0.015863
0 0.609459 0.285850 0.023647 0.015863
1 0.600502 0.352475 0.021498 0.023477
1 0.439627 0.263325 0.010749 0.040609
1 0.491580 0.259201 0.010749 0.037437
0 0.475099 0.324873 0.010749 0.040609
0 0.507703 0.367703 0.007166 0.034898
1 0.485668 0.325508 0.009674 0.044416
1 0.442494 0.319162 0.010032 0.035533
1 0.453959 0.366434 0.010749 0.043782
1 0.436761 0.415609 0.012182 0.041878
1 0.365819 0.250000 0.010749 0.038071
1 0.359549 0.333439 0.010391 0.046320
1 0.372805 0.395622 0.011824 0.041244
1 0.345933 0.330266 0.010391 0.041244
1 0.342171 0.373096 0.010749 0.044416
1 0.305625 0.491751 0.018631 0.032995
1 0.290756 0.550761 0.018990 0.024112
1 0.283232 0.574239 0.018990 0.032995
1 0.296847 0.585660 0.022573 0.026650
1 0.315837 0.525381 0.016123 0.031726
1 0.325152 0.481282 0.015407 0.031091
1 0.331422 0.435279 0.013615 0.040609
1 0.350770 0.443211 0.015765 0.037437
1 0.357578 0.480964 0.015048 0.036802
1 0.333214 0.501904 0.014332 0.039340
1 0.336976 0.536168 0.017556 0.034264
1 0.411860 0.469860 0.013973 0.042513
1 0.433716 0.481916 0.011824 0.038706
1 0.474919 0.471129 0.013973 0.043782
1 0.390720 0.538071 0.014690 0.032995
1 0.400394 0.553934 0.013257 0.030457
1 0.422250 0.556155 0.015407 0.036168
1 0.435507 0.574556 0.012540 0.031091
1 0.554998 0.543782 0.012182 0.030457
0 0.535829 0.585343 0.021856 0.018401
1 0.930312 0.480330 0.016840 0.040609
0 0.912039 0.481916 0.020423 0.033629
1 0.880330 0.488896 0.014332 0.036168
1 0.846292 0.480964 0.014332 0.043147
0 0.597635 0.562817 0.009316 0.038071
1 0.265675 0.602475 0.021139 0.024746
1 0.210677 0.732234 0.024364 0.020305
1 0.234862 0.738579 0.024006 0.020305
1 0.256718 0.712881 0.023289 0.018401
1 0.269079 0.736675 0.022214 0.019036
0 0.288427 0.741434 0.022931 0.017132
1 0.291114 0.695431 0.024006 0.025381
1 0.305446 0.706536 0.021856 0.023477
1 0.356861 0.611041 0.018631 0.029188
1 0.340201 0.656091 0.021139 0.026650
1 0.339126 0.699556 0.024722 0.018401
1 0.334110 0.743972 0.020423 0.027284
1 0.389287 0.598668 0.018273 0.033629
1 0.372805 0.644987 0.013257 0.032360
1 0.397169 0.633566 0.016123 0.032360
1 0.374239 0.697652 0.014690 0.039975
1 0.400932 0.693211 0.016482 0.031091
1 0.426012 0.631662 0.014332 0.031091
1 0.462200 0.591688 0.016482 0.039975
1 0.448406 0.648477 0.008957 0.034264
1 0.470799 0.669099 0.011465 0.041244
1 0.449660 0.718591 0.019348 0.018401
1 0.459513 0.739530 0.018990 0.024746
1 0.487639 0.607234 0.010749 0.036802
1 0.489609 0.681472 0.011107 0.040609
1 0.554102 0.742386 0.024006 0.019036
0 0.006987 0.840102 0.013257 0.020305
1 0.036546 0.812817 0.023647 0.021574
1 0.054998 0.848033 0.023289 0.019670
1 0.110176 0.834708 0.020423 0.015863
0 0.166607 0.814404 0.022931 0.019670
0 0.191150 0.760787 0.024722 0.019036
0 0.199212 0.806155 0.021498 0.018401
0 0.205840 0.869607 0.026155 0.012056
0 0.214081 0.823921 0.023289 0.020939
1 0.242028 0.868338 0.020423 0.014594
1 0.238087 0.823287 0.024006 0.019670
1 0.260301 0.835660 0.020423 0.016497
1 0.262988 0.802665 0.022214 0.019036
1 0.221068 0.769670 0.025081 0.020305
1 0.240416 0.782043 0.023647 0.023477
1 0.254210 0.759835 0.021139 0.019670
1 0.286456 0.769036 0.023289 0.024112
0 0.307238 0.780457 0.023289 0.017766
1 0.285740 0.805203 0.020423 0.017766
1 0.293264 0.827411 0.021139 0.016497
1 0.311358 0.854695 0.019348 0.016497
1 0.365460 0.881345 0.025081 0.020305
1 0.363311 0.818211 0.026514 0.017132
1 0.363311 0.794734 0.024364 0.013325
0 0.340201 0.765546 0.019706 0.028553
1 0.360623 0.762373 0.017556 0.020939
1 0.393407 0.758566 0.013615 0.037437
1 0.418846 0.752855 0.012182 0.038706
1 0.434970 0.883566 0.011465 0.042513
0 0.507345 0.833756 0.020781 0.024112
1 0.550520 0.782678 0.023289 0.022208
1 0.546578 0.823287 0.019706 0.022208
1 0.555357 0.883566 0.023647 0.023477
1 0.605876 0.823604 0.022931 0.019036
1 0.646901 0.887690 0.026155 0.024112
1 0.681834 0.856282 0.024364 0.020939
1 0.715156 0.807107 0.021498 0.019036
1 0.708707 0.874048 0.018631 0.022208
1 0.736833 0.861041 0.028305 0.024112
1 0.766929 0.829315 0.029022 0.029188
0 0.771766 0.848350 0.020781 0.017766
0 0.841634 0.838198 0.025081 0.021574
0 0.839126 0.871827 0.025797 0.019036
0 0.881405 0.870558 0.028664 0.021574
0 0.888391 0.807424 0.023289 0.020939
0 0.946077 0.835025 0.034038 0.025381
1 0.417771 0.937817 0.013615 0.036802
1 0.432103 0.983820 0.020781 0.024746
1 0.214439 0.975571 0.022573 0.019670
1 0.242028 0.987627 0.024722 0.015863
