1 0.951172 0.992130 0.010677 0.015741
1 0.919792 0.990509 0.009375 0.018981
1 0.966146 0.882407 0.013542 0.042593
1 0.946875 0.908102 0.015625 0.051389
1 0.929948 0.910417 0.012500 0.035648
1 0.917448 0.913194 0.012500 0.033796
1 0.911198 0.906019 0.015625 0.047222
1 0.867448 0.992593 0.008333 0.014815
1 0.848177 0.994907 0.007292 0.009259
1 0.816797 0.992824 0.004948 0.013426
1 0.809245 0.992824 0.006510 0.013426
1 0.795443 0.993519 0.005990 0.012963
1 0.784896 0.991898 0.006771 0.015278
1 0.992188 0.786343 0.015625 0.016204
0 0.966146 0.828472 0.011979 0.039352
0 0.952344 0.836111 0.016146 0.039815
0 0.886719 0.907407 0.011458 0.040741
1 0.816797 0.889583 0.010677 0.044907
1 0.933594 0.789583 0.025000 0.014352
1 0.761719 0.994444 0.006250 0.010185
0 0.711719 0.992593 0.004687 0.014815
1 0.734766 0.959491 0.020573 0.021759
1 0.784766 0.907407 0.012240 0.043519
0 0.748698 0.831481 0.011979 0.040741
0 0.833724 0.831944 0.020573 0.040741
1 0.700651 0.915972 0.012240 0.036574
0 0.694141 0.909491 0.008073 0.039352
0 0.674870 0.914815 0.008594 0.039815
0 0.657813 0.911111 0.011979 0.037963
0 0.637500 0.915278 0.011979 0.039815
0 0.689714 0.837731 0.005990 0.040278
0 0.685417 0.835880 0.006250 0.041204
0 0.680990 0.834722 0.006250 0.039815
0 0.676823 0.836806 0.005729 0.040278
0 0.673047 0.838657 0.007031 0.041204
0 0.666797 0.840278 0.007552 0.038889
0 0.662370 0.840278 0.006510 0.041667
0 0.658073 0.840509 0.006250 0.040278
0 0.653516 0.840046 0.006510 0.043056
0 0.649870 0.837269 0.004427 0.042130
0 0.646094 0.831944 0.006250 0.042593
0 0.642318 0.839120 0.004948 0.042130
0 0.637500 0.832870 0.007292 0.042593
0 0.630469 0.831019 0.008854 0.040741
0 0.619922 0.843981 0.009115 0.039815
0 0.616797 0.870833 0.007031 0.041667
0 0.607943 0.894907 0.020573 0.018519
0 0.602995 0.871065 0.017969 0.021759
0 0.586198 0.911343 0.019271 0.026389
0 0.723177 0.773148 0.010937 0.037963
0 0.704297 0.776620 0.011198 0.043056
0 0.694141 0.779398 0.009115 0.040278
0 0.578516 0.830093 0.019531 0.020370
0 0.603646 0.778704 0.021875 0.017593
0 0.542318 0.988194 0.010677 0.022685
1 0.533594 0.915046 0.016667 0.043981
1 0.538021 0.888657 0.013542 0.031019
1 0.515495 0.867593 0.008073 0.037037
1 0.496745 0.854398 0.010677 0.035648
1 0.502995 0.910185 0.010677 0.050926
1 0.505339 0.968519 0.010156 0.043519
1 0.490365 0.993981 0.006250 0.011111
1 0.471875 0.989120 0.009375 0.020833
1 0.461849 0.966204 0.009115 0.037037
1 0.481771 0.927083 0.014583 0.032870
0 0.459896 0.921296 0.009896 0.031481
1 0.442188 0.994444 0.007812 0.010185
1 0.449349 0.976620 0.011198 0.044907
1 0.427344 0.972917 0.011458 0.041204
1 0.431771 0.916898 0.009896 0.040278
1 0.443750 0.906481 0.009375 0.037037
1 0.462240 0.876620 0.009896 0.031944
1 0.445573 0.847685 0.008854 0.036111
0 0.519141 0.825926 0.010677 0.037037
0 0.514323 0.784259 0.010937 0.031481
1 0.500000 0.793056 0.012500 0.042593
1 0.424219 0.795833 0.010937 0.046296
0 0.392448 0.952546 0.016667 0.030093
1 0.349219 0.908796 0.011979 0.041667
1 0.346224 0.852083 0.010677 0.043981
1 0.954167 0.754167 0.022917 0.020370
1 0.862370 0.747454 0.022656 0.030093
0 0.935547 0.701620 0.013802 0.041204
0 0.912370 0.657407 0.008073 0.040741
1 0.903125 0.656944 0.009896 0.043519
1 0.943750 0.650231 0.009375 0.038426
1 0.961068 0.651620 0.010677 0.045833
1 0.996094 0.652083 0.007812 0.044907
0 0.598568 0.748148 0.023177 0.015741
0 0.609375 0.715972 0.023438 0.015278
1 0.600521 0.648611 0.021354 0.023148
1 0.439193 0.737731 0.010677 0.040278
1 0.491276 0.741898 0.010156 0.037500
0 0.474870 0.675694 0.010156 0.040278
0 0.507552 0.632870 0.006771 0.034259
1 0.485417 0.675231 0.009375 0.043981
1 0.442318 0.681481 0.009635 0.035185
1 0.453646 0.633796 0.010417 0.043519
1 0.436719 0.584259 0.011979 0.041667
1 0.365365 0.750694 0.010417 0.037500
1 0.359245 0.666435 0.010156 0.045833
1 0.372396 0.604167 0.011458 0.040741
1 0.345443 0.669907 0.010156 0.040741
1 0.341927 0.626620 0.010417 0.043981
1 0.305469 0.506944 0.018229 0.032407
1 0.290625 0.447454 0.018750 0.023611
1 0.283073 0.423843 0.018750 0.032870
1 0.296745 0.412731 0.022135 0.026389
1 0.315625 0.473380 0.015625 0.031019
1 0.325000 0.517593 0.015104 0.030556
1 0.331120 0.564120 0.013281 0.040278
1 0.350521 0.556019 0.015625 0.037037
1 0.357422 0.518287 0.014844 0.036574
1 0.332943 0.496991 0.013802 0.039352
1 0.336849 0.462731 0.017448 0.033796
1 0.411849 0.529630 0.013802 0.042593
1 0.433594 0.517593 0.011458 0.038889
1 0.474870 0.528704 0.013802 0.043519
1 0.390625 0.460880 0.014583 0.031944
1 0.400521 0.444907 0.013021 0.029630
1 0.422396 0.442824 0.015104 0.035648
1 0.435677 0.424306 0.011979 0.031019
1 0.555339 0.456019 0.011719 0.029630
0 0.536198 0.414120 0.021354 0.018056
1 0.931250 0.521991 0.016667 0.040278
0 0.912891 0.519907 0.020052 0.033333
1 0.881120 0.512731 0.013802 0.035648
1 0.846875 0.520833 0.014063 0.042593
0 0.597917 0.437037 0.008854 0.037963
1 0.265495 0.395370 0.020573 0.024074
1 0.210547 0.264583 0.024219 0.019907
1 0.234896 0.258333 0.023958 0.019444
1 0.256771 0.284259 0.022917 0.017593
1 0.269141 0.260417 0.022135 0.018056
0 0.288672 0.256019 0.022656 0.016667
1 0.291146 0.302083 0.023958 0.025463
1 0.305469 0.291204 0.021354 0.023148
1 0.356771 0.387269 0.018229 0.029167
1 0.340365 0.341898 0.020833 0.026389
1 0.339323 0.298380 0.024479 0.018056
1 0.334375 0.253472 0.020313 0.026389
1 0.389323 0.399769 0.018229 0.032870
1 0.372917 0.353241 0.013021 0.032407
1 0.397396 0.365046 0.015625 0.031944
1 0.374349 0.300231 0.014323 0.039352
1 0.401172 0.305093 0.016406 0.030556
1 0.426172 0.366667 0.013802 0.030556
1 0.462370 0.407407 0.016406 0.039815
1 0.448698 0.350231 0.008854 0.033796
1 0.471224 0.329398 0.011198 0.041204
1 0.450000 0.279630 0.018750 0.017593
1 0.459896 0.258796 0.018750 0.024074
1 0.488021 0.391667 0.010417 0.036111
1 0.489974 0.317130 0.010677 0.039815
1 0.554688 0.256019 0.023958 0.018519
0 0.006771 0.155093 0.013021 0.020370
1 0.036198 0.182870 0.023438 0.021296
1 0.054948 0.147454 0.022917 0.018981
1 0.110026 0.160880 0.020052 0.015278
0 0.166667 0.181944 0.022396 0.019444
0 0.191146 0.235880 0.024479 0.018056
0 0.199219 0.190046 0.021354 0.018056
0 0.206120 0.126389 0.025781 0.011111
0 0.214193 0.172454 0.022656 0.019907
1 0.242318 0.127778 0.020052 0.013889
1 0.238151 0.173380 0.023698 0.018981
1 0.260547 0.160880 0.020052 0.016204
1 0.263021 0.193981 0.021875 0.018519
1 0.221094 0.227083 0.025000 0.019907
1 0.240625 0.214815 0.023438 0.023148
1 0.254297 0.237269 0.020573 0.018981
1 0.286719 0.228009 0.022917 0.023611
0 0.307422 0.216667 0.023177 0.016667
1 0.286068 0.191667 0.020052 0.016667
1 0.293490 0.169444 0.020833 0.015741
1 0.311719 0.142130 0.019271 0.015741
1 0.366016 0.115509 0.024740 0.019907
1 0.363672 0.179167 0.026302 0.016667
1 0.363672 0.202778 0.024219 0.012963
0 0.340495 0.231944 0.019531 0.027778
1 0.360938 0.235185 0.017188 0.020370
1 0.393620 0.239120 0.013281 0.037500
1 0.419271 0.245139 0.011979 0.038426
1 0.435677 0.113657 0.010937 0.042130
0 0.507943 0.164120 0.020573 0.023611
1 0.551172 0.215972 0.023177 0.021759
1 0.547266 0.174769 0.019531 0.021759
1 0.556120 0.114120 0.023177 0.022685
1 0.606771 0.174769 0.022396 0.018981
1 0.647917 0.110417 0.025521 0.023611
1 0.682813 0.142130 0.023958 0.020370
1 0.716146 0.192130 0.021354 0.018519
1 0.709766 0.124769 0.018490 0.021759
1 0.738021 0.137731 0.028125 0.023611
1 0.767969 0.169907 0.028646 0.028704
0 0.773047 0.150694 0.020573 0.017130
0 0.842839 0.161343 0.024740 0.020833
0 0.840495 0.127546 0.025781 0.018056
0 0.882943 0.129167 0.028385 0.021296
0 0.889714 0.192593 0.023177 0.020370
0 0.947526 0.165046 0.033594 0.024537
1 0.418620 0.059028 0.013281 0.036574
1 0.432943 0.012731 0.020573 0.024537
1 0.214844 0.019907 0.022396 0.019444
1 0.242448 0.007870 0.024479 0.015741
