1 0.048004 0.968570 0.010887 0.015571
1 0.079347 0.967993 0.009568 0.019031
1 0.033982 0.861303 0.013857 0.042099
1 0.053118 0.886967 0.015836 0.050750
1 0.069779 0.889562 0.012867 0.035179
1 0.082151 0.892445 0.012537 0.034025
1 0.088420 0.885525 0.015836 0.046713
1 0.130980 0.971165 0.008578 0.014994
1 0.150280 0.973760 0.007588 0.009804
1 0.181458 0.972607 0.005279 0.013264
1 0.188882 0.972895 0.006928 0.013841
1 0.202408 0.973760 0.006269 0.013264
1 0.212966 0.972607 0.006928 0.015571
1 0.008908 0.767013 0.015836 0.016148
0 0.034477 0.808535 0.012207 0.039216
0 0.048169 0.816609 0.016496 0.039216
0 0.112669 0.887543 0.011547 0.040369
1 0.182283 0.871684 0.010887 0.044406
1 0.066975 0.771338 0.025074 0.014418
1 0.235896 0.975490 0.006598 0.010957
0 0.285549 0.974625 0.004949 0.014994
1 0.263114 0.942042 0.020785 0.021338
1 0.213791 0.890138 0.012537 0.043253
0 0.250247 0.816609 0.012207 0.040369
0 0.165787 0.815456 0.020785 0.040369
1 0.297262 0.900519 0.012537 0.036332
0 0.303695 0.894175 0.008248 0.038639
0 0.322831 0.899942 0.008908 0.039792
0 0.339657 0.896770 0.012207 0.038062
0 0.359782 0.901384 0.012207 0.039216
0 0.308644 0.824394 0.006269 0.039792
0 0.312933 0.822664 0.006269 0.040946
0 0.317387 0.821799 0.006598 0.039216
0 0.321346 0.823818 0.005939 0.039792
0 0.325305 0.825548 0.007258 0.040946
0 0.331244 0.827278 0.007918 0.038639
0 0.335698 0.827566 0.006928 0.041522
0 0.339987 0.827855 0.006269 0.039792
0 0.344606 0.827566 0.006928 0.042676
0 0.348070 0.824971 0.004619 0.042099
0 0.352029 0.819781 0.006598 0.042099
0 0.355658 0.826990 0.005279 0.041522
0 0.360442 0.820934 0.007588 0.042099
0 0.367535 0.819493 0.009238 0.040369
0 0.377763 0.832180 0.009238 0.039216
0 0.380732 0.858420 0.007258 0.040946
0 0.389310 0.882065 0.020455 0.019031
0 0.394424 0.858997 0.018146 0.021338
0 0.410756 0.898789 0.019136 0.025952
0 0.275817 0.760381 0.011217 0.037486
0 0.294622 0.764418 0.011217 0.042099
0 0.304685 0.767301 0.009568 0.039792
0 0.419004 0.819781 0.019795 0.020185
0 0.394424 0.769031 0.022105 0.017878
0 0.453811 0.974625 0.010887 0.023068
1 0.462884 0.903691 0.017156 0.043829
1 0.458595 0.877739 0.013857 0.031142
1 0.481194 0.857843 0.008248 0.036332
1 0.500000 0.845156 0.010887 0.035179
1 0.493402 0.899366 0.010887 0.050173
1 0.490432 0.956459 0.010228 0.043253
1 0.505114 0.981546 0.006598 0.011534
1 0.523425 0.977509 0.009568 0.020761
1 0.533652 0.955306 0.009568 0.036332
1 0.514187 0.916667 0.014847 0.032872
0 0.535962 0.911476 0.010228 0.031719
1 0.552953 0.983276 0.007918 0.010381
1 0.546024 0.965686 0.011217 0.044406
1 0.567799 0.962803 0.011877 0.040946
1 0.564005 0.908016 0.010228 0.039792
1 0.552128 0.897347 0.009568 0.036909
1 0.533982 0.867647 0.010228 0.031719
1 0.550643 0.840254 0.009238 0.035755
0 0.477895 0.817186 0.010887 0.036909
0 0.483009 0.776528 0.011217 0.031719
1 0.497196 0.785179 0.012537 0.042099
1 0.572418 0.789792 0.011217 0.045559
0 0.602606 0.943483 0.016826 0.029988
1 0.645826 0.901961 0.012207 0.041522
1 0.649126 0.846886 0.010887 0.043253
1 0.046849 0.736448 0.023095 0.020761
1 0.138073 0.732122 0.022765 0.029412
0 0.065820 0.685698 0.014187 0.040369
0 0.089244 0.643022 0.008248 0.040369
1 0.098482 0.642734 0.010228 0.043253
1 0.058232 0.635525 0.009568 0.038062
1 0.041076 0.636390 0.010887 0.045559
1 0.006269 0.635813 0.007918 0.044406
0 0.399703 0.739331 0.023425 0.016148
0 0.389310 0.707612 0.023755 0.014994
1 0.398713 0.641869 0.021445 0.023068
1 0.558067 0.732699 0.010887 0.039792
1 0.506269 0.735871 0.010228 0.036909
0 0.523095 0.671569 0.010228 0.039792
0 0.490927 0.628893 0.007258 0.034025
1 0.512537 0.670992 0.009568 0.043253
1 0.555262 0.677912 0.009898 0.035179
1 0.544375 0.631200 0.010558 0.043253
1 0.561696 0.583333 0.012207 0.040946
1 0.631145 0.747405 0.010558 0.036909
1 0.637743 0.665225 0.010558 0.045559
1 0.625206 0.604383 0.011877 0.040369
1 0.651435 0.668973 0.010228 0.040369
1 0.655229 0.626874 0.010558 0.043829
1 0.692346 0.510957 0.018146 0.032295
1 0.707522 0.453576 0.018806 0.023645
1 0.715275 0.430507 0.019136 0.032872
1 0.701749 0.419550 0.022435 0.025952
1 0.682613 0.478085 0.015836 0.031142
1 0.672880 0.521050 0.015506 0.030565
1 0.666612 0.566032 0.013527 0.039792
1 0.647311 0.557958 0.015836 0.036332
1 0.640713 0.521050 0.015177 0.036332
1 0.665127 0.500865 0.013857 0.038639
1 0.661663 0.467128 0.017486 0.033449
1 0.586605 0.530854 0.013857 0.042099
1 0.565160 0.518454 0.011877 0.038062
1 0.524249 0.528258 0.013857 0.042676
1 0.608215 0.463956 0.014847 0.031719
1 0.598482 0.448385 0.013197 0.029412
1 0.576872 0.445790 0.015506 0.035755
1 0.564005 0.427336 0.012207 0.031142
1 0.444903 0.455306 0.012207 0.029412
0 0.464203 0.414937 0.021775 0.017878
1 0.071429 0.510669 0.016826 0.039792
0 0.089739 0.508939 0.020455 0.032872
1 0.121247 0.502595 0.014187 0.035179
1 0.155229 0.511246 0.014187 0.042099
0 0.402837 0.435698 0.009238 0.037486
1 0.732926 0.403114 0.020785 0.024221
1 0.788519 0.277105 0.024414 0.020185
1 0.764269 0.270473 0.024084 0.019608
1 0.742329 0.294983 0.023095 0.017878
1 0.730287 0.271626 0.022105 0.018454
0 0.710986 0.266724 0.023095 0.016724
1 0.708182 0.311419 0.024084 0.025375
1 0.693995 0.300750 0.021445 0.023645
1 0.642362 0.393310 0.018476 0.028835
1 0.659023 0.349481 0.020785 0.026528
1 0.660343 0.306805 0.024744 0.018454
1 0.665787 0.263264 0.020455 0.025952
1 0.610030 0.404556 0.018476 0.032872
1 0.626691 0.359573 0.013527 0.031719
1 0.602441 0.370531 0.015836 0.031719
1 0.625536 0.307958 0.014517 0.039216
1 0.598977 0.311995 0.016826 0.029988
1 0.573738 0.371396 0.013857 0.029988
1 0.537446 0.410035 0.016496 0.039216
1 0.551468 0.354671 0.008908 0.033449
1 0.529363 0.333910 0.011547 0.040369
1 0.550808 0.285755 0.018806 0.017878
1 0.541076 0.265283 0.019136 0.024221
1 0.512207 0.394464 0.010887 0.035755
1 0.510887 0.321511 0.010887 0.039792
1 0.447212 0.260381 0.024084 0.019031
0 0.991422 0.175317 0.013197 0.020761
1 0.962059 0.201557 0.023755 0.021338
1 0.943583 0.166378 0.023095 0.019031
1 0.888981 0.178489 0.020125 0.015571
0 0.832564 0.197520 0.022765 0.019031
0 0.807819 0.249423 0.024744 0.017878
0 0.800231 0.204729 0.021445 0.018454
0 0.793962 0.142445 0.026064 0.011534
0 0.785384 0.187140 0.022765 0.020185
1 0.758001 0.142734 0.020125 0.014418
1 0.761795 0.187428 0.023755 0.019608
1 0.739525 0.174740 0.020125 0.016148
1 0.736886 0.207036 0.022105 0.018454
1 0.778291 0.240196 0.025074 0.020185
1 0.758990 0.227797 0.023425 0.023068
1 0.745134 0.249423 0.020785 0.019031
1 0.713296 0.239619 0.023095 0.023645
0 0.692676 0.228085 0.023425 0.016724
1 0.714121 0.204152 0.020125 0.017301
1 0.706862 0.182238 0.020785 0.016148
1 0.689047 0.155133 0.019466 0.016148
1 0.635434 0.127739 0.025074 0.020185
1 0.637083 0.190023 0.026394 0.016724
1 0.637083 0.213091 0.024414 0.013264
0 0.659848 0.242215 0.019795 0.027682
1 0.639558 0.244810 0.017486 0.020185
1 0.606895 0.247693 0.013527 0.037486
1 0.581491 0.253172 0.012207 0.038062
1 0.566150 0.124567 0.011217 0.041522
0 0.494226 0.171857 0.020455 0.023068
1 0.450841 0.221453 0.023425 0.021915
1 0.455130 0.181084 0.019466 0.021915
1 0.446882 0.121972 0.023425 0.022491
1 0.396074 0.179642 0.022765 0.019031
1 0.355823 0.116205 0.025404 0.023645
1 0.320851 0.146194 0.024084 0.020185
1 0.287529 0.194060 0.021445 0.019031
1 0.294292 0.128604 0.018476 0.021915
1 0.266249 0.140427 0.028373 0.023645
1 0.236391 0.171280 0.028703 0.028835
0 0.231442 0.152249 0.020785 0.017301
0 0.161993 0.160900 0.025074 0.020761
0 0.164632 0.128028 0.025734 0.018454
0 0.122567 0.128893 0.028703 0.021338
0 0.115308 0.190311 0.023425 0.020761
0 0.058067 0.162053 0.033652 0.024221
1 0.583636 0.071511 0.013197 0.035755
1 0.569779 0.025952 0.020455 0.024221
1 0.786044 0.038351 0.022765 0.019031
1 0.758825 0.025952 0.024414 0.016148
