1 0.926161 0.011686 0.010692 0.014469
1 0.895757 0.016138 0.009355 0.017807
1 0.944036 0.109905 0.013699 0.039510
1 0.924490 0.088203 0.015369 0.047301
1 0.908119 0.087646 0.012696 0.032832
1 0.895924 0.086255 0.012362 0.031163
1 0.890077 0.093489 0.015369 0.043406
1 0.845139 0.018920 0.008353 0.014469
1 0.826261 0.018364 0.007350 0.008904
1 0.796024 0.023372 0.005012 0.012243
1 0.788507 0.024207 0.006682 0.012799
1 0.775142 0.024763 0.006014 0.012799
1 0.764952 0.027268 0.007016 0.014469
1 0.972269 0.194769 0.015369 0.015582
0 0.945707 0.158876 0.011694 0.036171
0 0.932175 0.153033 0.016037 0.036728
0 0.866355 0.094602 0.011360 0.037841
1 0.799198 0.117140 0.010692 0.041736
1 0.915469 0.196995 0.024724 0.013356
1 0.742566 0.026989 0.006348 0.009460
0 0.694120 0.033111 0.005012 0.013912
1 0.717508 0.061213 0.020381 0.020033
1 0.767624 0.104062 0.012362 0.040067
0 0.735048 0.176127 0.012028 0.037284
0 0.817407 0.167780 0.020381 0.037284
1 0.685767 0.103784 0.012362 0.033945
0 0.679586 0.110462 0.008019 0.036171
0 0.660875 0.107401 0.008687 0.036728
0 0.644504 0.112131 0.012028 0.035058
0 0.624624 0.110184 0.011694 0.036728
0 0.677581 0.175849 0.006014 0.036728
0 0.673405 0.178075 0.006348 0.037841
0 0.669395 0.179188 0.006348 0.036728
0 0.665219 0.177796 0.006014 0.037284
0 0.661377 0.176405 0.007016 0.037841
0 0.655363 0.175570 0.007685 0.036171
0 0.651186 0.176127 0.006682 0.038397
0 0.647010 0.176127 0.006348 0.037284
0 0.642499 0.177240 0.006682 0.039510
0 0.639158 0.180022 0.004678 0.038397
0 0.635650 0.185031 0.006348 0.039510
0 0.631640 0.178909 0.005012 0.038397
0 0.627130 0.185031 0.007350 0.039510
0 0.620448 0.187535 0.008687 0.037841
0 0.609756 0.176405 0.009355 0.036728
0 0.605914 0.152755 0.007016 0.038397
0 0.596559 0.131608 0.020381 0.017251
0 0.592549 0.153589 0.017708 0.020033
0 0.575175 0.118531 0.019044 0.024485
0 0.712162 0.231219 0.011026 0.035058
0 0.693618 0.230106 0.011360 0.039510
0 0.683762 0.228436 0.009021 0.037284
0 0.570164 0.193100 0.019044 0.018920
0 0.596057 0.237340 0.021383 0.016138
0 0.530237 0.052866 0.010692 0.021146
1 0.524056 0.119922 0.016372 0.040623
1 0.529068 0.143573 0.013699 0.028937
1 0.507852 0.164719 0.008019 0.034502
1 0.490144 0.178353 0.010692 0.032832
1 0.494487 0.127435 0.010692 0.046745
1 0.494988 0.074012 0.010358 0.040067
1 0.479619 0.052588 0.006348 0.010573
1 0.461744 0.058709 0.009355 0.019477
1 0.452890 0.080412 0.009021 0.033945
1 0.473271 0.113801 0.014367 0.030607
0 0.452389 0.121313 0.010023 0.028937
1 0.433010 0.056483 0.008019 0.009460
1 0.440361 0.071786 0.011360 0.041180
1 0.419312 0.077351 0.011360 0.037841
1 0.425326 0.127713 0.010023 0.037284
1 0.437187 0.136060 0.009689 0.033945
1 0.456064 0.161658 0.010023 0.029494
1 0.440862 0.189204 0.009021 0.033389
0 0.512863 0.202282 0.010692 0.033945
0 0.509355 0.240401 0.011026 0.028937
1 0.495322 0.234001 0.012362 0.039510
1 0.421818 0.238453 0.011026 0.042849
0 0.386067 0.099054 0.016372 0.027824
1 0.345473 0.142738 0.012028 0.038397
1 0.344470 0.194491 0.010692 0.040623
1 0.936351 0.227323 0.022386 0.019477
1 0.847812 0.242070 0.022386 0.027824
0 0.919980 0.276572 0.013699 0.037841
0 0.898931 0.319143 0.008353 0.037284
1 0.890077 0.320534 0.010023 0.040067
1 0.929502 0.322760 0.009355 0.035615
1 0.946208 0.319978 0.010692 0.042293
1 0.980287 0.316082 0.008019 0.041180
0 0.592048 0.265721 0.022720 0.015025
0 0.603575 0.293823 0.023054 0.014469
1 0.597227 0.355871 0.021049 0.021703
1 0.438022 0.289649 0.010692 0.037284
1 0.488306 0.281024 0.010358 0.034502
0 0.474440 0.342794 0.010023 0.036728
0 0.507518 0.378687 0.006682 0.031720
1 0.484798 0.342237 0.009355 0.040067
1 0.442867 0.340568 0.009689 0.032276
1 0.455229 0.382860 0.010358 0.040067
1 0.440361 0.429327 0.012028 0.038397
1 0.366021 0.284919 0.010358 0.034502
1 0.362847 0.361714 0.010023 0.042293
1 0.377548 0.417084 0.011360 0.037284
1 0.349315 0.360045 0.010358 0.037841
1 0.347310 0.399555 0.010358 0.040067
1 0.315737 0.511408 0.018042 0.030050
1 0.303207 0.566778 0.018376 0.021703
1 0.296525 0.589037 0.018376 0.030607
1 0.310224 0.597663 0.021717 0.024485
1 0.326428 0.540902 0.015369 0.028937
1 0.334280 0.500000 0.015035 0.028381
1 0.338791 0.457151 0.013365 0.037284
1 0.357835 0.462716 0.015369 0.033945
1 0.365520 0.496383 0.014701 0.033389
1 0.342633 0.517807 0.013699 0.036171
1 0.347477 0.548692 0.017374 0.031163
1 0.418142 0.481080 0.013699 0.039510
1 0.439359 0.489983 0.011360 0.036171
1 0.478951 0.476349 0.013699 0.040067
1 0.399599 0.545632 0.014701 0.029494
1 0.409622 0.558987 0.012696 0.027268
1 0.430839 0.558987 0.015035 0.032832
1 0.444370 0.574569 0.012028 0.028381
1 0.559472 0.534780 0.011694 0.027824
0 0.542098 0.574569 0.021049 0.017251
1 0.921483 0.440178 0.016706 0.036728
0 0.903608 0.443795 0.019713 0.030607
1 0.873204 0.453255 0.013699 0.032832
1 0.839626 0.449082 0.014033 0.038954
0 0.601236 0.547858 0.009021 0.035058
1 0.280488 0.616583 0.020381 0.022259
1 0.231206 0.740401 0.024056 0.018364
1 0.254928 0.743740 0.023388 0.018364
1 0.275476 0.718141 0.022386 0.016138
1 0.288172 0.738731 0.021717 0.017251
0 0.307217 0.740679 0.022386 0.015582
1 0.308052 0.698664 0.023388 0.023929
1 0.322252 0.707290 0.021049 0.021146
1 0.369195 0.615470 0.018042 0.026711
1 0.354661 0.658319 0.020381 0.024485
1 0.354828 0.697830 0.024056 0.016694
1 0.351487 0.739009 0.020047 0.024485
1 0.400267 0.601002 0.018042 0.030050
1 0.385733 0.644964 0.013030 0.030050
1 0.409121 0.631886 0.015703 0.029494
1 0.388740 0.692821 0.014367 0.036728
1 0.414634 0.685865 0.016037 0.028381
1 0.436853 0.627713 0.013699 0.027824
1 0.470765 0.587646 0.016037 0.036728
1 0.459238 0.640512 0.009021 0.031163
1 0.481791 0.657206 0.011360 0.037841
1 0.462746 0.704508 0.018710 0.016694
1 0.472937 0.722593 0.018376 0.022816
1 0.495991 0.599332 0.010358 0.033389
1 0.500167 0.666667 0.010692 0.036728
1 0.564985 0.716472 0.023388 0.017251
0 0.037254 0.858375 0.013030 0.019477
1 0.064985 0.830551 0.023054 0.019477
1 0.084029 0.860879 0.022386 0.017807
1 0.137153 0.843628 0.019713 0.014469
0 0.191280 0.819421 0.021717 0.018364
0 0.213164 0.768225 0.024056 0.017251
0 0.222686 0.808848 0.021049 0.017251
0 0.231206 0.866166 0.025393 0.010573
0 0.237721 0.823595 0.022386 0.018920
1 0.266121 0.861436 0.019713 0.013356
1 0.260775 0.820256 0.023054 0.017807
1 0.282827 0.829716 0.019713 0.015582
1 0.284330 0.799388 0.021383 0.017251
1 0.242566 0.773233 0.024724 0.018364
1 0.261777 0.782693 0.023054 0.021703
1 0.274474 0.761269 0.020381 0.017807
1 0.306215 0.766555 0.022386 0.021703
0 0.326595 0.774624 0.023054 0.015582
1 0.306549 0.799666 0.019713 0.015582
1 0.314567 0.818865 0.020381 0.015025
1 0.332944 0.842237 0.019044 0.015025
1 0.386402 0.861157 0.024390 0.018364
1 0.382225 0.803561 0.026061 0.015582
1 0.381390 0.782415 0.023722 0.012243
0 0.358169 0.757930 0.019379 0.025598
1 0.377715 0.752922 0.017040 0.018920
1 0.409455 0.746522 0.013030 0.035058
1 0.434013 0.738731 0.012028 0.035058
1 0.454059 0.856427 0.010692 0.038954
0 0.522386 0.804118 0.020381 0.022259
1 0.562646 0.752922 0.022720 0.020033
1 0.560307 0.790762 0.019379 0.020033
1 0.570665 0.844741 0.022720 0.021146
1 0.617775 0.785198 0.022051 0.017807
1 0.659706 0.840011 0.025058 0.021703
1 0.692616 0.808013 0.023388 0.018920
1 0.723187 0.759321 0.021049 0.017251
1 0.719178 0.821091 0.018376 0.020590
1 0.746241 0.806900 0.027731 0.022259
1 0.774140 0.774624 0.028065 0.026711
0 0.779653 0.791597 0.020381 0.016138
0 0.847143 0.775459 0.024390 0.019477
0 0.845807 0.806622 0.025058 0.017251
0 0.886903 0.801336 0.027731 0.020033
0 0.891413 0.742905 0.022720 0.018920
0 0.948380 0.762660 0.033077 0.022816
1 0.439191 0.907624 0.013030 0.033389
1 0.454561 0.948525 0.020381 0.022816
1 0.242900 0.961881 0.022051 0.018364
1 0.269963 0.970228 0.024056 0.015025
