1 0.054730 0.991418 0.010874 0.015893
1 0.086082 0.989193 0.009786 0.019072
1 0.039145 0.883980 0.013773 0.042594
1 0.058717 0.909091 0.015948 0.050858
1 0.075390 0.910998 0.013048 0.035601
1 0.087894 0.913223 0.012686 0.033694
1 0.093875 0.905912 0.015948 0.047044
1 0.138094 0.990464 0.008699 0.015257
1 0.157122 0.992053 0.007611 0.009536
1 0.188293 0.989510 0.005437 0.013350
1 0.195904 0.989193 0.006887 0.013986
1 0.209677 0.989510 0.006162 0.013350
1 0.220007 0.987921 0.007249 0.015257
1 0.012686 0.790210 0.015948 0.016529
0 0.038963 0.831214 0.011961 0.038779
0 0.052736 0.838525 0.016310 0.039415
0 0.118340 0.907184 0.011961 0.040687
1 0.187749 0.888112 0.010874 0.044501
1 0.071040 0.792435 0.025372 0.014622
1 0.243204 0.990146 0.006524 0.010807
0 0.292860 0.987285 0.005074 0.015257
1 0.269663 0.955181 0.021022 0.022250
1 0.219645 0.905277 0.012323 0.043229
0 0.255165 0.829943 0.012323 0.040051
0 0.170533 0.832168 0.020660 0.040687
1 0.303190 0.911952 0.012686 0.036236
0 0.309714 0.905277 0.008336 0.039415
0 0.328924 0.910362 0.009061 0.039415
0 0.345777 0.906230 0.012323 0.037508
0 0.366075 0.910045 0.012323 0.040051
0 0.313701 0.835029 0.006162 0.040051
0 0.317869 0.833121 0.006524 0.041322
0 0.322218 0.831850 0.006524 0.040051
0 0.326386 0.833757 0.006162 0.040051
0 0.330192 0.835664 0.007249 0.041322
0 0.336354 0.836936 0.007974 0.038779
0 0.340884 0.836936 0.006887 0.041322
0 0.345053 0.836936 0.006524 0.040051
0 0.349583 0.836618 0.006887 0.043229
0 0.353208 0.834075 0.004712 0.041958
0 0.357013 0.828671 0.006524 0.042594
0 0.360819 0.835346 0.005437 0.041958
0 0.365531 0.829307 0.007611 0.042594
0 0.372418 0.827082 0.009061 0.040687
0 0.383110 0.839797 0.009424 0.039415
0 0.386372 0.866179 0.007249 0.041322
0 0.395252 0.889383 0.020660 0.019072
0 0.400145 0.866179 0.018123 0.022250
0 0.416999 0.905277 0.019210 0.026701
0 0.279993 0.772409 0.011236 0.038144
0 0.298840 0.775270 0.011236 0.042594
0 0.308808 0.777813 0.009424 0.040051
0 0.424067 0.825493 0.019572 0.020979
0 0.398876 0.775588 0.022109 0.017800
0 0.461037 0.979657 0.010874 0.022886
1 0.469192 0.907819 0.017035 0.043229
1 0.464661 0.882072 0.013773 0.031151
1 0.486952 0.860776 0.008336 0.036872
1 0.505618 0.847425 0.010874 0.035601
1 0.499638 0.902416 0.011236 0.050223
1 0.497825 0.959949 0.010511 0.043229
1 0.512867 0.984107 0.006524 0.011443
1 0.531171 0.979339 0.009786 0.020979
1 0.540776 0.956771 0.009424 0.036872
1 0.521022 0.918627 0.014860 0.033058
0 0.542588 0.912587 0.010149 0.031151
1 0.560529 0.983789 0.008336 0.010807
1 0.553461 0.966624 0.011598 0.045137
1 0.575208 0.962492 0.011598 0.040687
1 0.570497 0.907502 0.010149 0.040051
1 0.558536 0.897648 0.009424 0.036872
1 0.540051 0.868722 0.010149 0.032422
1 0.556361 0.840114 0.009424 0.036236
0 0.483146 0.820089 0.010874 0.036872
0 0.487677 0.779085 0.011236 0.031151
1 0.501812 0.787667 0.012686 0.041958
1 0.577202 0.788938 0.011236 0.045772
0 0.609822 0.941831 0.017035 0.029879
1 0.652410 0.897966 0.012323 0.041322
1 0.654947 0.842657 0.010874 0.043865
1 0.050381 0.758106 0.023197 0.020979
1 0.141537 0.749841 0.022834 0.029879
0 0.068684 0.706294 0.014136 0.040687
0 0.091337 0.662428 0.008699 0.040687
1 0.100399 0.661793 0.010149 0.043229
1 0.059986 0.656071 0.009786 0.038144
1 0.042950 0.657661 0.011236 0.045137
1 0.008155 0.658614 0.008336 0.044501
0 0.403769 0.745391 0.023197 0.015893
0 0.392715 0.714240 0.023559 0.015893
1 0.401232 0.647807 0.021747 0.022886
1 0.561979 0.732041 0.011236 0.040051
1 0.510149 0.737127 0.010511 0.037508
0 0.526096 0.672282 0.010511 0.040051
0 0.493476 0.630642 0.006887 0.034329
1 0.515585 0.671647 0.009786 0.043865
1 0.558536 0.677050 0.010149 0.035601
1 0.546937 0.630642 0.010874 0.043229
1 0.563610 0.581691 0.012323 0.041958
1 0.635375 0.743484 0.010874 0.037508
1 0.640993 0.660839 0.010511 0.045137
1 0.627582 0.600127 0.011961 0.040687
1 0.654766 0.663700 0.010511 0.040687
1 0.658028 0.621424 0.010511 0.043865
1 0.693548 0.503179 0.018485 0.032422
1 0.707865 0.444692 0.018847 0.023522
1 0.715114 0.421488 0.018847 0.033058
1 0.701522 0.410680 0.022109 0.026701
1 0.683219 0.470757 0.015948 0.031151
1 0.674157 0.514304 0.015223 0.030515
1 0.668358 0.559758 0.013773 0.040051
1 0.648967 0.552448 0.015585 0.036872
1 0.641899 0.515575 0.015223 0.036872
1 0.666002 0.493961 0.014136 0.039415
1 0.662015 0.460585 0.017760 0.033694
1 0.587894 0.527654 0.013773 0.041958
1 0.566147 0.516529 0.011598 0.038779
1 0.525372 0.527654 0.014136 0.043229
1 0.608554 0.459631 0.014498 0.031786
1 0.598586 0.444374 0.013411 0.029243
1 0.576839 0.442467 0.015585 0.035601
1 0.563610 0.424984 0.012323 0.031151
1 0.444908 0.458042 0.011961 0.029879
0 0.463574 0.416720 0.021747 0.018436
1 0.071765 0.529879 0.016673 0.040051
0 0.089888 0.527654 0.020297 0.033058
1 0.121602 0.520025 0.014136 0.035601
1 0.155491 0.527336 0.014498 0.042594
0 0.402501 0.440559 0.009061 0.038144
1 0.732512 0.393198 0.021022 0.024793
1 0.786336 0.263827 0.024284 0.020343
1 0.762051 0.258423 0.024284 0.019708
1 0.740486 0.284170 0.023197 0.017800
1 0.727981 0.260966 0.022109 0.018436
0 0.708590 0.257152 0.023197 0.017165
1 0.706415 0.302289 0.023922 0.026065
1 0.692099 0.291799 0.021385 0.022886
1 0.641718 0.387158 0.018485 0.029243
1 0.657847 0.342022 0.021022 0.026701
1 0.658572 0.299746 0.024647 0.018436
1 0.663103 0.255563 0.020660 0.026701
1 0.609460 0.399873 0.018485 0.033058
1 0.625408 0.353783 0.013411 0.032422
1 0.601305 0.366179 0.015948 0.031786
1 0.623777 0.301971 0.014498 0.039415
1 0.596955 0.307057 0.016673 0.030515
1 0.572671 0.368086 0.013773 0.030515
1 0.536789 0.408773 0.016673 0.039415
1 0.550199 0.352511 0.009424 0.033694
1 0.527727 0.332486 0.011598 0.040687
1 0.548387 0.283535 0.018847 0.017800
1 0.538420 0.263191 0.019210 0.024158
1 0.511417 0.393833 0.010874 0.036236
1 0.508880 0.320725 0.010874 0.040051
1 0.444183 0.262238 0.024284 0.018436
0 0.988039 0.152575 0.013048 0.020343
1 0.959043 0.180547 0.023922 0.021615
1 0.940196 0.146217 0.023197 0.019072
1 0.885466 0.160521 0.020297 0.015893
0 0.829286 0.182136 0.022472 0.019708
0 0.805364 0.235537 0.024647 0.018436
0 0.797028 0.190718 0.021747 0.017800
0 0.789779 0.128417 0.026096 0.011443
0 0.781986 0.173554 0.022834 0.020343
1 0.753896 0.130324 0.020297 0.013986
1 0.758246 0.175143 0.023922 0.019708
1 0.736136 0.163382 0.020297 0.016529
1 0.733780 0.195804 0.022109 0.019072
1 0.775643 0.227591 0.025372 0.020343
1 0.756071 0.215830 0.023922 0.023522
1 0.742660 0.238080 0.021022 0.019708
1 0.710402 0.229498 0.023197 0.024158
0 0.689743 0.219008 0.023197 0.017165
1 0.710765 0.193897 0.020297 0.016529
1 0.703153 0.172282 0.021022 0.016529
1 0.685031 0.145900 0.019572 0.015893
1 0.630845 0.120788 0.025009 0.020343
1 0.633744 0.183090 0.026459 0.016529
1 0.633744 0.206294 0.024284 0.013350
0 0.656941 0.234584 0.019935 0.027972
1 0.636825 0.238080 0.017398 0.020979
1 0.604204 0.242530 0.013773 0.037508
1 0.578833 0.248887 0.012323 0.038779
1 0.561617 0.120153 0.011236 0.041958
0 0.490214 0.171329 0.020660 0.023522
1 0.447445 0.222823 0.023559 0.022250
1 0.451069 0.182454 0.019935 0.021615
1 0.442008 0.123331 0.023559 0.022886
1 0.391990 0.183408 0.022834 0.019708
1 0.350671 0.121106 0.025734 0.023522
1 0.316238 0.152893 0.024284 0.020979
1 0.283436 0.202479 0.021747 0.018436
1 0.289416 0.136364 0.018485 0.022250
1 0.261327 0.149714 0.028271 0.023522
1 0.231787 0.181818 0.028634 0.029243
0 0.226713 0.163064 0.020660 0.017165
0 0.157485 0.174825 0.025009 0.021615
0 0.159478 0.141449 0.026096 0.018436
0 0.117253 0.144310 0.028634 0.021615
0 0.111091 0.206294 0.023559 0.020979
0 0.053461 0.180229 0.033708 0.024793
1 0.578289 0.066434 0.013411 0.036236
1 0.563791 0.021297 0.020660 0.024793
1 0.780536 0.024476 0.022834 0.019708
1 0.753171 0.013032 0.024647 0.015893
