1 0.051988 0.008094 0.010873 0.016187
1 0.083248 0.010192 0.009514 0.019185
1 0.036867 0.116607 0.013931 0.042566
1 0.056065 0.091427 0.015630 0.050959
1 0.072885 0.089329 0.012572 0.035971
1 0.085287 0.086631 0.012912 0.034173
1 0.091573 0.093825 0.015970 0.047362
1 0.135406 0.008693 0.008495 0.014988
1 0.154604 0.006595 0.007475 0.009592
1 0.186035 0.008993 0.005097 0.014388
1 0.193340 0.009293 0.006796 0.013789
1 0.207271 0.008393 0.006116 0.013189
1 0.217635 0.010192 0.007136 0.015588
1 0.010364 0.211331 0.015970 0.016187
0 0.036697 0.170264 0.012232 0.039568
0 0.050289 0.162770 0.016310 0.040168
0 0.116038 0.092926 0.011893 0.040767
1 0.185525 0.111211 0.010873 0.044964
1 0.068977 0.208933 0.025144 0.014988
1 0.240741 0.007794 0.006456 0.010791
0 0.290690 0.010192 0.005097 0.015588
1 0.267584 0.042866 0.020727 0.022182
1 0.217635 0.093825 0.012572 0.043765
0 0.253313 0.169065 0.012572 0.040767
0 0.168536 0.167866 0.021067 0.040767
1 0.301563 0.086031 0.012572 0.036571
0 0.308019 0.092926 0.008495 0.039568
0 0.327217 0.087530 0.008835 0.039568
0 0.344207 0.091427 0.012232 0.037770
0 0.364254 0.087530 0.012232 0.039568
0 0.312097 0.163669 0.006456 0.040767
0 0.316344 0.165767 0.006796 0.041367
0 0.320761 0.166966 0.006796 0.040168
0 0.324839 0.164868 0.006116 0.040767
0 0.328746 0.162770 0.007136 0.041367
0 0.334862 0.161571 0.007815 0.038969
0 0.339450 0.161271 0.006796 0.041966
0 0.343697 0.161271 0.006456 0.040767
0 0.348284 0.161871 0.006796 0.043165
0 0.351682 0.164568 0.004757 0.042566
0 0.355590 0.169964 0.006456 0.042566
0 0.359327 0.162770 0.005097 0.042566
0 0.364084 0.169065 0.007815 0.043165
0 0.371220 0.170863 0.009174 0.040767
0 0.381583 0.158273 0.009514 0.039568
0 0.384811 0.131894 0.007136 0.041966
0 0.393816 0.107914 0.021067 0.019185
0 0.398573 0.131595 0.018349 0.022182
0 0.415562 0.092026 0.019708 0.026978
0 0.278457 0.227218 0.011213 0.038369
0 0.297316 0.224221 0.011553 0.043165
0 0.307509 0.221223 0.009514 0.040767
0 0.422868 0.172362 0.020048 0.020983
0 0.397723 0.223022 0.022086 0.017986
0 0.459395 0.016487 0.010873 0.023381
1 0.467890 0.088729 0.016989 0.044365
1 0.463473 0.115108 0.013592 0.031175
1 0.485729 0.136091 0.008495 0.037170
1 0.504417 0.149281 0.011213 0.035971
1 0.498471 0.093825 0.010873 0.050959
1 0.496262 0.036271 0.010533 0.043765
1 0.511213 0.011091 0.006456 0.011391
1 0.529732 0.016187 0.009514 0.021583
1 0.539585 0.038969 0.009514 0.037170
1 0.519538 0.077638 0.014951 0.032974
0 0.541284 0.083633 0.010194 0.031775
1 0.559293 0.011391 0.008155 0.010791
1 0.552158 0.028777 0.011553 0.045564
1 0.574074 0.032674 0.011893 0.041367
1 0.569487 0.088129 0.010194 0.040767
1 0.557424 0.098321 0.009854 0.037170
1 0.538906 0.127698 0.010194 0.032374
1 0.555386 0.156475 0.009174 0.035971
0 0.482161 0.177158 0.010873 0.037770
0 0.486748 0.218525 0.011213 0.031775
1 0.501019 0.209832 0.012572 0.043165
1 0.576453 0.207734 0.011213 0.046163
0 0.608733 0.053058 0.016650 0.030576
1 0.651716 0.097122 0.012232 0.041966
1 0.654434 0.152878 0.010873 0.044365
1 0.048250 0.243705 0.023106 0.020983
1 0.139653 0.251199 0.023106 0.029976
0 0.066599 0.295863 0.014271 0.041367
0 0.089534 0.339928 0.008495 0.040767
1 0.098879 0.340228 0.010194 0.043765
1 0.058274 0.346523 0.009854 0.038369
1 0.041115 0.345024 0.010873 0.046163
1 0.006116 0.344424 0.008155 0.044964
0 0.402480 0.253297 0.023445 0.016187
0 0.391777 0.284772 0.023785 0.015588
1 0.400272 0.351619 0.021747 0.023381
1 0.561332 0.265288 0.010873 0.040168
1 0.509514 0.260492 0.010533 0.037770
0 0.525654 0.326139 0.010194 0.040767
0 0.492864 0.368106 0.007136 0.034772
1 0.515121 0.326439 0.009514 0.043765
1 0.558104 0.321043 0.009854 0.035372
1 0.546721 0.367806 0.010873 0.043765
1 0.563371 0.416966 0.012232 0.041367
1 0.635066 0.253297 0.010873 0.037770
1 0.641013 0.336631 0.010533 0.046163
1 0.627591 0.398082 0.011553 0.040767
1 0.654604 0.333333 0.010533 0.040767
1 0.658002 0.376199 0.010533 0.043765
1 0.694020 0.494904 0.018688 0.032974
1 0.708461 0.553957 0.019028 0.023981
1 0.715936 0.577038 0.019028 0.032974
1 0.702345 0.588129 0.022426 0.026379
1 0.683826 0.528177 0.015970 0.031175
1 0.674482 0.484113 0.015630 0.030576
1 0.668705 0.437950 0.013592 0.040168
1 0.649168 0.446043 0.015970 0.037170
1 0.642202 0.482914 0.014951 0.036571
1 0.666497 0.504197 0.013931 0.039568
1 0.662589 0.538070 0.017669 0.034173
1 0.588005 0.471523 0.013931 0.042566
1 0.566259 0.482914 0.011893 0.038969
1 0.525144 0.471523 0.013931 0.043765
1 0.608902 0.539568 0.014951 0.032374
1 0.598879 0.555156 0.013252 0.029976
1 0.577132 0.556954 0.015291 0.035971
1 0.564050 0.575240 0.012232 0.031775
1 0.444784 0.542566 0.012232 0.029976
0 0.463643 0.584233 0.021407 0.018585
1 0.070336 0.473621 0.016989 0.040767
0 0.088685 0.476019 0.020387 0.033573
1 0.120285 0.483213 0.014271 0.035971
1 0.154434 0.475719 0.014611 0.042566
0 0.402141 0.561151 0.009174 0.038369
1 0.733435 0.605815 0.020727 0.024580
1 0.787632 0.735612 0.024465 0.020384
1 0.763507 0.741307 0.024465 0.019784
1 0.741760 0.715827 0.023106 0.017986
1 0.729188 0.738909 0.022426 0.018585
0 0.709820 0.743106 0.023106 0.017386
1 0.707611 0.697542 0.024125 0.025779
1 0.693170 0.708333 0.021747 0.023381
1 0.642372 0.612710 0.018688 0.029976
1 0.658512 0.657674 0.021067 0.026379
1 0.659531 0.700839 0.024465 0.017986
1 0.664288 0.745204 0.020387 0.026379
1 0.610092 0.599820 0.018688 0.032974
1 0.626232 0.646283 0.013592 0.032374
1 0.601937 0.634293 0.015970 0.032374
1 0.624703 0.698441 0.014611 0.039568
1 0.597859 0.693345 0.016650 0.030576
1 0.573225 0.632194 0.014271 0.030576
1 0.537377 0.591727 0.016650 0.039568
1 0.550629 0.648381 0.009174 0.034173
1 0.528033 0.668765 0.011553 0.041367
1 0.549100 0.718225 0.019028 0.017986
1 0.539246 0.738609 0.019028 0.023981
1 0.511723 0.607014 0.010873 0.036571
1 0.509344 0.680755 0.010873 0.040168
1 0.444784 0.740408 0.024465 0.019185
0 0.990486 0.845923 0.013592 0.020384
1 0.961264 0.818345 0.023785 0.021583
1 0.942406 0.853118 0.023445 0.019185
1 0.887530 0.839329 0.020387 0.015588
0 0.831295 0.817746 0.022766 0.020384
0 0.807000 0.764089 0.024465 0.018585
0 0.798845 0.809353 0.021747 0.017986
0 0.791709 0.872302 0.025824 0.011990
0 0.783724 0.826739 0.022766 0.020384
1 0.755691 0.870504 0.020387 0.014388
1 0.759939 0.825540 0.024125 0.019185
1 0.737683 0.837530 0.020387 0.016787
1 0.735134 0.804856 0.022086 0.018585
1 0.777098 0.772482 0.025144 0.019784
1 0.757730 0.784472 0.023785 0.023381
1 0.743969 0.761990 0.020727 0.019185
1 0.711689 0.770983 0.023445 0.023981
0 0.690962 0.782074 0.023445 0.017386
1 0.712198 0.806954 0.020387 0.016787
1 0.704723 0.828837 0.021067 0.016187
1 0.686544 0.855815 0.019368 0.016187
1 0.632348 0.881295 0.025144 0.020384
1 0.634726 0.818345 0.026504 0.016787
1 0.635066 0.794964 0.024465 0.013189
0 0.658172 0.766487 0.019708 0.028177
1 0.637785 0.762890 0.017669 0.020983
1 0.605165 0.758693 0.013592 0.037770
1 0.579681 0.752698 0.012232 0.038969
1 0.562861 0.882494 0.011213 0.041966
0 0.490996 0.831835 0.021067 0.023381
1 0.448012 0.780276 0.023445 0.022182
1 0.451920 0.821043 0.019708 0.022182
1 0.442915 0.880695 0.023445 0.022782
1 0.392627 0.820144 0.022766 0.019185
1 0.351342 0.883693 0.025824 0.023981
1 0.316684 0.851619 0.024465 0.020983
1 0.283724 0.801859 0.021747 0.018585
1 0.289670 0.868705 0.018688 0.021583
1 0.261638 0.855516 0.028542 0.023981
1 0.231906 0.823441 0.028882 0.029376
0 0.226809 0.842326 0.020727 0.017986
0 0.157322 0.831235 0.025144 0.020983
0 0.159531 0.864808 0.026164 0.018585
0 0.117227 0.862710 0.028542 0.021583
0 0.110601 0.799760 0.023445 0.020384
0 0.053007 0.826439 0.033979 0.024580
1 0.579681 0.936751 0.013592 0.036571
1 0.565240 0.982314 0.020727 0.024580
1 0.782705 0.977518 0.022766 0.019784
1 0.755182 0.988909 0.024805 0.016187
