1 0.909341 0.986897 0.010666 0.014675
1 0.879444 0.981394 0.009050 0.017296
1 0.928410 0.893082 0.013251 0.037736
1 0.909017 0.912998 0.015191 0.045073
1 0.892696 0.912998 0.012282 0.031447
1 0.880737 0.913784 0.012282 0.029874
1 0.875081 0.906709 0.015191 0.041929
1 0.829347 0.976677 0.008403 0.013103
1 0.810763 0.976153 0.007434 0.008910
1 0.780866 0.970388 0.005171 0.012055
1 0.773756 0.969340 0.006464 0.012055
1 0.760504 0.968291 0.005818 0.012055
1 0.750323 0.965409 0.006787 0.013627
1 0.957660 0.812893 0.015514 0.014675
0 0.930834 0.846174 0.011635 0.035115
0 0.917421 0.850891 0.015837 0.035115
0 0.851487 0.904874 0.011312 0.036164
1 0.785553 0.880503 0.010666 0.039832
1 0.901584 0.807914 0.024240 0.013103
1 0.728184 0.964885 0.006464 0.009434
0 0.680511 0.956761 0.004848 0.013103
1 0.703943 0.930818 0.020039 0.019916
1 0.754202 0.891771 0.011959 0.038260
0 0.723012 0.821017 0.011635 0.036164
0 0.804137 0.832285 0.020039 0.035639
1 0.673400 0.888365 0.011959 0.032495
0 0.667259 0.882075 0.008080 0.034591
0 0.648675 0.884172 0.008403 0.035639
0 0.632515 0.878931 0.011635 0.033543
0 0.612961 0.879717 0.011959 0.035115
0 0.666290 0.818658 0.006141 0.035639
0 0.662250 0.816824 0.006464 0.036164
0 0.658209 0.815252 0.006141 0.035115
0 0.654169 0.816562 0.005818 0.035639
0 0.650291 0.817610 0.007111 0.036688
0 0.644312 0.818134 0.007434 0.034591
0 0.640110 0.817610 0.006787 0.036688
0 0.635908 0.817086 0.006141 0.035639
0 0.631545 0.816300 0.006464 0.038260
0 0.628313 0.813417 0.004525 0.037736
0 0.624919 0.808176 0.006141 0.037736
0 0.620879 0.814203 0.005171 0.037212
0 0.616677 0.808176 0.007111 0.037736
0 0.610052 0.805294 0.008727 0.036164
0 0.599224 0.815252 0.009050 0.035115
0 0.595184 0.838574 0.006787 0.036688
0 0.585650 0.858491 0.020039 0.016771
0 0.582094 0.836740 0.017453 0.019392
0 0.563995 0.869759 0.018746 0.023585
0 0.701196 0.766771 0.010666 0.033543
0 0.682935 0.767558 0.010989 0.038260
0 0.673239 0.768868 0.009050 0.035639
0 0.560440 0.797956 0.018746 0.018344
0 0.586619 0.756289 0.021332 0.015723
0 0.518746 0.931080 0.010343 0.020440
1 0.513736 0.866352 0.016484 0.038784
1 0.519231 0.843816 0.013251 0.027254
1 0.498546 0.822589 0.008080 0.033019
1 0.481092 0.808700 0.010666 0.031447
1 0.484648 0.858229 0.010666 0.044549
1 0.484324 0.909329 0.010019 0.038784
1 0.468811 0.929507 0.006141 0.009958
1 0.451357 0.922956 0.009373 0.018868
1 0.442793 0.901730 0.009050 0.033019
1 0.463639 0.870283 0.014544 0.028826
0 0.443116 0.862421 0.009696 0.027778
1 0.422754 0.924004 0.007757 0.009434
1 0.430511 0.909329 0.010989 0.039832
1 0.409664 0.903302 0.011312 0.036164
1 0.416290 0.854822 0.009696 0.035639
1 0.428248 0.847484 0.009050 0.032495
1 0.447317 0.823899 0.009696 0.028302
1 0.432612 0.796384 0.008727 0.031971
0 0.503878 0.786950 0.010343 0.033019
0 0.501131 0.749738 0.010666 0.027778
1 0.487072 0.755765 0.012282 0.037736
1 0.414512 0.748428 0.010666 0.040881
0 0.377182 0.880765 0.016160 0.026730
1 0.337750 0.837264 0.011635 0.037212
1 0.337427 0.787736 0.010343 0.038784
1 0.922754 0.779874 0.021978 0.017820
1 0.835488 0.762317 0.021978 0.026730
0 0.907240 0.731656 0.013575 0.036688
0 0.887039 0.689990 0.008080 0.036164
1 0.878313 0.688417 0.010019 0.038260
1 0.917421 0.687893 0.009373 0.034067
1 0.933904 0.691300 0.010666 0.040881
1 0.967356 0.696279 0.007757 0.039308
0 0.583226 0.729298 0.022301 0.014151
0 0.595023 0.702568 0.022624 0.014151
1 0.589528 0.642558 0.020685 0.020964
1 0.431319 0.699686 0.010666 0.035639
1 0.481092 0.709906 0.010019 0.033019
0 0.468164 0.650419 0.010019 0.035639
0 0.501454 0.616876 0.006787 0.030398
1 0.478184 0.650943 0.009373 0.038784
1 0.436813 0.651205 0.009373 0.030922
1 0.449741 0.610849 0.010019 0.038260
1 0.435844 0.565514 0.011959 0.036688
1 0.360213 0.701520 0.010019 0.033019
1 0.357951 0.627358 0.010019 0.040881
1 0.373465 0.574686 0.011312 0.036164
1 0.344699 0.628669 0.010019 0.036164
1 0.343245 0.590409 0.010343 0.039308
1 0.313672 0.481394 0.017776 0.028826
1 0.302198 0.427673 0.018100 0.020964
1 0.296057 0.406184 0.018100 0.029350
1 0.309632 0.398061 0.021332 0.023585
1 0.324984 0.453616 0.015191 0.027778
1 0.331933 0.493187 0.014867 0.027254
1 0.335811 0.534591 0.012928 0.035639
1 0.354719 0.530136 0.015191 0.033019
1 0.362799 0.497904 0.014544 0.032495
1 0.340498 0.476415 0.013251 0.034591
1 0.345669 0.446803 0.017130 0.029874
1 0.414350 0.514675 0.013575 0.037736
1 0.435844 0.507075 0.011312 0.034067
1 0.474790 0.522013 0.013575 0.038784
1 0.397220 0.452306 0.014221 0.028302
1 0.407401 0.439465 0.012605 0.026730
1 0.428410 0.440514 0.014544 0.031971
1 0.441823 0.426101 0.011635 0.027254
1 0.554783 0.469078 0.011312 0.026205
0 0.538462 0.430031 0.020685 0.016247
1 0.911118 0.574423 0.016160 0.035639
0 0.893665 0.570231 0.019392 0.029350
1 0.863607 0.560010 0.013575 0.031971
1 0.830640 0.562893 0.013575 0.037736
0 0.596477 0.458071 0.008727 0.033543
1 0.280543 0.379193 0.020039 0.021488
1 0.233840 0.257862 0.023594 0.017820
1 0.257272 0.255765 0.023271 0.017820
1 0.277149 0.280922 0.022301 0.015723
1 0.289916 0.261792 0.021332 0.016247
0 0.308985 0.260744 0.021978 0.015199
1 0.309308 0.301101 0.023271 0.022537
1 0.323368 0.293501 0.021008 0.020964
1 0.367970 0.383648 0.017776 0.026205
1 0.354396 0.341981 0.020362 0.023585
1 0.355365 0.303721 0.023594 0.016247
1 0.352780 0.264413 0.019716 0.023585
1 0.398675 0.398847 0.017776 0.029350
1 0.385100 0.356132 0.012605 0.028826
1 0.408048 0.369497 0.015191 0.028302
1 0.388817 0.310010 0.014221 0.035115
1 0.414189 0.317610 0.015837 0.027254
1 0.435359 0.374738 0.013575 0.027254
1 0.468164 0.414832 0.015837 0.035115
1 0.457498 0.362945 0.008727 0.029874
1 0.479961 0.347746 0.010989 0.036164
1 0.462023 0.301887 0.018423 0.015723
1 0.472366 0.284853 0.018423 0.021488
1 0.493374 0.404350 0.010019 0.031971
1 0.498546 0.339361 0.010666 0.035115
1 0.563025 0.294549 0.023271 0.016771
0 0.043956 0.136530 0.012928 0.018344
1 0.070782 0.164570 0.022624 0.018868
1 0.090336 0.136006 0.022301 0.017296
1 0.142372 0.154874 0.019716 0.014151
0 0.195540 0.180556 0.021978 0.017296
0 0.216548 0.230346 0.023917 0.016247
0 0.226244 0.191562 0.020685 0.016247
0 0.235779 0.137055 0.024887 0.009958
0 0.241435 0.178197 0.021978 0.017820
1 0.270200 0.143082 0.019392 0.012579
1 0.264221 0.182128 0.022948 0.017296
1 0.286199 0.174004 0.019716 0.014675
1 0.287007 0.203354 0.021332 0.016771
1 0.245475 0.226939 0.024240 0.017820
1 0.264706 0.218553 0.022624 0.020964
1 0.276826 0.239780 0.019716 0.017296
1 0.308177 0.235849 0.022301 0.020964
0 0.328539 0.228774 0.022301 0.015199
1 0.309308 0.204140 0.019392 0.015199
1 0.317227 0.185797 0.020362 0.014151
1 0.335811 0.164308 0.018746 0.014151
1 0.388979 0.147799 0.024240 0.017820
1 0.383969 0.203092 0.025210 0.015199
1 0.382838 0.223795 0.023594 0.011530
0 0.359567 0.246069 0.019069 0.024633
1 0.378798 0.251834 0.016807 0.018344
1 0.409825 0.259172 0.012928 0.033019
1 0.434066 0.267558 0.011635 0.034067
1 0.455559 0.155398 0.010666 0.037212
0 0.522463 0.208595 0.019716 0.020964
1 0.561409 0.259172 0.022624 0.019392
1 0.559632 0.222746 0.019069 0.019916
1 0.570782 0.171122 0.022624 0.020440
1 0.616516 0.230346 0.021655 0.017296
1 0.658694 0.179507 0.024564 0.021488
1 0.690692 0.211478 0.023271 0.018344
1 0.720103 0.259434 0.020685 0.016771
1 0.717195 0.199948 0.018100 0.019392
1 0.743536 0.214885 0.027473 0.020964
1 0.770685 0.246593 0.027473 0.025681
0 0.776341 0.230608 0.020039 0.015723
0 0.842599 0.248952 0.023917 0.018868
0 0.841791 0.219340 0.024887 0.016247
0 0.882515 0.225891 0.027473 0.018868
0 0.886070 0.282233 0.022301 0.018344
0 0.942469 0.265461 0.032321 0.021488
1 0.441823 0.105346 0.012928 0.032495
1 0.457498 0.067086 0.019716 0.022013
1 0.248707 0.045335 0.021655 0.017296
1 0.275695 0.038522 0.023917 0.014151
