1 0.048828 0.007870 0.010677 0.015741
1 0.080208 0.009491 0.009375 0.018981
1 0.033854 0.117593 0.013542 0.042593
1 0.053125 0.091898 0.015625 0.051389
1 0.070052 0.089583 0.012500 0.035648
1 0.082552 0.086806 0.012500 0.033796
1 0.088802 0.093981 0.015625 0.047222
1 0.132552 0.007407 0.008333 0.014815
1 0.151823 0.005093 0.007292 0.009259
1 0.183203 0.007176 0.004948 0.013426
1 0.190755 0.007176 0.006510 0.013426
1 0.204557 0.006481 0.005990 0.012963
1 0.215104 0.008102 0.006771 0.015278
1 0.007812 0.213657 0.015625 0.016204
0 0.033854 0.171528 0.011979 0.039352
0 0.047656 0.163889 0.016146 0.039815
0 0.113281 0.092593 0.011458 0.040741
1 0.183203 0.110417 0.010677 0.044907
1 0.066406 0.210417 0.025000 0.014352
1 0.238281 0.005556 0.006250 0.010185
0 0.288281 0.007407 0.004687 0.014815
1 0.265234 0.040509 0.020573 0.021759
1 0.215234 0.092593 0.012240 0.043519
0 0.251302 0.168519 0.011979 0.040741
0 0.166276 0.168056 0.020573 0.040741
1 0.299349 0.084028 0.012240 0.036574
0 0.305859 0.090509 0.008073 0.039352
0 0.325130 0.085185 0.008594 0.039815
0 0.342187 0.088889 0.011979 0.037963
0 0.362500 0.084722 0.011979 0.039815
0 0.310286 0.162269 0.005990 0.040278
0 0.314583 0.164120 0.006250 0.041204
0 0.319010 0.165278 0.006250 0.039815
0 0.323177 0.163194 0.005729 0.040278
0 0.326953 0.161343 0.007031 0.041204
0 0.333203 0.159722 0.007552 0.038889
0 0.337630 0.159722 0.006510 0.041667
0 0.341927 0.159491 0.006250 0.040278
0 0.346484 0.159954 0.006510 0.043056
0 0.350130 0.162731 0.004427 0.042130
0 0.353906 0.168056 0.006250 0.042593
0 0.357682 0.160880 0.004948 0.042130
0 0.362500 0.167130 0.007292 0.042593
0 0.369531 0.168981 0.008854 0.040741
0 0.380078 0.156019 0.009115 0.039815
0 0.383203 0.129167 0.007031 0.041667
0 0.392057 0.105093 0.020573 0.018519
0 0.397005 0.128935 0.017969 0.021759
0 0.413802 0.088657 0.019271 0.026389
0 0.276823 0.226852 0.010937 0.037963
0 0.295703 0.223380 0.011198 0.043056
0 0.305859 0.220602 0.009115 0.040278
0 0.421484 0.169907 0.019531 0.020370
0 0.396354 0.221296 0.021875 0.017593
0 0.457682 0.011806 0.010677 0.022685
1 0.466406 0.084954 0.016667 0.043981
1 0.461979 0.111343 0.013542 0.031019
1 0.484505 0.132407 0.008073 0.037037
1 0.503255 0.145602 0.010677 0.035648
1 0.497005 0.089815 0.010677 0.050926
1 0.494661 0.031481 0.010156 0.043519
1 0.509635 0.006019 0.006250 0.011111
1 0.528125 0.010880 0.009375 0.020833
1 0.538151 0.033796 0.009115 0.037037
1 0.518229 0.072917 0.014583 0.032870
0 0.540104 0.078704 0.009896 0.031481
1 0.557813 0.005556 0.007812 0.010185
1 0.550651 0.023380 0.011198 0.044907
1 0.572656 0.027083 0.011458 0.041204
1 0.568229 0.083102 0.009896 0.040278
1 0.556250 0.093519 0.009375 0.037037
1 0.537760 0.123380 0.009896 0.031944
1 0.554427 0.152315 0.008854 0.036111
0 0.480859 0.174074 0.010677 0.037037
0 0.485677 0.215741 0.010937 0.031481
1 0.500000 0.206944 0.012500 0.042593
1 0.575781 0.204167 0.010937 0.046296
0 0.607552 0.047454 0.016667 0.030093
1 0.650781 0.091204 0.011979 0.041667
1 0.653776 0.147917 0.010677 0.043981
1 0.045833 0.245833 0.022917 0.020370
1 0.137630 0.252546 0.022656 0.030093
0 0.064453 0.298380 0.013802 0.041204
0 0.087630 0.342593 0.008073 0.040741
1 0.096875 0.343056 0.009896 0.043519
1 0.056250 0.349769 0.009375 0.038426
1 0.038932 0.348380 0.010677 0.045833
1 0.003906 0.347917 0.007812 0.044907
0 0.401432 0.251852 0.023177 0.015741
0 0.390625 0.284028 0.023438 0.015278
1 0.399479 0.351389 0.021354 0.023148
1 0.560807 0.262269 0.010677 0.040278
1 0.508724 0.258102 0.010156 0.037500
0 0.525130 0.324306 0.010156 0.040278
0 0.492448 0.367130 0.006771 0.034259
1 0.514583 0.324769 0.009375 0.043981
1 0.557682 0.318519 0.009635 0.035185
1 0.546354 0.366204 0.010417 0.043519
1 0.563281 0.415741 0.011979 0.041667
1 0.634635 0.249306 0.010417 0.037500
1 0.640755 0.333565 0.010156 0.045833
1 0.627604 0.395833 0.011458 0.040741
1 0.654557 0.330093 0.010156 0.040741
1 0.658073 0.373380 0.010417 0.043981
1 0.694531 0.493056 0.018229 0.032407
1 0.709375 0.552546 0.018750 0.023611
1 0.716927 0.576157 0.018750 0.032870
1 0.703255 0.587269 0.022135 0.026389
1 0.684375 0.526620 0.015625 0.031019
1 0.675000 0.482407 0.015104 0.030556
1 0.668880 0.435880 0.013281 0.040278
1 0.649479 0.443981 0.015625 0.037037
1 0.642578 0.481713 0.014844 0.036574
1 0.667057 0.503009 0.013802 0.039352
1 0.663151 0.537269 0.017448 0.033796
1 0.588151 0.470370 0.013802 0.042593
1 0.566406 0.482407 0.011458 0.038889
1 0.525130 0.471296 0.013802 0.043519
1 0.609375 0.539120 0.014583 0.031944
1 0.599479 0.555093 0.013021 0.029630
1 0.577604 0.557176 0.015104 0.035648
1 0.564323 0.575694 0.011979 0.031019
1 0.444661 0.543981 0.011719 0.029630
0 0.463802 0.585880 0.021354 0.018056
1 0.068750 0.478009 0.016667 0.040278
0 0.087109 0.480093 0.020052 0.033333
1 0.118880 0.487269 0.013802 0.035648
1 0.153125 0.479167 0.014063 0.042593
0 0.402083 0.562963 0.008854 0.037963
1 0.734505 0.604630 0.020573 0.024074
1 0.789453 0.735417 0.024219 0.019907
1 0.765104 0.741667 0.023958 0.019444
1 0.743229 0.715741 0.022917 0.017593
1 0.730859 0.739583 0.022135 0.018056
0 0.711328 0.743981 0.022656 0.016667
1 0.708854 0.697917 0.023958 0.025463
1 0.694531 0.708796 0.021354 0.023148
1 0.643229 0.612731 0.018229 0.029167
1 0.659635 0.658102 0.020833 0.026389
1 0.660677 0.701620 0.024479 0.018056
1 0.665625 0.746528 0.020313 0.026389
1 0.610677 0.600231 0.018229 0.032870
1 0.627083 0.646759 0.013021 0.032407
1 0.602604 0.634954 0.015625 0.031944
1 0.625651 0.699769 0.014323 0.039352
1 0.598828 0.694907 0.016406 0.030556
1 0.573828 0.633333 0.013802 0.030556
1 0.537630 0.592593 0.016406 0.039815
1 0.551302 0.649769 0.008854 0.033796
1 0.528776 0.670602 0.011198 0.041204
1 0.550000 0.720370 0.018750 0.017593
1 0.540104 0.741204 0.018750 0.024074
1 0.511979 0.608333 0.010417 0.036111
1 0.510026 0.682870 0.010677 0.039815
1 0.445312 0.743981 0.023958 0.018519
0 0.993229 0.844907 0.013021 0.020370
1 0.963802 0.817130 0.023438 0.021296
1 0.945052 0.852546 0.022917 0.018981
1 0.889974 0.839120 0.020052 0.015278
0 0.833333 0.818056 0.022396 0.019444
0 0.808854 0.764120 0.024479 0.018056
0 0.800781 0.809954 0.021354 0.018056
0 0.793880 0.873611 0.025781 0.011111
0 0.785807 0.827546 0.022656 0.019907
1 0.757682 0.872222 0.020052 0.013889
1 0.761849 0.826620 0.023698 0.018981
1 0.739453 0.839120 0.020052 0.016204
1 0.736979 0.806019 0.021875 0.018519
1 0.778906 0.772917 0.025000 0.019907
1 0.759375 0.785185 0.023438 0.023148
1 0.745703 0.762731 0.020573 0.018981
1 0.713281 0.771991 0.022917 0.023611
0 0.692578 0.783333 0.023177 0.016667
1 0.713932 0.808333 0.020052 0.016667
1 0.706510 0.830556 0.020833 0.015741
1 0.688281 0.857870 0.019271 0.015741
1 0.633984 0.884491 0.024740 0.019907
1 0.636328 0.820833 0.026302 0.016667
1 0.636328 0.797222 0.024219 0.012963
0 0.659505 0.768056 0.019531 0.027778
1 0.639062 0.764815 0.017188 0.020370
1 0.606380 0.760880 0.013281 0.037500
1 0.580729 0.754861 0.011979 0.038426
1 0.564323 0.886343 0.010937 0.042130
0 0.492057 0.835880 0.020573 0.023611
1 0.448828 0.784028 0.023177 0.021759
1 0.452734 0.825231 0.019531 0.021759
1 0.443880 0.885880 0.023177 0.022685
1 0.393229 0.825231 0.022396 0.018981
1 0.352083 0.889583 0.025521 0.023611
1 0.317188 0.857870 0.023958 0.020370
1 0.283854 0.807870 0.021354 0.018519
1 0.290234 0.875231 0.018490 0.021759
1 0.261979 0.862269 0.028125 0.023611
1 0.232031 0.830093 0.028646 0.028704
0 0.226953 0.849306 0.020573 0.017130
0 0.157161 0.838657 0.024740 0.020833
0 0.159505 0.872454 0.025781 0.018056
0 0.117057 0.870833 0.028385 0.021296
0 0.110286 0.807407 0.023177 0.020370
0 0.052474 0.834954 0.033594 0.024537
1 0.581380 0.940972 0.013281 0.036574
1 0.567057 0.987269 0.020573 0.024537
1 0.785156 0.980093 0.022396 0.019444
1 0.757552 0.992130 0.024479 0.015741
