1 0.923091 0.011573 0.011012 0.014837
1 0.892718 0.015727 0.009236 0.018398
1 0.941030 0.110089 0.013499 0.039763
1 0.921492 0.088427 0.015631 0.047478
1 0.904973 0.087834 0.012433 0.033234
1 0.892718 0.086350 0.012789 0.031454
1 0.886856 0.093472 0.015275 0.043323
1 0.841918 0.018398 0.008526 0.014243
1 0.823091 0.018101 0.007105 0.008902
1 0.792718 0.022552 0.005329 0.013056
1 0.785258 0.023145 0.006750 0.013056
1 0.771936 0.024036 0.006394 0.012463
1 0.761812 0.026409 0.006750 0.014837
1 0.969094 0.195252 0.015631 0.015430
0 0.942451 0.159347 0.012078 0.036202
0 0.928774 0.153709 0.015986 0.036795
0 0.863055 0.094362 0.011723 0.037982
1 0.795737 0.116914 0.010657 0.041543
1 0.912078 0.197923 0.024512 0.013650
1 0.739254 0.025816 0.006394 0.010089
0 0.690764 0.032047 0.004618 0.014243
1 0.714210 0.060237 0.020249 0.020772
1 0.764121 0.103264 0.012078 0.040356
0 0.731439 0.175668 0.012078 0.037982
0 0.814032 0.167953 0.020249 0.037982
1 0.682238 0.102967 0.012433 0.033828
0 0.676199 0.109496 0.008171 0.036202
0 0.657371 0.106231 0.008881 0.036795
0 0.640853 0.111276 0.012078 0.035015
0 0.620959 0.109199 0.012078 0.036795
0 0.674067 0.175371 0.006039 0.037389
0 0.669982 0.177448 0.006394 0.037982
0 0.665719 0.178635 0.006394 0.036795
0 0.661456 0.177151 0.005684 0.037389
0 0.657904 0.175668 0.007105 0.037982
0 0.651687 0.174777 0.007460 0.036202
0 0.647425 0.175371 0.006750 0.038576
0 0.643339 0.175371 0.006394 0.037389
0 0.638899 0.176261 0.006750 0.040356
0 0.635346 0.179228 0.004618 0.039169
0 0.631972 0.184273 0.006394 0.039763
0 0.627886 0.178042 0.005329 0.039169
0 0.623623 0.184273 0.007460 0.039763
0 0.616696 0.186647 0.009236 0.037389
0 0.606039 0.175668 0.009236 0.036795
0 0.602131 0.151632 0.007105 0.038576
0 0.593073 0.130267 0.020249 0.017211
0 0.588988 0.152522 0.017762 0.020178
0 0.571403 0.117211 0.018828 0.024332
0 0.708526 0.231157 0.011012 0.035015
0 0.689876 0.229674 0.011368 0.040356
0 0.679929 0.228190 0.009236 0.037389
0 0.566252 0.191988 0.019183 0.019585
0 0.592362 0.236795 0.021670 0.016617
0 0.526465 0.051039 0.010657 0.021365
1 0.520249 0.118398 0.016696 0.040950
1 0.525400 0.142136 0.013499 0.029080
1 0.503908 0.163205 0.008171 0.034421
1 0.486323 0.176855 0.010657 0.033234
1 0.490586 0.125519 0.010657 0.046884
1 0.491119 0.072107 0.010302 0.039763
1 0.476021 0.050445 0.006394 0.010682
1 0.458082 0.056083 0.009591 0.019585
1 0.449023 0.078338 0.009236 0.034421
1 0.469449 0.111869 0.014565 0.030267
0 0.448668 0.119288 0.009947 0.029674
1 0.429130 0.054006 0.007815 0.009496
1 0.436590 0.069436 0.011368 0.041543
1 0.415453 0.075074 0.011723 0.038576
1 0.421314 0.125519 0.009947 0.037389
1 0.433215 0.134125 0.009591 0.034421
1 0.452220 0.159644 0.009947 0.029674
1 0.436767 0.187537 0.008881 0.033234
0 0.508703 0.201187 0.010657 0.034421
0 0.505329 0.239466 0.011012 0.029080
1 0.491119 0.232641 0.012433 0.039169
1 0.417584 0.236795 0.011012 0.042730
0 0.382238 0.096439 0.016341 0.027893
1 0.341563 0.140356 0.011723 0.038576
1 0.340320 0.192285 0.010657 0.040356
1 0.933037 0.228190 0.022380 0.019585
1 0.844227 0.242433 0.022380 0.027893
0 0.916519 0.277745 0.013499 0.037982
0 0.895382 0.320178 0.008171 0.037389
1 0.886323 0.321068 0.009947 0.040356
1 0.925933 0.324036 0.009591 0.035608
1 0.942806 0.321068 0.010657 0.042730
1 0.976732 0.317507 0.008171 0.041543
0 0.588277 0.264985 0.022735 0.014837
0 0.599645 0.293175 0.023446 0.014243
1 0.593073 0.355490 0.020959 0.021365
1 0.433748 0.288131 0.010657 0.037389
1 0.484369 0.280119 0.010302 0.034421
0 0.470337 0.341840 0.009947 0.036795
0 0.503375 0.378042 0.007105 0.032047
1 0.480639 0.341246 0.009236 0.040356
1 0.438544 0.339169 0.009591 0.032641
1 0.450977 0.381899 0.010302 0.039763
1 0.436057 0.428783 0.011723 0.038576
1 0.361812 0.283086 0.010302 0.034421
1 0.358437 0.360534 0.009947 0.042136
1 0.373002 0.416024 0.011368 0.037982
1 0.344938 0.358457 0.009947 0.037982
1 0.342806 0.398220 0.010657 0.040356
1 0.311012 0.510682 0.018117 0.030267
1 0.298401 0.566172 0.018472 0.022552
1 0.291652 0.588427 0.018472 0.030267
1 0.305329 0.597329 0.021670 0.024332
1 0.321847 0.540356 0.015631 0.029080
1 0.329663 0.499110 0.014920 0.028487
1 0.334103 0.456083 0.013144 0.037389
1 0.353108 0.461721 0.015631 0.034421
1 0.361101 0.495846 0.014565 0.033828
1 0.338011 0.517211 0.013854 0.036202
1 0.342629 0.548071 0.017407 0.031454
1 0.413499 0.480415 0.013499 0.039763
1 0.434991 0.489614 0.011723 0.035608
1 0.474778 0.475964 0.013854 0.040356
1 0.394849 0.544807 0.014565 0.029674
1 0.404973 0.558754 0.012789 0.027893
1 0.426288 0.558754 0.014920 0.032641
1 0.439787 0.574481 0.012078 0.028487
1 0.555062 0.535015 0.011723 0.027893
0 0.537655 0.574777 0.020959 0.017211
1 0.917762 0.441840 0.016696 0.037389
0 0.899822 0.445401 0.019893 0.031454
1 0.869272 0.454599 0.013499 0.033234
1 0.835879 0.450445 0.014210 0.039169
0 0.596803 0.548665 0.009236 0.035015
1 0.275488 0.616024 0.020249 0.022552
1 0.226110 0.739763 0.023801 0.018398
1 0.249911 0.743323 0.023801 0.018398
1 0.270337 0.718101 0.022735 0.016617
1 0.282948 0.738576 0.021670 0.017211
0 0.302131 0.740950 0.022380 0.016024
1 0.303197 0.698516 0.023801 0.023739
1 0.317407 0.707122 0.020959 0.021958
1 0.364298 0.615134 0.018117 0.026706
1 0.349556 0.657864 0.020604 0.024332
1 0.349911 0.697626 0.024156 0.017211
1 0.346536 0.739169 0.020249 0.024332
1 0.395560 0.600890 0.018117 0.030267
1 0.380995 0.644807 0.013144 0.030267
1 0.404263 0.632047 0.015631 0.029674
1 0.384014 0.692878 0.014210 0.036202
1 0.409769 0.686053 0.015986 0.028487
1 0.432149 0.627893 0.013854 0.028487
1 0.466075 0.587537 0.016341 0.036795
1 0.454529 0.640653 0.008881 0.031454
1 0.477087 0.657864 0.011368 0.038576
1 0.457904 0.705045 0.018472 0.016617
1 0.468206 0.723442 0.018472 0.022552
1 0.491474 0.599703 0.010302 0.033828
1 0.495560 0.667656 0.010657 0.036795
1 0.560213 0.717507 0.023446 0.017804
0 0.031616 0.857567 0.012789 0.018991
1 0.059147 0.829674 0.023091 0.020178
1 0.078508 0.860534 0.022735 0.017804
1 0.131439 0.843323 0.019893 0.014243
0 0.185790 0.819288 0.022025 0.018398
0 0.208171 0.767656 0.024156 0.017211
0 0.217229 0.808605 0.020959 0.017211
0 0.225755 0.866469 0.025222 0.010682
0 0.232149 0.823442 0.022380 0.018398
1 0.260924 0.861721 0.019538 0.013056
1 0.255417 0.820772 0.023446 0.017804
1 0.277620 0.830267 0.019538 0.015430
1 0.279041 0.799703 0.021670 0.017211
1 0.237478 0.773294 0.024512 0.018991
1 0.256661 0.782493 0.023091 0.021958
1 0.269272 0.760831 0.020604 0.017804
1 0.301066 0.766469 0.022380 0.021958
0 0.321492 0.775074 0.022735 0.015430
1 0.301421 0.799703 0.019538 0.016024
1 0.309414 0.819288 0.020604 0.014837
1 0.327886 0.842433 0.019183 0.014837
1 0.381350 0.862018 0.024512 0.018398
1 0.377087 0.804451 0.025933 0.016024
1 0.376377 0.782789 0.023801 0.011869
0 0.353108 0.758160 0.019183 0.025519
1 0.372824 0.753412 0.016696 0.019585
1 0.404440 0.746884 0.013144 0.035015
1 0.429130 0.739466 0.012078 0.035608
1 0.448845 0.857567 0.011012 0.039169
0 0.517407 0.805341 0.020249 0.022552
1 0.558082 0.754303 0.022735 0.020178
1 0.555417 0.792285 0.019538 0.020178
1 0.565719 0.846884 0.023091 0.021365
1 0.613144 0.786944 0.022025 0.017804
1 0.654885 0.841840 0.025222 0.021958
1 0.687922 0.810089 0.023801 0.018991
1 0.718828 0.761424 0.020959 0.017804
1 0.714565 0.823442 0.018117 0.020772
1 0.741563 0.809199 0.027353 0.021958
1 0.769627 0.777151 0.028064 0.026706
0 0.775133 0.794362 0.020604 0.016024
0 0.842629 0.778338 0.024156 0.019585
0 0.841385 0.809496 0.025222 0.016617
0 0.882416 0.804154 0.027709 0.020178
0 0.887034 0.745994 0.022735 0.018991
0 0.944050 0.765875 0.033037 0.023145
1 0.433925 0.908902 0.013144 0.033828
1 0.449201 0.949852 0.020249 0.023145
1 0.237300 0.962611 0.022025 0.017804
1 0.264654 0.971217 0.024156 0.014837
