1 0.950911 0.007639 0.010677 0.015278
1 0.919531 0.009259 0.009375 0.018519
1 0.965885 0.117130 0.013542 0.042593
1 0.946615 0.091435 0.015625 0.051389
1 0.929688 0.089120 0.012500 0.035648
1 0.917188 0.086343 0.012500 0.033796
1 0.910937 0.093519 0.015625 0.047222
1 0.867188 0.007176 0.008333 0.014352
1 0.847917 0.004630 0.007292 0.009259
1 0.816536 0.006713 0.004948 0.013426
1 0.808984 0.006713 0.006510 0.013426
1 0.795182 0.006250 0.005990 0.012500
1 0.784635 0.007639 0.006771 0.015278
1 0.991927 0.213194 0.015625 0.016204
0 0.965885 0.171065 0.011979 0.039352
0 0.952083 0.163426 0.016146 0.039815
0 0.886458 0.092130 0.011458 0.040741
1 0.816536 0.109954 0.010677 0.044907
1 0.933333 0.209954 0.025000 0.014352
1 0.761458 0.005093 0.006250 0.010185
0 0.711458 0.007176 0.004687 0.014352
1 0.734505 0.040046 0.020573 0.021759
1 0.784505 0.092130 0.012240 0.043519
0 0.748437 0.168056 0.011979 0.040741
0 0.833464 0.167593 0.020573 0.040741
1 0.700391 0.083565 0.012240 0.036574
0 0.693880 0.090046 0.008073 0.039352
0 0.674609 0.084722 0.008594 0.039815
0 0.657552 0.088426 0.011979 0.037963
0 0.637240 0.084259 0.011979 0.039815
0 0.689453 0.161806 0.005990 0.040278
0 0.685156 0.163657 0.006250 0.041204
0 0.680729 0.164815 0.006250 0.039815
0 0.676562 0.162731 0.005729 0.040278
0 0.672786 0.160880 0.007031 0.041204
0 0.666536 0.159259 0.007552 0.038889
0 0.662109 0.159259 0.006510 0.041667
0 0.657813 0.159028 0.006250 0.040278
0 0.653255 0.159491 0.006510 0.043056
0 0.649609 0.162269 0.004427 0.042130
0 0.645833 0.167593 0.006250 0.042593
0 0.642057 0.160417 0.004948 0.042130
0 0.637240 0.166667 0.007292 0.042593
0 0.630208 0.168519 0.008854 0.040741
0 0.619661 0.155556 0.009115 0.039815
0 0.616536 0.128704 0.007031 0.041667
0 0.607682 0.104630 0.020573 0.018519
0 0.602734 0.128472 0.017969 0.021759
0 0.585938 0.088194 0.019271 0.026389
0 0.722917 0.226389 0.010937 0.037963
0 0.704036 0.222917 0.011198 0.043056
0 0.693880 0.220139 0.009115 0.040278
0 0.578255 0.169444 0.019531 0.020370
0 0.603385 0.220833 0.021875 0.017593
0 0.542057 0.011343 0.010677 0.022685
1 0.533333 0.084491 0.016667 0.043981
1 0.537760 0.110880 0.013542 0.031019
1 0.515234 0.131944 0.008073 0.037037
1 0.496484 0.145139 0.010677 0.035648
1 0.502734 0.089352 0.010677 0.050926
1 0.505078 0.031019 0.010156 0.043519
1 0.490104 0.005556 0.006250 0.011111
1 0.471615 0.010417 0.009375 0.020833
1 0.461589 0.033333 0.009115 0.037037
1 0.481510 0.072454 0.014583 0.032870
0 0.459635 0.078241 0.009896 0.031481
1 0.441927 0.005093 0.007812 0.010185
1 0.449089 0.022917 0.011198 0.044907
1 0.427083 0.026620 0.011458 0.041204
1 0.431510 0.082639 0.009896 0.040278
1 0.443490 0.093056 0.009375 0.037037
1 0.461979 0.122917 0.009896 0.031944
1 0.445312 0.151852 0.008854 0.036111
0 0.518880 0.173611 0.010677 0.037037
0 0.514062 0.215278 0.010937 0.031481
1 0.499740 0.206481 0.012500 0.042593
1 0.423958 0.203704 0.010937 0.046296
0 0.392188 0.046991 0.016667 0.030093
1 0.348958 0.090741 0.011979 0.041667
1 0.345964 0.147454 0.010677 0.043981
1 0.953906 0.245370 0.022917 0.020370
1 0.862109 0.252083 0.022656 0.030093
0 0.935286 0.297917 0.013802 0.041204
0 0.912109 0.342130 0.008073 0.040741
1 0.902865 0.342593 0.009896 0.043519
1 0.943490 0.349306 0.009375 0.038426
1 0.960807 0.347917 0.010677 0.045833
1 0.995833 0.347454 0.007812 0.044907
0 0.598307 0.251389 0.023177 0.015741
0 0.609115 0.283565 0.023438 0.015278
1 0.600260 0.350926 0.021354 0.023148
1 0.438932 0.261806 0.010677 0.040278
1 0.491016 0.257639 0.010156 0.037500
0 0.474609 0.323843 0.010156 0.040278
0 0.507292 0.366667 0.006771 0.034259
1 0.485156 0.324306 0.009375 0.043981
1 0.442057 0.318056 0.009635 0.035185
1 0.453385 0.365741 0.010417 0.043519
1 0.436458 0.415278 0.011979 0.041667
1 0.365104 0.248843 0.010417 0.037500
1 0.358984 0.333102 0.010156 0.045833
1 0.372135 0.395370 0.011458 0.040741
1 0.345182 0.329630 0.010156 0.040741
1 0.341667 0.372917 0.010417 0.043981
1 0.305208 0.492593 0.018229 0.032407
1 0.290365 0.552083 0.018750 0.023611
1 0.282813 0.575694 0.018750 0.032870
1 0.296484 0.586806 0.022135 0.026389
1 0.315365 0.526157 0.015625 0.031019
1 0.324740 0.481944 0.015104 0.030556
1 0.330859 0.435417 0.013281 0.040278
1 0.350260 0.443519 0.015625 0.037037
1 0.357161 0.481250 0.014844 0.036574
1 0.332682 0.502546 0.013802 0.039352
1 0.336589 0.536806 0.017448 0.033796
1 0.411589 0.469907 0.013802 0.042593
1 0.433333 0.481944 0.011458 0.038889
1 0.474609 0.470833 0.013802 0.043519
1 0.390365 0.538657 0.014583 0.031944
1 0.400260 0.554630 0.013021 0.029630
1 0.422135 0.556713 0.015104 0.035648
1 0.435417 0.575231 0.011979 0.031019
1 0.555078 0.543519 0.011719 0.029630
0 0.535937 0.585417 0.021354 0.018056
1 0.930990 0.477546 0.016667 0.040278
0 0.912630 0.479630 0.020052 0.033333
1 0.880859 0.486806 0.013802 0.035648
1 0.846615 0.478704 0.014063 0.042593
0 0.597656 0.562500 0.008854 0.037963
1 0.265234 0.604167 0.020573 0.024074
1 0.210286 0.734954 0.024219 0.019907
1 0.234635 0.741204 0.023958 0.019444
1 0.256510 0.715278 0.022917 0.017593
1 0.268880 0.739120 0.022135 0.018056
0 0.288411 0.743519 0.022656 0.016667
1 0.290885 0.697454 0.023958 0.025463
1 0.305208 0.708333 0.021354 0.023148
1 0.356510 0.612269 0.018229 0.029167
1 0.340104 0.657639 0.020833 0.026389
1 0.339062 0.701157 0.024479 0.018056
1 0.334115 0.746065 0.020313 0.026389
1 0.389062 0.599769 0.018229 0.032870
1 0.372656 0.646296 0.013021 0.032407
1 0.397135 0.634491 0.015625 0.031944
1 0.374089 0.699306 0.014323 0.039352
1 0.400911 0.694444 0.016406 0.030556
1 0.425911 0.632870 0.013802 0.030556
1 0.462109 0.592130 0.016406 0.039815
1 0.448437 0.649306 0.008854 0.033796
1 0.470964 0.670139 0.011198 0.041204
1 0.449740 0.719907 0.018750 0.017593
1 0.459635 0.740741 0.018750 0.024074
1 0.487760 0.607870 0.010417 0.036111
1 0.489714 0.682407 0.010677 0.039815
1 0.554427 0.743519 0.023958 0.018519
0 0.006510 0.844444 0.013021 0.020370
1 0.035937 0.816667 0.023438 0.021296
1 0.054688 0.852083 0.022917 0.018981
1 0.109766 0.838657 0.020052 0.015278
0 0.166406 0.817593 0.022396 0.019444
0 0.190885 0.763657 0.024479 0.018056
0 0.198958 0.809491 0.021354 0.018056
0 0.205859 0.873148 0.025781 0.011111
0 0.213932 0.827083 0.022656 0.019907
1 0.242057 0.871759 0.020052 0.013889
1 0.237891 0.826157 0.023698 0.018981
1 0.260286 0.838657 0.020052 0.016204
1 0.262760 0.805556 0.021875 0.018519
1 0.220833 0.772454 0.025000 0.019907
1 0.240365 0.784722 0.023438 0.023148
1 0.254036 0.762269 0.020573 0.018981
1 0.286458 0.771528 0.022917 0.023611
0 0.307161 0.782870 0.023177 0.016667
1 0.285807 0.807870 0.020052 0.016667
1 0.293229 0.830093 0.020833 0.015741
1 0.311458 0.857407 0.019271 0.015741
1 0.365755 0.884028 0.024740 0.019907
1 0.363411 0.820370 0.026302 0.016667
1 0.363411 0.796759 0.024219 0.012963
0 0.340234 0.767593 0.019531 0.027778
1 0.360677 0.764352 0.017188 0.020370
1 0.393359 0.760417 0.013281 0.037500
1 0.419010 0.754398 0.011979 0.038426
1 0.435417 0.885880 0.010937 0.042130
0 0.507682 0.835417 0.020573 0.023611
1 0.550911 0.783565 0.023177 0.021759
1 0.547005 0.824769 0.019531 0.021759
1 0.555859 0.885417 0.023177 0.022685
1 0.606510 0.824769 0.022396 0.018981
1 0.647656 0.889120 0.025521 0.023611
1 0.682552 0.857407 0.023958 0.020370
1 0.715885 0.807407 0.021354 0.018519
1 0.709505 0.874769 0.018490 0.021759
1 0.737760 0.861806 0.028125 0.023611
1 0.767708 0.829630 0.028646 0.028704
0 0.772786 0.848843 0.020573 0.017130
0 0.842578 0.838194 0.024740 0.020833
0 0.840234 0.871991 0.025781 0.018056
0 0.882682 0.870370 0.028385 0.021296
0 0.889453 0.806944 0.023177 0.020370
0 0.947266 0.834491 0.033594 0.024537
1 0.418359 0.940509 0.013281 0.036574
1 0.432682 0.986806 0.020573 0.024537
1 0.214583 0.979630 0.022396 0.019444
1 0.242188 0.991667 0.024479 0.015741
