1 0.844336 0.918070 0.018432 0.020202
1 0.829591 0.905163 0.041890 0.049383
1 0.818365 0.837823 0.048928 0.048260
1 0.812668 0.811728 0.041555 0.047699
1 0.805630 0.780864 0.044236 0.040965
1 0.784853 0.756173 0.044906 0.052189
1 0.795912 0.740180 0.044906 0.043771
1 0.787198 0.720539 0.042225 0.046016
0 0.781836 0.705668 0.038204 0.038721
1 0.762064 0.678732 0.042225 0.040965
1 0.763572 0.664983 0.041890 0.044893
1 0.757038 0.627946 0.041555 0.047138
1 0.752178 0.594276 0.038539 0.046016
1 0.749330 0.575758 0.032842 0.049383
1 0.737601 0.527778 0.034853 0.031987
1 0.732239 0.493827 0.034853 0.037037
1 0.728385 0.472222 0.036528 0.039843
1 0.730731 0.462682 0.032507 0.030864
1 0.729223 0.440797 0.022788 0.033109
1 0.719336 0.429854 0.022453 0.035915
1 0.713472 0.420034 0.031501 0.036476
1 0.711629 0.400954 0.030496 0.034231
0 0.709618 0.390853 0.023123 0.030864
1 0.708613 0.375701 0.028485 0.030864
1 0.698056 0.325196 0.030161 0.037598
1 0.672922 0.333333 0.011394 0.047138
1 0.654155 0.336981 0.014745 0.044332
1 0.641421 0.335578 0.014745 0.043771
1 0.653150 0.378227 0.010724 0.043771
1 0.673090 0.930135 0.045241 0.027497
0 0.617125 0.909933 0.044571 0.044332
1 0.613438 0.847643 0.049263 0.057800
1 0.606568 0.823793 0.046247 0.052750
1 0.601877 0.772166 0.045576 0.046016
1 0.598358 0.745791 0.032507 0.043771
1 0.598693 0.721661 0.041890 0.047138
1 0.584115 0.705107 0.033512 0.052189
1 0.644437 0.713524 0.036863 0.033109
1 0.651307 0.734287 0.044571 0.040965
1 0.654658 0.758979 0.047922 0.051066
1 0.659685 0.791807 0.046582 0.051627
1 0.664544 0.827160 0.051609 0.042649
1 0.660020 0.859989 0.037198 0.035354
1 0.672922 0.880191 0.038204 0.030864
1 0.674765 0.898709 0.051944 0.036476
1 0.593331 0.608025 0.031166 0.034231
1 0.589980 0.589787 0.036528 0.043771
1 0.582272 0.574635 0.033177 0.038159
1 0.584283 0.556958 0.037198 0.035354
1 0.587466 0.542929 0.028150 0.030864
1 0.585958 0.525533 0.034517 0.030864
1 0.586629 0.510101 0.025134 0.032548
1 0.583613 0.494388 0.035188 0.039282
1 0.582440 0.475309 0.028150 0.033670
1 0.579759 0.461841 0.030161 0.035915
1 0.576575 0.447531 0.025134 0.034231
1 0.575737 0.435746 0.025469 0.030864
1 0.575235 0.419473 0.029826 0.035354
1 0.568700 0.401796 0.028150 0.033670
0 0.570543 0.381874 0.029826 0.031987
1 0.569705 0.359147 0.028820 0.031425
1 0.560657 0.340629 0.021448 0.033670
1 0.546079 0.339226 0.012399 0.038721
1 0.519940 0.345118 0.009718 0.049383
1 0.633210 0.576319 0.040550 0.038159
1 0.623492 0.524130 0.035188 0.042649
1 0.623324 0.495791 0.039544 0.029742
1 0.620308 0.476992 0.028150 0.031425
1 0.616119 0.465769 0.027145 0.028058
1 0.618130 0.450617 0.034517 0.033670
1 0.614109 0.440516 0.025134 0.023569
1 0.616454 0.431538 0.025804 0.023569
1 0.619135 0.420875 0.037869 0.026936
1 0.612098 0.410774 0.033847 0.030303
1 0.606736 0.398429 0.025134 0.025814
1 0.611260 0.383558 0.034853 0.036476
1 0.603552 0.345679 0.030161 0.030303
1 0.604223 0.333614 0.028820 0.028620
1 0.461294 0.943042 0.047252 0.037598
0 0.471347 0.914141 0.041220 0.042649
0 0.466823 0.872896 0.039544 0.047699
0 0.474698 0.829966 0.041220 0.046016
1 0.519772 0.920875 0.014075 0.071829
1 0.516588 0.840348 0.019102 0.064534
1 0.520442 0.745511 0.014745 0.075758
1 0.381032 0.944164 0.037534 0.049944
1 0.387902 0.895062 0.051273 0.048260
1 0.402480 0.874299 0.036863 0.048260
1 0.418901 0.835859 0.042895 0.046577
1 0.418733 0.811728 0.048592 0.043210
1 0.419068 0.780584 0.047252 0.047138
1 0.417058 0.758418 0.035858 0.044332
1 0.410690 0.727834 0.043901 0.035915
1 0.428787 0.704545 0.035188 0.048822
1 0.466823 0.713805 0.037534 0.041526
1 0.466991 0.679854 0.037869 0.039843
1 0.520275 0.689675 0.015080 0.049383
1 0.518934 0.642817 0.015080 0.049944
1 0.465147 0.656285 0.039544 0.042088
0 0.419403 0.670314 0.032507 0.042088
1 0.423592 0.652357 0.036193 0.038721
1 0.487265 0.627104 0.036863 0.037598
0 0.427111 0.630191 0.033177 0.037037
0 0.482909 0.600449 0.036193 0.038159
1 0.481568 0.563973 0.036863 0.040404
1 0.478217 0.529742 0.036193 0.038159
1 0.426441 0.609989 0.039879 0.043771
1 0.419906 0.597643 0.034853 0.038159
1 0.421917 0.580808 0.028150 0.031425
1 0.421079 0.555556 0.033177 0.035915
1 0.422755 0.535634 0.027145 0.031987
1 0.442359 0.521324 0.030161 0.034792
1 0.427279 0.514310 0.023458 0.037598
1 0.439846 0.498597 0.027145 0.029742
1 0.438673 0.486532 0.024129 0.029181
0 0.438338 0.475028 0.030831 0.029742
1 0.437165 0.460999 0.033177 0.034231
1 0.441521 0.441919 0.029826 0.030864
0 0.425771 0.417508 0.027145 0.033670
0 0.431133 0.407969 0.027145 0.028058
0 0.430965 0.398148 0.026139 0.027497
1 0.433143 0.389450 0.022453 0.028058
1 0.432306 0.381033 0.021448 0.029181
0 0.432306 0.368406 0.026139 0.029742
0 0.431133 0.362233 0.026475 0.023008
0 0.432976 0.352413 0.025469 0.025814
1 0.435154 0.342312 0.023794 0.028058
0 0.480228 0.321268 0.025469 0.017396
1 0.439511 0.322391 0.028485 0.029742
0 0.441689 0.312009 0.026139 0.031425
1 0.436662 0.290965 0.020777 0.031987
1 0.442359 0.274972 0.022788 0.028058
1 0.446716 0.258418 0.024799 0.036476
1 0.449899 0.249719 0.023794 0.028058
1 0.451408 0.241582 0.024129 0.026375
1 0.451408 0.236532 0.022788 0.025253
1 0.451743 0.225870 0.025469 0.025253
1 0.456769 0.213524 0.021448 0.030864
1 0.460121 0.200337 0.022118 0.025814
1 0.457775 0.185746 0.024129 0.028058
1 0.456769 0.173401 0.023458 0.024691
1 0.455764 0.164703 0.022788 0.026375
1 0.447218 0.166386 0.021783 0.028620
1 0.468164 0.054433 0.016756 0.021324
1 0.462466 0.058642 0.020777 0.026375
1 0.462466 0.064254 0.015416 0.023008
1 0.461126 0.071549 0.018097 0.023008
1 0.457105 0.083333 0.019437 0.024130
1 0.470174 0.092593 0.015416 0.023569
1 0.457607 0.099888 0.018432 0.024691
1 0.455764 0.106061 0.019437 0.024691
1 0.454926 0.112233 0.021783 0.023569
1 0.459618 0.129910 0.023123 0.021886
1 0.456267 0.134680 0.023123 0.024691
1 0.453921 0.157407 0.021783 0.024130
1 0.454759 0.147026 0.016756 0.019080
1 0.423592 0.221942 0.010724 0.031987
0 0.552111 0.182099 0.013070 0.030864
1 0.526307 0.163861 0.024464 0.025814
1 0.523458 0.145623 0.023458 0.028620
1 0.525804 0.135522 0.020107 0.025253
1 0.523961 0.117565 0.020442 0.023008
1 0.523626 0.108586 0.021783 0.023008
1 0.523961 0.099607 0.021783 0.023008
1 0.262064 0.968575 0.029491 0.021324
1 0.270945 0.958474 0.037869 0.040404
1 0.280831 0.939955 0.040885 0.053872
1 0.283680 0.910213 0.039209 0.046016
1 0.283009 0.888608 0.043901 0.039843
1 0.283512 0.868126 0.033512 0.026936
1 0.303452 0.840909 0.014410 0.026375
1 0.334283 0.606061 0.029826 0.028058
1 0.333445 0.588664 0.037534 0.029181
1 0.335288 0.572671 0.033847 0.029742
1 0.351039 0.551347 0.014410 0.027497
1 0.353552 0.510382 0.018767 0.024130
1 0.380697 0.349046 0.014075 0.026936
0 0.378854 0.254489 0.014410 0.020763
1 0.401139 0.210157 0.007373 0.012907
1 0.402312 0.201740 0.008378 0.014029
1 0.400134 0.190236 0.010054 0.014590
1 0.319202 0.714646 0.031166 0.039843
