1 0.139323 0.988194 0.018750 0.021759
1 0.154167 0.972917 0.042708 0.053241
1 0.163542 0.898380 0.050000 0.052315
1 0.168620 0.869213 0.042448 0.051389
1 0.174870 0.834954 0.045052 0.043981
1 0.195312 0.806019 0.045833 0.056481
1 0.183464 0.789815 0.045573 0.047222
1 0.191667 0.767361 0.043229 0.049537
0 0.196875 0.750694 0.039062 0.041204
1 0.216146 0.719444 0.043229 0.044444
1 0.214193 0.704630 0.042969 0.048148
1 0.219922 0.663426 0.042448 0.050926
1 0.223568 0.626620 0.039323 0.049537
1 0.226042 0.606019 0.033333 0.053704
1 0.236589 0.552546 0.035677 0.034722
1 0.241016 0.515046 0.035677 0.040278
1 0.244271 0.491204 0.037500 0.042593
1 0.241536 0.481019 0.033073 0.033333
1 0.242318 0.457176 0.023177 0.035648
1 0.252214 0.443981 0.022656 0.038889
1 0.257943 0.432639 0.032031 0.039352
1 0.259115 0.411806 0.031250 0.036574
0 0.260937 0.400694 0.023438 0.032870
1 0.261589 0.384259 0.028906 0.033333
1 0.270573 0.328241 0.030729 0.040741
1 0.296875 0.334491 0.011458 0.050463
1 0.316146 0.336806 0.015104 0.047685
1 0.329297 0.334028 0.014844 0.046759
1 0.318620 0.381481 0.010677 0.047222
1 0.315495 0.984954 0.046094 0.029167
0 0.372266 0.957639 0.045573 0.047685
1 0.374219 0.889583 0.050521 0.062500
1 0.380469 0.862731 0.047396 0.056944
1 0.383724 0.806250 0.046615 0.049537
1 0.386589 0.777083 0.033073 0.046759
1 0.385417 0.750694 0.042708 0.050463
1 0.399870 0.731481 0.034115 0.056481
1 0.338021 0.746065 0.037500 0.035648
1 0.331641 0.769444 0.045573 0.044444
1 0.329036 0.796528 0.048698 0.055093
1 0.324870 0.832870 0.047656 0.055556
1 0.321094 0.871991 0.052604 0.045833
1 0.326823 0.907407 0.038021 0.037963
1 0.314193 0.930556 0.038802 0.033333
1 0.313021 0.950926 0.053125 0.038889
1 0.387240 0.626389 0.031771 0.037037
1 0.389974 0.606019 0.037240 0.047222
1 0.397396 0.589120 0.033854 0.041204
1 0.394922 0.569907 0.037760 0.037963
1 0.391146 0.555093 0.028646 0.033333
1 0.392318 0.535880 0.035156 0.032870
1 0.391016 0.518981 0.025781 0.035185
1 0.393490 0.501620 0.035937 0.042130
1 0.394141 0.480556 0.028906 0.036111
1 0.396615 0.465972 0.030729 0.038426
1 0.399349 0.450000 0.025260 0.037037
1 0.399870 0.436806 0.025781 0.032870
1 0.399740 0.419213 0.030208 0.038426
1 0.405990 0.399306 0.028646 0.036574
0 0.403516 0.377778 0.030469 0.034259
1 0.403516 0.353009 0.029427 0.033796
1 0.412240 0.331944 0.021875 0.036111
1 0.427214 0.329167 0.012240 0.041667
1 0.454167 0.332870 0.009896 0.053704
1 0.345313 0.595602 0.041146 0.041204
1 0.353646 0.537731 0.035937 0.045833
1 0.352865 0.506944 0.040104 0.032407
1 0.355469 0.486343 0.028646 0.033796
1 0.359245 0.473380 0.027344 0.030093
1 0.356641 0.457176 0.035156 0.036574
1 0.360417 0.445833 0.025521 0.025000
1 0.357943 0.436343 0.026302 0.025463
1 0.354687 0.424769 0.038542 0.029167
1 0.361589 0.413194 0.034635 0.031944
1 0.366797 0.399306 0.025260 0.027315
1 0.361719 0.383333 0.035417 0.038889
1 0.368490 0.341204 0.030729 0.032407
1 0.367318 0.328241 0.029427 0.030556
1 0.533464 0.979167 0.048177 0.040741
0 0.522266 0.948380 0.041927 0.045833
0 0.525521 0.903241 0.040625 0.051852
0 0.516146 0.857176 0.042188 0.049537
1 0.472786 0.960417 0.014323 0.078241
1 0.473438 0.872454 0.019271 0.069907
1 0.466536 0.769444 0.014844 0.082407
1 0.616016 0.972454 0.038281 0.054167
1 0.607292 0.919676 0.052604 0.052315
1 0.591667 0.898380 0.037500 0.052315
1 0.573438 0.858102 0.043750 0.050463
1 0.572917 0.831944 0.049479 0.046296
1 0.571615 0.797685 0.048438 0.050926
1 0.572917 0.773843 0.036458 0.047685
1 0.578516 0.739583 0.045052 0.038426
1 0.559115 0.715972 0.035937 0.053241
1 0.520443 0.729630 0.038281 0.044444
1 0.519141 0.692593 0.038802 0.042593
1 0.464844 0.708565 0.015104 0.053241
1 0.464714 0.657407 0.015365 0.053704
1 0.520312 0.666667 0.040625 0.045370
0 0.567839 0.677778 0.033073 0.045370
1 0.562760 0.658565 0.036979 0.042130
1 0.496615 0.637269 0.037500 0.040278
0 0.558594 0.634722 0.033854 0.039815
0 0.500391 0.607639 0.036719 0.041204
1 0.500521 0.567593 0.037500 0.043519
1 0.502865 0.530093 0.036979 0.040741
1 0.558594 0.612731 0.040625 0.046759
1 0.564844 0.598843 0.035417 0.041204
1 0.562370 0.580556 0.028385 0.033333
1 0.562370 0.552778 0.034115 0.038889
1 0.559896 0.531481 0.027604 0.034259
1 0.539323 0.517593 0.030729 0.037963
1 0.554818 0.508333 0.023698 0.040741
1 0.541146 0.492593 0.027604 0.031481
1 0.542188 0.479167 0.024479 0.031481
0 0.542188 0.466667 0.031250 0.031481
1 0.542969 0.451389 0.033854 0.037037
1 0.537891 0.431019 0.030469 0.033333
0 0.553125 0.402778 0.027604 0.036111
0 0.547396 0.393056 0.027604 0.029630
0 0.547266 0.382407 0.026302 0.029630
1 0.544792 0.372917 0.022917 0.030093
1 0.545312 0.363657 0.021875 0.031019
0 0.544922 0.350231 0.026302 0.031944
0 0.545964 0.343056 0.026823 0.024074
0 0.543620 0.332639 0.025781 0.027315
1 0.541016 0.321528 0.024219 0.030093
0 0.494141 0.303241 0.025781 0.018519
1 0.536068 0.300231 0.028906 0.031944
0 0.533594 0.289120 0.026562 0.033796
1 0.538021 0.265972 0.020833 0.034722
1 0.531641 0.248843 0.023177 0.030093
1 0.526563 0.231481 0.025000 0.038889
1 0.523047 0.222454 0.024219 0.030093
1 0.521094 0.213657 0.024479 0.028241
1 0.521094 0.208102 0.022917 0.027315
1 0.520443 0.196528 0.025781 0.027315
1 0.514844 0.183333 0.021875 0.033333
1 0.510938 0.169444 0.022396 0.027778
1 0.513021 0.153241 0.024479 0.030556
1 0.513542 0.139815 0.023958 0.025926
1 0.514193 0.130093 0.023177 0.027778
1 0.523047 0.131019 0.022135 0.030556
1 0.498047 0.011343 0.016927 0.022685
1 0.504036 0.015278 0.021094 0.027778
1 0.504167 0.021528 0.015625 0.024537
1 0.505990 0.029167 0.018229 0.025000
1 0.510417 0.041435 0.019792 0.025463
1 0.497135 0.052778 0.015625 0.025000
1 0.510417 0.059491 0.018750 0.026389
1 0.512370 0.066435 0.019531 0.026389
1 0.513411 0.072685 0.022135 0.025000
1 0.509245 0.092593 0.023177 0.023148
1 0.512891 0.097454 0.023698 0.026389
1 0.516016 0.121991 0.022135 0.025463
1 0.514714 0.110880 0.016927 0.019907
1 0.549089 0.189583 0.010677 0.034722
0 0.416016 0.158333 0.013281 0.033333
1 0.441797 0.135880 0.024740 0.027315
1 0.444141 0.115741 0.023698 0.030556
1 0.441536 0.105093 0.020573 0.026852
1 0.442839 0.085185 0.020573 0.024074
1 0.442839 0.075463 0.022135 0.025000
1 0.442318 0.065741 0.022135 0.025000
1 0.738672 0.987731 0.029948 0.022685
1 0.729297 0.977778 0.038802 0.043519
1 0.718620 0.958796 0.041927 0.058333
1 0.714844 0.926620 0.040104 0.049537
1 0.714714 0.902778 0.045052 0.042593
1 0.713542 0.880556 0.034375 0.028704
1 0.692187 0.853009 0.014583 0.028241
1 0.652995 0.599769 0.030469 0.030093
1 0.653385 0.580556 0.038542 0.031481
1 0.651042 0.563657 0.034375 0.031944
1 0.634245 0.541667 0.014323 0.029630
1 0.630339 0.497222 0.019010 0.025926
1 0.597266 0.323843 0.014323 0.029167
0 0.596224 0.220833 0.014323 0.022222
1 0.571875 0.174306 0.007292 0.013426
1 0.570443 0.165509 0.008073 0.014352
1 0.572266 0.152546 0.010156 0.015278
1 0.672135 0.716667 0.031771 0.042593
