1 0.844212 0.978622 0.018894 0.021378
1 0.829784 0.962886 0.042254 0.051663
1 0.821539 0.891330 0.049811 0.051069
1 0.816730 0.862827 0.042254 0.049881
1 0.811061 0.830166 0.044658 0.042755
1 0.791309 0.801366 0.045689 0.055226
1 0.803160 0.786520 0.045345 0.045724
1 0.795431 0.764549 0.042941 0.048100
0 0.790622 0.748219 0.038818 0.040380
1 0.772071 0.717637 0.042941 0.043349
1 0.774133 0.703385 0.042941 0.046912
1 0.768980 0.663599 0.042254 0.049287
1 0.765888 0.627969 0.038818 0.048100
1 0.763827 0.608373 0.033322 0.051663
1 0.754036 0.556710 0.035727 0.033848
1 0.750086 0.520487 0.035383 0.039786
1 0.747338 0.497625 0.037444 0.041568
1 0.750258 0.487827 0.032978 0.032660
1 0.749571 0.464964 0.023360 0.034442
1 0.739952 0.451900 0.022673 0.038005
1 0.734627 0.440618 0.031948 0.038005
1 0.733597 0.420724 0.031261 0.036223
0 0.732051 0.409739 0.023360 0.032067
1 0.731707 0.394002 0.028856 0.032660
1 0.723463 0.339964 0.030917 0.039786
1 0.697355 0.345012 0.011680 0.048694
1 0.678461 0.346200 0.015115 0.046318
1 0.665407 0.343230 0.015115 0.045131
1 0.675369 0.389252 0.010993 0.045724
1 0.670388 0.967933 0.045689 0.028504
0 0.614909 0.939430 0.045345 0.046318
1 0.613878 0.874109 0.050155 0.060570
1 0.607867 0.848278 0.047063 0.055226
1 0.605462 0.793646 0.046376 0.048100
1 0.603229 0.765736 0.032978 0.045724
1 0.604603 0.740499 0.042597 0.048694
1 0.590690 0.721496 0.034009 0.054632
1 0.651494 0.738124 0.037444 0.034442
1 0.657506 0.760986 0.045345 0.043349
1 0.659567 0.786817 0.048093 0.053444
1 0.663346 0.821853 0.047406 0.053444
1 0.666438 0.859561 0.052216 0.044537
1 0.660254 0.893112 0.037788 0.036817
1 0.672449 0.915974 0.038818 0.032660
1 0.673308 0.935570 0.052903 0.037411
1 0.604431 0.621437 0.031948 0.036223
1 0.602027 0.601841 0.036757 0.045724
1 0.594985 0.585214 0.033665 0.039786
1 0.597561 0.566805 0.037444 0.037411
1 0.601512 0.552553 0.028856 0.032660
1 0.600653 0.534442 0.034696 0.032067
1 0.602027 0.518112 0.025764 0.033848
1 0.599966 0.501485 0.036070 0.040974
1 0.599450 0.481295 0.028856 0.035036
1 0.597217 0.467043 0.030574 0.037411
1 0.594813 0.451603 0.025077 0.036223
1 0.594469 0.438836 0.025764 0.032067
1 0.594985 0.421912 0.030230 0.037411
1 0.588973 0.402613 0.028513 0.035629
0 0.591721 0.382126 0.030574 0.033848
1 0.592065 0.358373 0.029200 0.032660
1 0.583648 0.337886 0.021986 0.035629
1 0.568877 0.334620 0.012367 0.040974
1 0.542254 0.336995 0.009962 0.051663
1 0.646341 0.593527 0.040879 0.039786
1 0.638784 0.537708 0.036070 0.044537
1 0.639986 0.508017 0.039849 0.031473
1 0.637753 0.488124 0.028513 0.033254
1 0.634146 0.475653 0.027482 0.029691
1 0.636895 0.460214 0.035040 0.035629
1 0.633288 0.449228 0.025764 0.024347
1 0.635864 0.440024 0.026108 0.024941
1 0.639299 0.429335 0.038475 0.028504
1 0.632600 0.417755 0.034696 0.031473
1 0.627619 0.404097 0.025421 0.026722
1 0.632944 0.389252 0.035383 0.037411
1 0.626761 0.348575 0.030574 0.032067
1 0.628135 0.336105 0.029200 0.029691
1 0.455514 0.953682 0.048093 0.039192
0 0.467022 0.924287 0.041566 0.044537
0 0.464445 0.880938 0.040536 0.050475
0 0.474236 0.837589 0.042254 0.048100
1 0.515630 0.938242 0.014428 0.076010
1 0.516146 0.853919 0.019581 0.067696
1 0.524390 0.755344 0.014772 0.079572
1 0.374270 0.943884 0.038131 0.052850
1 0.383373 0.893705 0.052216 0.051069
1 0.399176 0.873812 0.037101 0.050475
1 0.417726 0.835808 0.043284 0.049287
1 0.418585 0.810867 0.049124 0.044537
1 0.420302 0.778207 0.048437 0.049287
1 0.419443 0.755344 0.036414 0.046318
1 0.414291 0.721793 0.044658 0.037411
1 0.433700 0.700416 0.036070 0.051663
1 0.471831 0.714667 0.038131 0.043349
1 0.473377 0.679335 0.038475 0.041568
1 0.526795 0.696853 0.015459 0.051663
1 0.527482 0.647862 0.015459 0.052257
1 0.472690 0.654394 0.040536 0.043943
0 0.425627 0.663302 0.032978 0.043943
1 0.430952 0.645190 0.036757 0.040974
1 0.496393 0.627078 0.037101 0.039192
0 0.435246 0.622328 0.033665 0.039192
0 0.493130 0.598575 0.036757 0.040380
1 0.493473 0.560273 0.037444 0.042162
1 0.491755 0.524050 0.036757 0.039786
1 0.435589 0.601247 0.040536 0.045724
1 0.429577 0.587589 0.035383 0.039786
1 0.432326 0.570368 0.028513 0.032660
1 0.432669 0.543349 0.034009 0.038005
1 0.435417 0.523159 0.027825 0.033254
1 0.455857 0.510689 0.030917 0.036817
1 0.440570 0.501188 0.023703 0.039192
1 0.454483 0.486639 0.027482 0.030285
1 0.453624 0.473872 0.024390 0.030879
0 0.453624 0.461995 0.031261 0.030879
1 0.453109 0.446853 0.033665 0.036223
1 0.458434 0.427850 0.030574 0.032660
0 0.443834 0.399941 0.027482 0.035036
0 0.449674 0.391033 0.027482 0.029097
0 0.449845 0.380938 0.026451 0.029097
1 0.452422 0.371734 0.022673 0.029691
1 0.452078 0.362827 0.021986 0.030879
0 0.452594 0.350059 0.026451 0.031473
0 0.451735 0.343230 0.026795 0.023753
0 0.453968 0.333135 0.025764 0.027316
1 0.456888 0.322447 0.024047 0.029691
0 0.503435 0.306710 0.025764 0.018409
1 0.462041 0.302553 0.028856 0.031473
0 0.464617 0.291865 0.026451 0.032660
1 0.460495 0.269299 0.020955 0.033848
1 0.467022 0.253266 0.023016 0.029097
1 0.472175 0.236936 0.025077 0.038005
1 0.475953 0.228325 0.024390 0.029097
1 0.478014 0.220012 0.024390 0.027910
1 0.478014 0.214667 0.023016 0.026722
1 0.478701 0.203385 0.025764 0.026722
1 0.484370 0.190914 0.021986 0.032660
1 0.488492 0.178147 0.022673 0.027316
1 0.486603 0.162411 0.024390 0.030285
1 0.486431 0.149347 0.024047 0.025534
1 0.485744 0.140143 0.023360 0.027316
1 0.477156 0.140736 0.021986 0.029691
1 0.503263 0.026722 0.017176 0.022565
1 0.497424 0.030285 0.021299 0.027316
1 0.497080 0.036520 0.015802 0.024347
1 0.495191 0.043646 0.018207 0.024347
1 0.490725 0.055226 0.019581 0.024941
1 0.503607 0.066805 0.015802 0.024347
1 0.490381 0.072447 0.018894 0.026128
1 0.488320 0.078979 0.019581 0.026128
1 0.487290 0.085214 0.022329 0.024347
1 0.491240 0.104513 0.023360 0.022565
1 0.487633 0.108670 0.023703 0.026128
1 0.484198 0.132423 0.022329 0.024941
1 0.485572 0.121437 0.016833 0.019596
1 0.450704 0.195665 0.010993 0.033848
0 0.582274 0.171318 0.013741 0.032660
1 0.557197 0.148753 0.024734 0.026722
1 0.554964 0.129157 0.023703 0.030285
1 0.557884 0.119062 0.020611 0.026722
1 0.556853 0.099762 0.020611 0.023753
1 0.557025 0.090558 0.022329 0.024347
1 0.557540 0.081354 0.021986 0.024941
1 0.253006 0.953385 0.029887 0.021971
1 0.262453 0.944477 0.038475 0.042162
1 0.273102 0.926663 0.041910 0.056413
1 0.277224 0.895784 0.039849 0.048100
1 0.277740 0.872922 0.045002 0.041568
1 0.279285 0.851841 0.034352 0.027910
1 0.300756 0.826306 0.014772 0.027910
1 0.342666 0.584917 0.030574 0.029691
1 0.342494 0.566508 0.038475 0.030879
1 0.345070 0.550178 0.034009 0.031473
1 0.362075 0.529988 0.014428 0.029097
1 0.366369 0.487233 0.018894 0.025534
1 0.401237 0.322447 0.014428 0.028504
0 0.403641 0.223575 0.014428 0.021971
1 0.428375 0.180226 0.007558 0.013658
1 0.429749 0.171615 0.008245 0.014252
1 0.428375 0.159145 0.010306 0.015439
1 0.322226 0.696259 0.031604 0.040974
