1 0.809633 0.887236 0.018349 0.020011
1 0.794725 0.875338 0.041612 0.048134
1 0.783093 0.809356 0.048493 0.047052
1 0.777195 0.783667 0.041284 0.046512
1 0.769823 0.753921 0.043578 0.040022
1 0.749017 0.730124 0.044561 0.050838
1 0.759993 0.714170 0.044233 0.042726
1 0.751311 0.695241 0.041940 0.044889
0 0.745740 0.680638 0.038008 0.037317
1 0.725917 0.654678 0.042267 0.040562
1 0.727228 0.641157 0.041612 0.043807
1 0.720183 0.604922 0.041284 0.045971
1 0.715433 0.572472 0.038336 0.044889
1 0.712484 0.554354 0.032438 0.048675
1 0.700197 0.507301 0.034731 0.031368
1 0.694626 0.474310 0.034731 0.036777
1 0.690695 0.453218 0.036697 0.038940
1 0.692988 0.443753 0.032110 0.030827
1 0.691350 0.422390 0.022936 0.032450
1 0.681356 0.411844 0.021953 0.035154
1 0.675459 0.402380 0.031127 0.035695
1 0.673493 0.383721 0.030472 0.032991
0 0.671363 0.373986 0.022936 0.029746
1 0.670052 0.359113 0.028178 0.030287
1 0.659567 0.309897 0.030144 0.036777
1 0.634502 0.318280 0.011468 0.045971
1 0.615826 0.322336 0.014744 0.043267
1 0.603047 0.321255 0.014744 0.042185
1 0.615007 0.362628 0.010485 0.042726
1 0.639417 0.902920 0.044889 0.026501
0 0.583716 0.884262 0.044233 0.043267
1 0.579456 0.823418 0.048820 0.056787
1 0.572412 0.800162 0.045872 0.051379
1 0.567333 0.749865 0.045544 0.044889
1 0.563565 0.723905 0.032110 0.042726
1 0.563729 0.700108 0.041612 0.045971
1 0.549148 0.684424 0.033421 0.051379
1 0.609273 0.691184 0.036370 0.032450
1 0.616153 0.711466 0.044233 0.040562
1 0.619758 0.735533 0.047510 0.049757
1 0.625000 0.767712 0.046199 0.050297
1 0.630079 0.802326 0.051114 0.041644
1 0.625819 0.834505 0.036697 0.034613
1 0.638761 0.853975 0.037680 0.030287
1 0.640727 0.872093 0.051442 0.035154
1 0.557503 0.588967 0.031127 0.033532
1 0.554227 0.571120 0.036370 0.043267
1 0.546363 0.556787 0.033093 0.037317
1 0.548165 0.539210 0.036697 0.034613
1 0.551278 0.525690 0.027851 0.030287
1 0.549476 0.508653 0.034076 0.029746
1 0.550131 0.493510 0.024902 0.031909
1 0.547018 0.478096 0.035059 0.037858
1 0.545872 0.459438 0.028178 0.032991
1 0.542923 0.446458 0.030144 0.035154
1 0.539646 0.432396 0.024902 0.034072
1 0.538827 0.420768 0.025229 0.030287
1 0.538336 0.404813 0.029489 0.035154
1 0.531455 0.387777 0.028178 0.033532
0 0.533093 0.368307 0.029489 0.031368
1 0.532110 0.345863 0.028834 0.030827
1 0.523100 0.328015 0.021298 0.032991
1 0.508355 0.327204 0.012123 0.037858
1 0.482634 0.333153 0.009830 0.048675
1 0.596986 0.557328 0.039974 0.037317
1 0.586828 0.506220 0.034731 0.041103
1 0.586501 0.478637 0.039318 0.029205
1 0.583224 0.460519 0.028178 0.030827
1 0.579128 0.449162 0.026540 0.027582
1 0.581094 0.434289 0.034404 0.033532
1 0.576999 0.424554 0.024902 0.022715
1 0.579128 0.415900 0.025885 0.023797
1 0.581913 0.405354 0.037353 0.026501
1 0.574869 0.395349 0.033748 0.029205
1 0.569299 0.383451 0.024574 0.024878
1 0.573558 0.368848 0.034404 0.035695
1 0.565531 0.331801 0.030144 0.029746
1 0.566186 0.320173 0.028834 0.028123
1 0.429063 0.920227 0.046855 0.037317
0 0.438729 0.891563 0.040629 0.041644
0 0.433978 0.851541 0.039646 0.047052
0 0.441514 0.809356 0.040957 0.044889
1 0.486894 0.897242 0.014417 0.070308
1 0.483126 0.818551 0.018676 0.063277
1 0.486075 0.725527 0.014744 0.074094
1 0.349279 0.922931 0.037353 0.049216
1 0.355832 0.874527 0.051114 0.047593
1 0.370085 0.853975 0.036370 0.047593
1 0.386304 0.815846 0.042595 0.045971
1 0.385813 0.792591 0.048165 0.041644
1 0.385813 0.761763 0.046855 0.045971
1 0.383683 0.740400 0.035387 0.043267
1 0.377130 0.710384 0.043906 0.035154
1 0.394987 0.687128 0.035059 0.048134
1 0.432831 0.695511 0.037353 0.040022
1 0.432667 0.662250 0.037680 0.038399
1 0.485583 0.670903 0.015072 0.048134
1 0.483945 0.625203 0.015072 0.048675
1 0.430701 0.639264 0.039646 0.041103
0 0.385321 0.653867 0.032110 0.041103
1 0.389417 0.636290 0.035714 0.038399
1 0.452490 0.610059 0.036697 0.036777
0 0.392693 0.614386 0.033093 0.035695
0 0.447739 0.584100 0.035714 0.037858
1 0.446265 0.548134 0.036697 0.039481
1 0.442661 0.514873 0.036042 0.036777
1 0.391874 0.594646 0.039318 0.042726
1 0.385321 0.582747 0.034731 0.037317
1 0.387123 0.566252 0.027851 0.030287
1 0.386140 0.541374 0.033093 0.035695
1 0.387615 0.521904 0.026868 0.031368
1 0.407110 0.507301 0.029817 0.034613
1 0.391710 0.500811 0.023263 0.036777
1 0.404325 0.485398 0.026868 0.028664
1 0.402851 0.473499 0.023919 0.028664
0 0.402523 0.462142 0.030472 0.028664
1 0.401212 0.448621 0.033093 0.034072
1 0.405472 0.429962 0.029817 0.030287
0 0.389581 0.406165 0.026868 0.032450
0 0.394823 0.396971 0.026868 0.027042
0 0.394659 0.387236 0.025885 0.027042
1 0.396625 0.378313 0.022608 0.027582
1 0.395806 0.370200 0.021625 0.028664
0 0.395806 0.358031 0.025557 0.029205
0 0.394495 0.351812 0.026212 0.022174
0 0.396298 0.342347 0.025229 0.024878
1 0.398427 0.332071 0.023591 0.027042
0 0.443152 0.310979 0.025229 0.017307
1 0.402359 0.312601 0.028178 0.029205
0 0.404489 0.302055 0.025885 0.030827
1 0.399410 0.282044 0.020315 0.031909
1 0.404817 0.265819 0.022608 0.027582
1 0.409240 0.249865 0.024246 0.035695
1 0.412189 0.241482 0.023591 0.027582
1 0.413991 0.233369 0.023919 0.025419
1 0.413663 0.228502 0.022608 0.025419
1 0.413991 0.217956 0.025229 0.024878
1 0.418906 0.205516 0.021298 0.030287
1 0.422182 0.192807 0.021953 0.025419
1 0.419561 0.178475 0.023919 0.028123
1 0.418578 0.166577 0.023263 0.023797
1 0.417595 0.157653 0.022608 0.025419
1 0.408912 0.159546 0.021625 0.028123
1 0.428899 0.049757 0.016383 0.020552
1 0.423165 0.053813 0.020642 0.025419
1 0.423493 0.059492 0.015400 0.022715
1 0.421855 0.066522 0.018021 0.022715
1 0.418087 0.078150 0.019659 0.023256
1 0.431356 0.086804 0.015400 0.023256
1 0.418742 0.094375 0.018349 0.024337
1 0.417104 0.100865 0.019004 0.024337
1 0.416284 0.106544 0.021953 0.022715
1 0.421035 0.123851 0.022936 0.021633
1 0.417595 0.128448 0.023263 0.024337
1 0.415465 0.150622 0.021625 0.023256
1 0.416284 0.140617 0.016710 0.018388
1 0.385976 0.214711 0.010485 0.031368
0 0.513106 0.173067 0.013106 0.030287
1 0.487549 0.155489 0.024246 0.025419
1 0.484600 0.137642 0.022936 0.027582
1 0.486730 0.127907 0.019987 0.024337
1 0.484764 0.110059 0.019987 0.022174
1 0.484436 0.101677 0.021953 0.022715
1 0.484600 0.092753 0.021625 0.023256
1 0.231488 0.949162 0.029161 0.020552
1 0.240007 0.939156 0.037680 0.039481
1 0.249672 0.921309 0.040629 0.052461
1 0.252130 0.892104 0.038991 0.044889
1 0.251474 0.870741 0.043578 0.038940
1 0.251966 0.850730 0.033421 0.025960
1 0.271625 0.823688 0.014417 0.025960
1 0.300295 0.593023 0.029817 0.027582
1 0.299312 0.575717 0.037680 0.028664
1 0.300950 0.560303 0.033748 0.029205
1 0.316350 0.538940 0.014089 0.027582
1 0.318644 0.498648 0.018676 0.023797
1 0.344201 0.339913 0.014089 0.026501
0 0.341579 0.247701 0.014089 0.020552
1 0.363532 0.203624 0.007536 0.012439
1 0.364515 0.195511 0.008191 0.013521
1 0.362221 0.183883 0.010157 0.014062
1 0.286042 0.699567 0.030799 0.038399
