1 0.221354 0.011343 0.018750 0.021759
1 0.236198 0.026620 0.042708 0.053241
1 0.245573 0.101157 0.050000 0.052315
1 0.250651 0.130324 0.042448 0.051389
1 0.256901 0.164583 0.045052 0.043981
1 0.277344 0.193519 0.045833 0.056481
1 0.265495 0.209722 0.045573 0.047222
1 0.273698 0.232176 0.043229 0.049537
0 0.278906 0.248843 0.039062 0.041204
1 0.298177 0.280093 0.043229 0.044444
1 0.296224 0.294907 0.042969 0.048148
1 0.301953 0.336111 0.042448 0.050926
1 0.305599 0.372917 0.039323 0.049537
1 0.308073 0.393519 0.033333 0.053704
1 0.318620 0.446991 0.035677 0.034722
1 0.323047 0.484491 0.035677 0.040278
1 0.326302 0.508333 0.037500 0.042593
1 0.323568 0.518519 0.033073 0.033333
1 0.324349 0.542361 0.023177 0.035648
1 0.334245 0.555556 0.022656 0.038889
1 0.339974 0.566898 0.032031 0.039352
1 0.341146 0.587731 0.031250 0.036574
0 0.342969 0.598843 0.023438 0.032870
1 0.343620 0.615278 0.028906 0.033333
1 0.352604 0.671296 0.030729 0.040741
1 0.378906 0.665046 0.011458 0.050463
1 0.398177 0.662731 0.015104 0.047685
1 0.411328 0.665509 0.014844 0.046759
1 0.400651 0.618056 0.010677 0.047222
1 0.397526 0.014583 0.046094 0.029167
0 0.454297 0.041898 0.045573 0.047685
1 0.456250 0.109954 0.050521 0.062500
1 0.462500 0.136806 0.047396 0.056944
1 0.465755 0.193287 0.046615 0.049537
1 0.468620 0.222454 0.033073 0.046759
1 0.467448 0.248843 0.042708 0.050463
1 0.481901 0.268056 0.034115 0.056481
1 0.420052 0.253472 0.037500 0.035648
1 0.413672 0.230093 0.045573 0.044444
1 0.411068 0.203009 0.048698 0.055093
1 0.406901 0.166667 0.047656 0.055556
1 0.403125 0.127546 0.052604 0.045833
1 0.408854 0.092130 0.038021 0.037963
1 0.396224 0.068981 0.038802 0.033333
1 0.395052 0.048611 0.053125 0.038889
1 0.469271 0.373148 0.031771 0.037037
1 0.472005 0.393519 0.037240 0.047222
1 0.479427 0.410417 0.033854 0.041204
1 0.476953 0.429630 0.037760 0.037963
1 0.473177 0.444444 0.028646 0.033333
1 0.474349 0.463657 0.035156 0.032870
1 0.473047 0.480556 0.025781 0.035185
1 0.475521 0.497917 0.035937 0.042130
1 0.476172 0.518981 0.028906 0.036111
1 0.478646 0.533565 0.030729 0.038426
1 0.481380 0.549537 0.025260 0.037037
1 0.481901 0.562731 0.025781 0.032870
1 0.481771 0.580324 0.030208 0.038426
1 0.488021 0.600231 0.028646 0.036574
0 0.485547 0.621759 0.030469 0.034259
1 0.485547 0.646528 0.029427 0.033796
1 0.494271 0.667593 0.021875 0.036111
1 0.509245 0.670370 0.012240 0.041667
1 0.536198 0.666667 0.009896 0.053704
1 0.427344 0.403935 0.041146 0.041204
1 0.435677 0.461806 0.035937 0.045833
1 0.434896 0.492593 0.040104 0.032407
1 0.437500 0.513194 0.028646 0.033796
1 0.441276 0.526157 0.027344 0.030093
1 0.438672 0.542361 0.035156 0.036574
1 0.442448 0.553704 0.025521 0.025000
1 0.439974 0.563194 0.026302 0.025463
1 0.436719 0.574769 0.038542 0.029167
1 0.443620 0.586343 0.034635 0.031944
1 0.448828 0.600231 0.025260 0.027315
1 0.443750 0.616204 0.035417 0.038889
1 0.450521 0.658333 0.030729 0.032407
1 0.449349 0.671296 0.029427 0.030556
1 0.615495 0.020370 0.048177 0.040741
0 0.604297 0.051157 0.041927 0.045833
0 0.607552 0.096296 0.040625 0.051852
0 0.598177 0.142361 0.042188 0.049537
1 0.554818 0.039120 0.014323 0.078241
1 0.555469 0.127083 0.019271 0.069907
1 0.548568 0.230093 0.014844 0.082407
1 0.698047 0.027083 0.038281 0.054167
1 0.689323 0.079861 0.052604 0.052315
1 0.673698 0.101157 0.037500 0.052315
1 0.655469 0.141435 0.043750 0.050463
1 0.654948 0.167593 0.049479 0.046296
1 0.653646 0.201852 0.048438 0.050926
1 0.654948 0.225694 0.036458 0.047685
1 0.660547 0.259954 0.045052 0.038426
1 0.641146 0.283565 0.035937 0.053241
1 0.602474 0.269907 0.038281 0.044444
1 0.601172 0.306944 0.038802 0.042593
1 0.546875 0.290972 0.015104 0.053241
1 0.546745 0.342130 0.015365 0.053704
1 0.602344 0.332870 0.040625 0.045370
0 0.649870 0.321759 0.033073 0.045370
1 0.644792 0.340972 0.036979 0.042130
1 0.578646 0.362269 0.037500 0.040278
0 0.640625 0.364815 0.033854 0.039815
0 0.582422 0.391898 0.036719 0.041204
1 0.582552 0.431944 0.037500 0.043519
1 0.584896 0.469444 0.036979 0.040741
1 0.640625 0.386806 0.040625 0.046759
1 0.646875 0.400694 0.035417 0.041204
1 0.644401 0.418981 0.028385 0.033333
1 0.644401 0.446759 0.034115 0.038889
1 0.641927 0.468056 0.027604 0.034259
1 0.621354 0.481944 0.030729 0.037963
1 0.636849 0.491204 0.023698 0.040741
1 0.623177 0.506944 0.027604 0.031481
1 0.624219 0.520370 0.024479 0.031481
0 0.624219 0.532870 0.031250 0.031481
1 0.625000 0.548148 0.033854 0.037037
1 0.619922 0.568519 0.030469 0.033333
0 0.635156 0.596759 0.027604 0.036111
0 0.629427 0.606481 0.027604 0.029630
0 0.629297 0.617130 0.026302 0.029630
1 0.626823 0.626620 0.022917 0.030093
1 0.627344 0.635880 0.021875 0.031019
0 0.626953 0.649306 0.026302 0.031944
0 0.627995 0.656481 0.026823 0.024074
0 0.625651 0.666898 0.025781 0.027315
1 0.623047 0.678009 0.024219 0.030093
0 0.576172 0.696296 0.025781 0.018519
1 0.618099 0.699306 0.028906 0.031944
0 0.615625 0.710417 0.026562 0.033796
1 0.620052 0.733565 0.020833 0.034722
1 0.613672 0.750694 0.023177 0.030093
1 0.608594 0.768056 0.025000 0.038889
1 0.605078 0.777083 0.024219 0.030093
1 0.603125 0.785880 0.024479 0.028241
1 0.603125 0.791435 0.022917 0.027315
1 0.602474 0.803009 0.025781 0.027315
1 0.596875 0.816204 0.021875 0.033333
1 0.592969 0.830093 0.022396 0.027778
1 0.595052 0.846296 0.024479 0.030556
1 0.595573 0.859722 0.023958 0.025926
1 0.596224 0.869444 0.023177 0.027778
1 0.605078 0.868519 0.022135 0.030556
1 0.580078 0.988194 0.016927 0.022685
1 0.586068 0.984259 0.021094 0.027778
1 0.586198 0.978009 0.015625 0.024537
1 0.588021 0.970370 0.018229 0.025000
1 0.592448 0.958102 0.019792 0.025463
1 0.579167 0.946759 0.015625 0.025000
1 0.592448 0.940046 0.018750 0.026389
1 0.594401 0.933102 0.019531 0.026389
1 0.595443 0.926852 0.022135 0.025000
1 0.591276 0.906944 0.023177 0.023148
1 0.594922 0.902083 0.023698 0.026389
1 0.598047 0.877546 0.022135 0.025463
1 0.596745 0.888657 0.016927 0.019907
1 0.631120 0.809954 0.010677 0.034722
0 0.498047 0.841204 0.013281 0.033333
1 0.523828 0.863657 0.024740 0.027315
1 0.526172 0.883796 0.023698 0.030556
1 0.523568 0.894444 0.020573 0.026852
1 0.524870 0.914352 0.020573 0.024074
1 0.524870 0.924074 0.022135 0.025000
1 0.524349 0.933796 0.022135 0.025000
1 0.820703 0.011806 0.029948 0.022685
1 0.811328 0.021759 0.038802 0.043519
1 0.800651 0.040741 0.041927 0.058333
1 0.796875 0.072917 0.040104 0.049537
1 0.796745 0.096759 0.045052 0.042593
1 0.795573 0.118981 0.034375 0.028704
1 0.774219 0.146528 0.014583 0.028241
1 0.735026 0.399769 0.030469 0.030093
1 0.735417 0.418981 0.038542 0.031481
1 0.733073 0.435880 0.034375 0.031944
1 0.716276 0.457870 0.014323 0.029630
1 0.712370 0.502315 0.019010 0.025926
1 0.679297 0.675694 0.014323 0.029167
0 0.678255 0.778704 0.014323 0.022222
1 0.653906 0.825231 0.007292 0.013426
1 0.652474 0.834028 0.008073 0.014352
1 0.654297 0.846991 0.010156 0.015278
1 0.754167 0.282870 0.031771 0.042593
