1 0.840365 0.988657 0.018750 0.021759
1 0.825521 0.973380 0.042708 0.053241
1 0.816146 0.898843 0.050000 0.052315
1 0.811068 0.869676 0.042448 0.051389
1 0.804818 0.835417 0.045052 0.043981
1 0.784375 0.806481 0.045833 0.056481
1 0.796224 0.790278 0.045573 0.047222
1 0.788021 0.767824 0.043229 0.049537
0 0.782813 0.751157 0.039062 0.041204
1 0.763542 0.719907 0.043229 0.044444
1 0.765495 0.705093 0.042969 0.048148
1 0.759766 0.663889 0.042448 0.050926
1 0.756120 0.627083 0.039323 0.049537
1 0.753646 0.606481 0.033333 0.053704
1 0.743099 0.553009 0.035677 0.034722
1 0.738672 0.515509 0.035677 0.040278
1 0.735417 0.491667 0.037500 0.042593
1 0.738151 0.481481 0.033073 0.033333
1 0.737370 0.457639 0.023177 0.035648
1 0.727474 0.444444 0.022656 0.038889
1 0.721745 0.433102 0.032031 0.039352
1 0.720573 0.412269 0.031250 0.036574
0 0.718750 0.401157 0.023438 0.032870
1 0.718099 0.384722 0.028906 0.033333
1 0.709115 0.328704 0.030729 0.040741
1 0.682813 0.334954 0.011458 0.050463
1 0.663542 0.337269 0.015104 0.047685
1 0.650391 0.334491 0.014844 0.046759
1 0.661068 0.381944 0.010677 0.047222
1 0.664193 0.985417 0.046094 0.029167
0 0.607422 0.958102 0.045573 0.047685
1 0.605469 0.890046 0.050521 0.062500
1 0.599219 0.863194 0.047396 0.056944
1 0.595964 0.806713 0.046615 0.049537
1 0.593099 0.777546 0.033073 0.046759
1 0.594271 0.751157 0.042708 0.050463
1 0.579818 0.731944 0.034115 0.056481
1 0.641667 0.746528 0.037500 0.035648
1 0.648047 0.769907 0.045573 0.044444
1 0.650651 0.796991 0.048698 0.055093
1 0.654818 0.833333 0.047656 0.055556
1 0.658594 0.872454 0.052604 0.045833
1 0.652865 0.907870 0.038021 0.037963
1 0.665495 0.931019 0.038802 0.033333
1 0.666667 0.951389 0.053125 0.038889
1 0.592448 0.626852 0.031771 0.037037
1 0.589714 0.606481 0.037240 0.047222
1 0.582292 0.589583 0.033854 0.041204
1 0.584766 0.570370 0.037760 0.037963
1 0.588542 0.555556 0.028646 0.033333
1 0.587370 0.536343 0.035156 0.032870
1 0.588672 0.519444 0.025781 0.035185
1 0.586198 0.502083 0.035937 0.042130
1 0.585547 0.481019 0.028906 0.036111
1 0.583073 0.466435 0.030729 0.038426
1 0.580339 0.450463 0.025260 0.037037
1 0.579818 0.437269 0.025781 0.032870
1 0.579948 0.419676 0.030208 0.038426
1 0.573698 0.399769 0.028646 0.036574
0 0.576172 0.378241 0.030469 0.034259
1 0.576172 0.353472 0.029427 0.033796
1 0.567448 0.332407 0.021875 0.036111
1 0.552474 0.329630 0.012240 0.041667
1 0.525521 0.333333 0.009896 0.053704
1 0.634375 0.596065 0.041146 0.041204
1 0.626042 0.538194 0.035937 0.045833
1 0.626823 0.507407 0.040104 0.032407
1 0.624219 0.486806 0.028646 0.033796
1 0.620443 0.473843 0.027344 0.030093
1 0.623047 0.457639 0.035156 0.036574
1 0.619271 0.446296 0.025521 0.025000
1 0.621745 0.436806 0.026302 0.025463
1 0.625000 0.425231 0.038542 0.029167
1 0.618099 0.413657 0.034635 0.031944
1 0.612891 0.399769 0.025260 0.027315
1 0.617969 0.383796 0.035417 0.038889
1 0.611198 0.341667 0.030729 0.032407
1 0.612370 0.328704 0.029427 0.030556
1 0.446224 0.979630 0.048177 0.040741
0 0.457422 0.948843 0.041927 0.045833
0 0.454167 0.903704 0.040625 0.051852
0 0.463542 0.857639 0.042188 0.049537
1 0.506901 0.960880 0.014323 0.078241
1 0.506250 0.872917 0.019271 0.069907
1 0.513151 0.769907 0.014844 0.082407
1 0.363672 0.972917 0.038281 0.054167
1 0.372396 0.920139 0.052604 0.052315
1 0.388021 0.898843 0.037500 0.052315
1 0.406250 0.858565 0.043750 0.050463
1 0.406771 0.832407 0.049479 0.046296
1 0.408073 0.798148 0.048438 0.050926
1 0.406771 0.774306 0.036458 0.047685
1 0.401172 0.740046 0.045052 0.038426
1 0.420573 0.716435 0.035937 0.053241
1 0.459245 0.730093 0.038281 0.044444
1 0.460547 0.693056 0.038802 0.042593
1 0.514844 0.709028 0.015104 0.053241
1 0.514974 0.657870 0.015365 0.053704
1 0.459375 0.667130 0.040625 0.045370
0 0.411849 0.678241 0.033073 0.045370
1 0.416927 0.659028 0.036979 0.042130
1 0.483073 0.637731 0.037500 0.040278
0 0.421094 0.635185 0.033854 0.039815
0 0.479297 0.608102 0.036719 0.041204
1 0.479167 0.568056 0.037500 0.043519
1 0.476823 0.530556 0.036979 0.040741
1 0.421094 0.613194 0.040625 0.046759
1 0.414844 0.599306 0.035417 0.041204
1 0.417318 0.581019 0.028385 0.033333
1 0.417318 0.553241 0.034115 0.038889
1 0.419792 0.531944 0.027604 0.034259
1 0.440365 0.518056 0.030729 0.037963
1 0.424870 0.508796 0.023698 0.040741
1 0.438542 0.493056 0.027604 0.031481
1 0.437500 0.479630 0.024479 0.031481
0 0.437500 0.467130 0.031250 0.031481
1 0.436719 0.451852 0.033854 0.037037
1 0.441797 0.431481 0.030469 0.033333
0 0.426563 0.403241 0.027604 0.036111
0 0.432292 0.393519 0.027604 0.029630
0 0.432422 0.382870 0.026302 0.029630
1 0.434896 0.373380 0.022917 0.030093
1 0.434375 0.364120 0.021875 0.031019
0 0.434766 0.350694 0.026302 0.031944
0 0.433724 0.343519 0.026823 0.024074
0 0.436068 0.333102 0.025781 0.027315
1 0.438672 0.321991 0.024219 0.030093
0 0.485547 0.303704 0.025781 0.018519
1 0.443620 0.300694 0.028906 0.031944
0 0.446094 0.289583 0.026562 0.033796
1 0.441667 0.266435 0.020833 0.034722
1 0.448047 0.249306 0.023177 0.030093
1 0.453125 0.231944 0.025000 0.038889
1 0.456641 0.222917 0.024219 0.030093
1 0.458594 0.214120 0.024479 0.028241
1 0.458594 0.208565 0.022917 0.027315
1 0.459245 0.196991 0.025781 0.027315
1 0.464844 0.183796 0.021875 0.033333
1 0.468750 0.169907 0.022396 0.027778
1 0.466667 0.153704 0.024479 0.030556
1 0.466146 0.140278 0.023958 0.025926
1 0.465495 0.130556 0.023177 0.027778
1 0.456641 0.131481 0.022135 0.030556
1 0.481641 0.011806 0.016927 0.022685
1 0.475651 0.015741 0.021094 0.027778
1 0.475521 0.021991 0.015625 0.024537
1 0.473698 0.029630 0.018229 0.025000
1 0.469271 0.041898 0.019792 0.025463
1 0.482552 0.053241 0.015625 0.025000
1 0.469271 0.059954 0.018750 0.026389
1 0.467318 0.066898 0.019531 0.026389
1 0.466276 0.073148 0.022135 0.025000
1 0.470443 0.093056 0.023177 0.023148
1 0.466797 0.097917 0.023698 0.026389
1 0.463672 0.122454 0.022135 0.025463
1 0.464974 0.111343 0.016927 0.019907
1 0.430599 0.190046 0.010677 0.034722
0 0.563672 0.158796 0.013281 0.033333
1 0.537891 0.136343 0.024740 0.027315
1 0.535547 0.116204 0.023698 0.030556
1 0.538151 0.105556 0.020573 0.026852
1 0.536849 0.085648 0.020573 0.024074
1 0.536849 0.075926 0.022135 0.025000
1 0.537370 0.066204 0.022135 0.025000
1 0.241016 0.988194 0.029948 0.022685
1 0.250391 0.978241 0.038802 0.043519
1 0.261068 0.959259 0.041927 0.058333
1 0.264844 0.927083 0.040104 0.049537
1 0.264974 0.903241 0.045052 0.042593
1 0.266146 0.881019 0.034375 0.028704
1 0.287500 0.853472 0.014583 0.028241
1 0.326693 0.600231 0.030469 0.030093
1 0.326302 0.581019 0.038542 0.031481
1 0.328646 0.564120 0.034375 0.031944
1 0.345443 0.542130 0.014323 0.029630
1 0.349349 0.497685 0.019010 0.025926
1 0.382422 0.324306 0.014323 0.029167
0 0.383464 0.221296 0.014323 0.022222
1 0.407813 0.174769 0.007292 0.013426
1 0.409245 0.165972 0.008073 0.014352
1 0.407422 0.153009 0.010156 0.015278
1 0.307552 0.717130 0.031771 0.042593
