1 0.856250 0.988194 0.018750 0.021759
1 0.841406 0.972917 0.042708 0.053241
1 0.832031 0.898380 0.050000 0.052315
1 0.826953 0.869213 0.042448 0.051389
1 0.820703 0.834954 0.045052 0.043981
1 0.800260 0.806019 0.045833 0.056481
1 0.812109 0.789815 0.045573 0.047222
1 0.803906 0.767361 0.043229 0.049537
0 0.798698 0.750694 0.039062 0.041204
1 0.779427 0.719444 0.043229 0.044444
1 0.781380 0.704630 0.042969 0.048148
1 0.775651 0.663426 0.042448 0.050926
1 0.772005 0.626620 0.039323 0.049537
1 0.769531 0.606019 0.033333 0.053704
1 0.758984 0.552546 0.035677 0.034722
1 0.754557 0.515046 0.035677 0.040278
1 0.751302 0.491204 0.037500 0.042593
1 0.754036 0.481019 0.033073 0.033333
1 0.753255 0.457176 0.023177 0.035648
1 0.743359 0.443981 0.022656 0.038889
1 0.737630 0.432639 0.032031 0.039352
1 0.736458 0.411806 0.031250 0.036574
0 0.734635 0.400694 0.023438 0.032870
1 0.733984 0.384259 0.028906 0.033333
1 0.725000 0.328241 0.030729 0.040741
1 0.698698 0.334491 0.011458 0.050463
1 0.679427 0.336806 0.015104 0.047685
1 0.666276 0.334028 0.014844 0.046759
1 0.676953 0.381481 0.010677 0.047222
1 0.680078 0.984954 0.046094 0.029167
0 0.623307 0.957639 0.045573 0.047685
1 0.621354 0.889583 0.050521 0.062500
1 0.615104 0.862731 0.047396 0.056944
1 0.611849 0.806250 0.046615 0.049537
1 0.608984 0.777083 0.033073 0.046759
1 0.610156 0.750694 0.042708 0.050463
1 0.595703 0.731481 0.034115 0.056481
1 0.657552 0.746065 0.037500 0.035648
1 0.663932 0.769444 0.045573 0.044444
1 0.666536 0.796528 0.048698 0.055093
1 0.670703 0.832870 0.047656 0.055556
1 0.674479 0.871991 0.052604 0.045833
1 0.668750 0.907407 0.038021 0.037963
1 0.681380 0.930556 0.038802 0.033333
1 0.682552 0.950926 0.053125 0.038889
1 0.608333 0.626389 0.031771 0.037037
1 0.605599 0.606019 0.037240 0.047222
1 0.598177 0.589120 0.033854 0.041204
1 0.600651 0.569907 0.037760 0.037963
1 0.604427 0.555093 0.028646 0.033333
1 0.603255 0.535880 0.035156 0.032870
1 0.604557 0.518981 0.025781 0.035185
1 0.602083 0.501620 0.035937 0.042130
1 0.601432 0.480556 0.028906 0.036111
1 0.598958 0.465972 0.030729 0.038426
1 0.596224 0.450000 0.025260 0.037037
1 0.595703 0.436806 0.025781 0.032870
1 0.595833 0.419213 0.030208 0.038426
1 0.589583 0.399306 0.028646 0.036574
0 0.592057 0.377778 0.030469 0.034259
1 0.592057 0.353009 0.029427 0.033796
1 0.583333 0.331944 0.021875 0.036111
1 0.568359 0.329167 0.012240 0.041667
1 0.541406 0.332870 0.009896 0.053704
1 0.650260 0.595602 0.041146 0.041204
1 0.641927 0.537731 0.035937 0.045833
1 0.642708 0.506944 0.040104 0.032407
1 0.640104 0.486343 0.028646 0.033796
1 0.636328 0.473380 0.027344 0.030093
1 0.638932 0.457176 0.035156 0.036574
1 0.635156 0.445833 0.025521 0.025000
1 0.637630 0.436343 0.026302 0.025463
1 0.640885 0.424769 0.038542 0.029167
1 0.633984 0.413194 0.034635 0.031944
1 0.628776 0.399306 0.025260 0.027315
1 0.633854 0.383333 0.035417 0.038889
1 0.627083 0.341204 0.030729 0.032407
1 0.628255 0.328241 0.029427 0.030556
1 0.462109 0.979167 0.048177 0.040741
0 0.473307 0.948380 0.041927 0.045833
0 0.470052 0.903241 0.040625 0.051852
0 0.479427 0.857176 0.042188 0.049537
1 0.522786 0.960417 0.014323 0.078241
1 0.522135 0.872454 0.019271 0.069907
1 0.529036 0.769444 0.014844 0.082407
1 0.379557 0.972454 0.038281 0.054167
1 0.388281 0.919676 0.052604 0.052315
1 0.403906 0.898380 0.037500 0.052315
1 0.422135 0.858102 0.043750 0.050463
1 0.422656 0.831944 0.049479 0.046296
1 0.423958 0.797685 0.048438 0.050926
1 0.422656 0.773843 0.036458 0.047685
1 0.417057 0.739583 0.045052 0.038426
1 0.436458 0.715972 0.035937 0.053241
1 0.475130 0.729630 0.038281 0.044444
1 0.476432 0.692593 0.038802 0.042593
1 0.530729 0.708565 0.015104 0.053241
1 0.530859 0.657407 0.015365 0.053704
1 0.475260 0.666667 0.040625 0.045370
0 0.427734 0.677778 0.033073 0.045370
1 0.432812 0.658565 0.036979 0.042130
1 0.498958 0.637269 0.037500 0.040278
0 0.436979 0.634722 0.033854 0.039815
0 0.495182 0.607639 0.036719 0.041204
1 0.495052 0.567593 0.037500 0.043519
1 0.492708 0.530093 0.036979 0.040741
1 0.436979 0.612731 0.040625 0.046759
1 0.430729 0.598843 0.035417 0.041204
1 0.433203 0.580556 0.028385 0.033333
1 0.433203 0.552778 0.034115 0.038889
1 0.435677 0.531481 0.027604 0.034259
1 0.456250 0.517593 0.030729 0.037963
1 0.440755 0.508333 0.023698 0.040741
1 0.454427 0.492593 0.027604 0.031481
1 0.453385 0.479167 0.024479 0.031481
0 0.453385 0.466667 0.031250 0.031481
1 0.452604 0.451389 0.033854 0.037037
1 0.457682 0.431019 0.030469 0.033333
0 0.442448 0.402778 0.027604 0.036111
0 0.448177 0.393056 0.027604 0.029630
0 0.448307 0.382407 0.026302 0.029630
1 0.450781 0.372917 0.022917 0.030093
1 0.450260 0.363657 0.021875 0.031019
0 0.450651 0.350231 0.026302 0.031944
0 0.449609 0.343056 0.026823 0.024074
0 0.451953 0.332639 0.025781 0.027315
1 0.454557 0.321528 0.024219 0.030093
0 0.501432 0.303241 0.025781 0.018519
1 0.459505 0.300231 0.028906 0.031944
0 0.461979 0.289120 0.026562 0.033796
1 0.457552 0.265972 0.020833 0.034722
1 0.463932 0.248843 0.023177 0.030093
1 0.469010 0.231481 0.025000 0.038889
1 0.472526 0.222454 0.024219 0.030093
1 0.474479 0.213657 0.024479 0.028241
1 0.474479 0.208102 0.022917 0.027315
1 0.475130 0.196528 0.025781 0.027315
1 0.480729 0.183333 0.021875 0.033333
1 0.484635 0.169444 0.022396 0.027778
1 0.482552 0.153241 0.024479 0.030556
1 0.482031 0.139815 0.023958 0.025926
1 0.481380 0.130093 0.023177 0.027778
1 0.472526 0.131019 0.022135 0.030556
1 0.497526 0.011343 0.016927 0.022685
1 0.491536 0.015278 0.021094 0.027778
1 0.491406 0.021528 0.015625 0.024537
1 0.489583 0.029167 0.018229 0.025000
1 0.485156 0.041435 0.019792 0.025463
1 0.498437 0.052778 0.015625 0.025000
1 0.485156 0.059491 0.018750 0.026389
1 0.483203 0.066435 0.019531 0.026389
1 0.482161 0.072685 0.022135 0.025000
1 0.486328 0.092593 0.023177 0.023148
1 0.482682 0.097454 0.023698 0.026389
1 0.479557 0.121991 0.022135 0.025463
1 0.480859 0.110880 0.016927 0.019907
1 0.446484 0.189583 0.010677 0.034722
0 0.579557 0.158333 0.013281 0.033333
1 0.553776 0.135880 0.024740 0.027315
1 0.551432 0.115741 0.023698 0.030556
1 0.554036 0.105093 0.020573 0.026852
1 0.552734 0.085185 0.020573 0.024074
1 0.552734 0.075463 0.022135 0.025000
1 0.553255 0.065741 0.022135 0.025000
1 0.256901 0.987731 0.029948 0.022685
1 0.266276 0.977778 0.038802 0.043519
1 0.276953 0.958796 0.041927 0.058333
1 0.280729 0.926620 0.040104 0.049537
1 0.280859 0.902778 0.045052 0.042593
1 0.282031 0.880556 0.034375 0.028704
1 0.303385 0.853009 0.014583 0.028241
1 0.342578 0.599769 0.030469 0.030093
1 0.342187 0.580556 0.038542 0.031481
1 0.344531 0.563657 0.034375 0.031944
1 0.361328 0.541667 0.014323 0.029630
1 0.365234 0.497222 0.019010 0.025926
1 0.398307 0.323843 0.014323 0.029167
0 0.399349 0.220833 0.014323 0.022222
1 0.423698 0.174306 0.007292 0.013426
1 0.425130 0.165509 0.008073 0.014352
1 0.423307 0.152546 0.010156 0.015278
1 0.323437 0.716667 0.031771 0.042593
