1 0.872817 0.089729 0.018451 0.020431
1 0.857825 0.102430 0.041845 0.049144
1 0.846623 0.170072 0.049094 0.048592
1 0.840857 0.196576 0.041516 0.047488
1 0.833937 0.227499 0.044152 0.040861
1 0.813180 0.252071 0.044811 0.052457
1 0.824217 0.267808 0.044481 0.044174
1 0.815651 0.287962 0.042504 0.045831
0 0.810214 0.302595 0.038221 0.038653
1 0.790445 0.329652 0.042175 0.040861
1 0.792092 0.343181 0.042175 0.044727
1 0.785173 0.380729 0.041516 0.046935
1 0.780725 0.413860 0.038550 0.045831
1 0.777759 0.432910 0.032619 0.049696
1 0.766063 0.480674 0.034926 0.032579
1 0.760626 0.514633 0.035255 0.037548
1 0.756837 0.536168 0.036903 0.039757
1 0.759143 0.545831 0.032290 0.031474
1 0.757661 0.567642 0.022735 0.033131
1 0.747611 0.578962 0.022405 0.035892
1 0.741845 0.588625 0.031301 0.036444
1 0.740198 0.607951 0.030643 0.034235
0 0.738056 0.617891 0.023064 0.030922
1 0.736903 0.632800 0.028666 0.030922
1 0.726524 0.683324 0.030313 0.038100
1 0.701318 0.675594 0.011532 0.046935
1 0.682537 0.671728 0.014827 0.044727
1 0.669687 0.673109 0.014827 0.043070
1 0.681384 0.630591 0.010544 0.044174
1 0.701318 0.078134 0.045140 0.027057
0 0.645470 0.098288 0.044811 0.044174
1 0.641845 0.160409 0.049423 0.057979
1 0.634761 0.184705 0.046458 0.052457
1 0.630148 0.236057 0.045799 0.045831
1 0.626524 0.262562 0.032619 0.043622
1 0.626853 0.286858 0.041845 0.046935
1 0.612356 0.303147 0.033278 0.051905
1 0.672817 0.294865 0.036903 0.033131
1 0.679736 0.274158 0.044811 0.041414
1 0.683031 0.249586 0.047446 0.050801
1 0.687974 0.216731 0.046787 0.051353
1 0.692916 0.180839 0.051400 0.042518
1 0.688138 0.147985 0.037232 0.035340
1 0.701153 0.128106 0.038221 0.030922
1 0.702801 0.109332 0.052059 0.036444
1 0.621582 0.400607 0.031301 0.034787
1 0.618287 0.418829 0.036573 0.043622
1 0.610708 0.433738 0.033278 0.038100
1 0.612521 0.451684 0.036903 0.035340
1 0.615815 0.465489 0.028336 0.030922
1 0.614168 0.482882 0.034267 0.030370
1 0.614992 0.498620 0.025371 0.033131
1 0.612026 0.514357 0.035255 0.039205
1 0.610873 0.533683 0.028336 0.033683
1 0.608072 0.546659 0.029984 0.035340
1 0.604942 0.561016 0.025041 0.034235
1 0.604119 0.573164 0.025371 0.030922
1 0.603624 0.589177 0.029654 0.035340
1 0.597035 0.606847 0.028336 0.034235
0 0.598847 0.626726 0.029984 0.032027
1 0.598023 0.649641 0.028995 0.031474
1 0.589127 0.668139 0.021746 0.033131
1 0.574465 0.669244 0.012191 0.038653
1 0.548270 0.663722 0.009885 0.049696
1 0.661614 0.432082 0.040198 0.038100
1 0.651895 0.484539 0.035255 0.042518
1 0.651730 0.512700 0.039539 0.030370
1 0.648600 0.531474 0.028007 0.031474
1 0.644481 0.543070 0.027018 0.028161
1 0.646623 0.557979 0.034596 0.033683
1 0.642669 0.568194 0.025371 0.023192
1 0.644811 0.577029 0.025700 0.024296
1 0.647611 0.587797 0.037891 0.027057
1 0.640692 0.598012 0.033937 0.029818
1 0.635091 0.610160 0.024712 0.025400
1 0.639539 0.625345 0.034926 0.035892
1 0.631796 0.663446 0.029984 0.030370
1 0.632619 0.675318 0.028995 0.028713
1 0.489456 0.065157 0.047117 0.037548
0 0.499506 0.094147 0.040857 0.042518
0 0.495058 0.135560 0.039868 0.048040
0 0.502965 0.178078 0.041186 0.045831
1 0.547941 0.087521 0.014498 0.072336
1 0.544811 0.168139 0.018781 0.064605
1 0.548600 0.262838 0.014498 0.076201
1 0.409061 0.064329 0.037232 0.050248
1 0.416145 0.113197 0.051400 0.048592
1 0.430643 0.134180 0.036903 0.048592
1 0.447117 0.172557 0.042834 0.046935
1 0.446952 0.196576 0.048435 0.043070
1 0.447282 0.228051 0.047117 0.047488
1 0.445305 0.249862 0.035914 0.044727
1 0.438880 0.280784 0.044152 0.035892
1 0.457166 0.303976 0.035255 0.049144
1 0.495222 0.294589 0.037562 0.041414
1 0.495387 0.328824 0.037891 0.039205
1 0.548600 0.318885 0.015157 0.049144
1 0.547282 0.365544 0.015157 0.049696
1 0.493410 0.352292 0.039868 0.041966
0 0.447611 0.338487 0.032619 0.041966
1 0.452059 0.356433 0.036244 0.039205
1 0.515651 0.381557 0.036903 0.037548
0 0.455354 0.378520 0.032949 0.036996
0 0.511203 0.408338 0.035914 0.038100
1 0.509885 0.444782 0.036573 0.040309
1 0.506590 0.479017 0.036573 0.038100
1 0.454860 0.398675 0.039868 0.043070
1 0.448270 0.410823 0.034596 0.038653
1 0.450247 0.427940 0.028007 0.030922
1 0.449423 0.453341 0.033608 0.036444
1 0.451236 0.472943 0.027348 0.031474
1 0.470840 0.487576 0.030313 0.035340
1 0.455519 0.494478 0.023394 0.038100
1 0.468369 0.510215 0.027348 0.029818
1 0.467051 0.522363 0.024053 0.029818
0 0.466722 0.533683 0.030643 0.029266
1 0.465404 0.547764 0.033278 0.034235
1 0.469687 0.566814 0.029984 0.031474
0 0.454201 0.591662 0.027348 0.033683
0 0.459473 0.600773 0.027348 0.027609
0 0.459308 0.610712 0.025700 0.027609
1 0.461450 0.619271 0.022735 0.028161
1 0.460626 0.627830 0.021746 0.028713
0 0.460626 0.639978 0.025700 0.029818
0 0.459308 0.646880 0.026359 0.022639
0 0.461450 0.656543 0.025371 0.025400
1 0.463591 0.666759 0.023723 0.028161
0 0.508567 0.687465 0.025371 0.017670
1 0.467875 0.686913 0.028336 0.029818
0 0.470016 0.697129 0.026030 0.031474
1 0.464909 0.718112 0.020428 0.032579
1 0.470675 0.734125 0.022735 0.028161
1 0.475124 0.750690 0.024382 0.035892
1 0.478254 0.758973 0.024053 0.028161
1 0.479901 0.767532 0.024053 0.026505
1 0.479901 0.772501 0.022735 0.025400
1 0.480231 0.782993 0.025371 0.025400
1 0.485173 0.795693 0.021417 0.030922
1 0.488468 0.808669 0.022076 0.025953
1 0.486161 0.823302 0.024053 0.028713
1 0.485338 0.835450 0.023723 0.024296
1 0.484349 0.844561 0.023064 0.025953
1 0.475783 0.842904 0.021746 0.028161
1 0.496705 0.954445 0.016804 0.021535
1 0.490939 0.950580 0.021087 0.025953
1 0.491104 0.944782 0.015486 0.023192
1 0.489456 0.937604 0.018122 0.023192
1 0.485502 0.926008 0.019440 0.024296
1 0.498682 0.916621 0.015486 0.023192
1 0.485997 0.909442 0.018451 0.024296
1 0.484349 0.903092 0.019110 0.024848
1 0.483361 0.897018 0.021746 0.023744
1 0.488138 0.879348 0.022735 0.021535
1 0.484679 0.874379 0.023064 0.024848
1 0.482372 0.851739 0.021746 0.023744
1 0.483196 0.861955 0.016804 0.018774
1 0.452059 0.787134 0.010544 0.032579
0 0.580560 0.826891 0.013180 0.031474
1 0.554860 0.845389 0.024382 0.025400
1 0.552059 0.863611 0.023394 0.028713
1 0.554201 0.873551 0.020428 0.025400
1 0.552389 0.891496 0.020099 0.022639
1 0.552224 0.900607 0.021746 0.023192
1 0.552389 0.909442 0.022076 0.023192
1 0.290280 0.040033 0.029654 0.021535
1 0.299176 0.049972 0.038221 0.040309
1 0.308896 0.068194 0.041186 0.053562
1 0.311862 0.098012 0.039209 0.045831
1 0.311203 0.119823 0.043822 0.039757
1 0.311697 0.140254 0.033608 0.026505
1 0.331796 0.167311 0.014498 0.026505
1 0.362603 0.402816 0.029984 0.028161
1 0.361779 0.420210 0.037562 0.029818
1 0.363591 0.435671 0.033937 0.029818
1 0.379242 0.457206 0.014498 0.027609
1 0.381713 0.498620 0.018781 0.024296
1 0.409061 0.660133 0.014168 0.027057
0 0.407084 0.754279 0.014168 0.020983
1 0.429489 0.799282 0.007578 0.012700
1 0.430643 0.807289 0.007908 0.013252
1 0.428501 0.818885 0.010214 0.014357
1 0.347446 0.293760 0.031301 0.039757
