1 0.159635 0.988657 0.018750 0.021759
1 0.174479 0.973380 0.042708 0.053241
1 0.183854 0.898843 0.050000 0.052315
1 0.188932 0.869676 0.042448 0.051389
1 0.195182 0.835417 0.045052 0.043981
1 0.215625 0.806481 0.045833 0.056481
1 0.203776 0.790278 0.045573 0.047222
1 0.211979 0.767824 0.043229 0.049537
0 0.217188 0.751157 0.039062 0.041204
1 0.236458 0.719907 0.043229 0.044444
1 0.234505 0.705093 0.042969 0.048148
1 0.240234 0.663889 0.042448 0.050926
1 0.243880 0.627083 0.039323 0.049537
1 0.246354 0.606481 0.033333 0.053704
1 0.256901 0.553009 0.035677 0.034722
1 0.261328 0.515509 0.035677 0.040278
1 0.264583 0.491667 0.037500 0.042593
1 0.261849 0.481481 0.033073 0.033333
1 0.262630 0.457639 0.023177 0.035648
1 0.272526 0.444444 0.022656 0.038889
1 0.278255 0.433102 0.032031 0.039352
1 0.279427 0.412269 0.031250 0.036574
0 0.281250 0.401157 0.023438 0.032870
1 0.281901 0.384722 0.028906 0.033333
1 0.290885 0.328704 0.030729 0.040741
1 0.317188 0.334954 0.011458 0.050463
1 0.336458 0.337269 0.015104 0.047685
1 0.349609 0.334491 0.014844 0.046759
1 0.338932 0.381944 0.010677 0.047222
1 0.335807 0.985417 0.046094 0.029167
0 0.392578 0.958102 0.045573 0.047685
1 0.394531 0.890046 0.050521 0.062500
1 0.400781 0.863194 0.047396 0.056944
1 0.404036 0.806713 0.046615 0.049537
1 0.406901 0.777546 0.033073 0.046759
1 0.405729 0.751157 0.042708 0.050463
1 0.420182 0.731944 0.034115 0.056481
1 0.358333 0.746528 0.037500 0.035648
1 0.351953 0.769907 0.045573 0.044444
1 0.349349 0.796991 0.048698 0.055093
1 0.345182 0.833333 0.047656 0.055556
1 0.341406 0.872454 0.052604 0.045833
1 0.347135 0.907870 0.038021 0.037963
1 0.334505 0.931019 0.038802 0.033333
1 0.333333 0.951389 0.053125 0.038889
1 0.407552 0.626852 0.031771 0.037037
1 0.410286 0.606481 0.037240 0.047222
1 0.417708 0.589583 0.033854 0.041204
1 0.415234 0.570370 0.037760 0.037963
1 0.411458 0.555556 0.028646 0.033333
1 0.412630 0.536343 0.035156 0.032870
1 0.411328 0.519444 0.025781 0.035185
1 0.413802 0.502083 0.035937 0.042130
1 0.414453 0.481019 0.028906 0.036111
1 0.416927 0.466435 0.030729 0.038426
1 0.419661 0.450463 0.025260 0.037037
1 0.420182 0.437269 0.025781 0.032870
1 0.420052 0.419676 0.030208 0.038426
1 0.426302 0.399769 0.028646 0.036574
0 0.423828 0.378241 0.030469 0.034259
1 0.423828 0.353472 0.029427 0.033796
1 0.432552 0.332407 0.021875 0.036111
1 0.447526 0.329630 0.012240 0.041667
1 0.474479 0.333333 0.009896 0.053704
1 0.365625 0.596065 0.041146 0.041204
1 0.373958 0.538194 0.035937 0.045833
1 0.373177 0.507407 0.040104 0.032407
1 0.375781 0.486806 0.028646 0.033796
1 0.379557 0.473843 0.027344 0.030093
1 0.376953 0.457639 0.035156 0.036574
1 0.380729 0.446296 0.025521 0.025000
1 0.378255 0.436806 0.026302 0.025463
1 0.375000 0.425231 0.038542 0.029167
1 0.381901 0.413657 0.034635 0.031944
1 0.387109 0.399769 0.025260 0.027315
1 0.382031 0.383796 0.035417 0.038889
1 0.388802 0.341667 0.030729 0.032407
1 0.387630 0.328704 0.029427 0.030556
1 0.553776 0.979630 0.048177 0.040741
0 0.542578 0.948843 0.041927 0.045833
0 0.545833 0.903704 0.040625 0.051852
0 0.536458 0.857639 0.042188 0.049537
1 0.493099 0.960880 0.014323 0.078241
1 0.493750 0.872917 0.019271 0.069907
1 0.486849 0.769907 0.014844 0.082407
1 0.636328 0.972917 0.038281 0.054167
1 0.627604 0.920139 0.052604 0.052315
1 0.611979 0.898843 0.037500 0.052315
1 0.593750 0.858565 0.043750 0.050463
1 0.593229 0.832407 0.049479 0.046296
1 0.591927 0.798148 0.048438 0.050926
1 0.593229 0.774306 0.036458 0.047685
1 0.598828 0.740046 0.045052 0.038426
1 0.579427 0.716435 0.035937 0.053241
1 0.540755 0.730093 0.038281 0.044444
1 0.539453 0.693056 0.038802 0.042593
1 0.485156 0.709028 0.015104 0.053241
1 0.485026 0.657870 0.015365 0.053704
1 0.540625 0.667130 0.040625 0.045370
0 0.588151 0.678241 0.033073 0.045370
1 0.583073 0.659028 0.036979 0.042130
1 0.516927 0.637731 0.037500 0.040278
0 0.578906 0.635185 0.033854 0.039815
0 0.520703 0.608102 0.036719 0.041204
1 0.520833 0.568056 0.037500 0.043519
1 0.523177 0.530556 0.036979 0.040741
1 0.578906 0.613194 0.040625 0.046759
1 0.585156 0.599306 0.035417 0.041204
1 0.582682 0.581019 0.028385 0.033333
1 0.582682 0.553241 0.034115 0.038889
1 0.580208 0.531944 0.027604 0.034259
1 0.559635 0.518056 0.030729 0.037963
1 0.575130 0.508796 0.023698 0.040741
1 0.561458 0.493056 0.027604 0.031481
1 0.562500 0.479630 0.024479 0.031481
0 0.562500 0.467130 0.031250 0.031481
1 0.563281 0.451852 0.033854 0.037037
1 0.558203 0.431481 0.030469 0.033333
0 0.573438 0.403241 0.027604 0.036111
0 0.567708 0.393519 0.027604 0.029630
0 0.567578 0.382870 0.026302 0.029630
1 0.565104 0.373380 0.022917 0.030093
1 0.565625 0.364120 0.021875 0.031019
0 0.565234 0.350694 0.026302 0.031944
0 0.566276 0.343519 0.026823 0.024074
0 0.563932 0.333102 0.025781 0.027315
1 0.561328 0.321991 0.024219 0.030093
0 0.514453 0.303704 0.025781 0.018519
1 0.556380 0.300694 0.028906 0.031944
0 0.553906 0.289583 0.026562 0.033796
1 0.558333 0.266435 0.020833 0.034722
1 0.551953 0.249306 0.023177 0.030093
1 0.546875 0.231944 0.025000 0.038889
1 0.543359 0.222917 0.024219 0.030093
1 0.541406 0.214120 0.024479 0.028241
1 0.541406 0.208565 0.022917 0.027315
1 0.540755 0.196991 0.025781 0.027315
1 0.535156 0.183796 0.021875 0.033333
1 0.531250 0.169907 0.022396 0.027778
1 0.533333 0.153704 0.024479 0.030556
1 0.533854 0.140278 0.023958 0.025926
1 0.534505 0.130556 0.023177 0.027778
1 0.543359 0.131481 0.022135 0.030556
1 0.518359 0.011806 0.016927 0.022685
1 0.524349 0.015741 0.021094 0.027778
1 0.524479 0.021991 0.015625 0.024537
1 0.526302 0.029630 0.018229 0.025000
1 0.530729 0.041898 0.019792 0.025463
1 0.517448 0.053241 0.015625 0.025000
1 0.530729 0.059954 0.018750 0.026389
1 0.532682 0.066898 0.019531 0.026389
1 0.533724 0.073148 0.022135 0.025000
1 0.529557 0.093056 0.023177 0.023148
1 0.533203 0.097917 0.023698 0.026389
1 0.536328 0.122454 0.022135 0.025463
1 0.535026 0.111343 0.016927 0.019907
1 0.569401 0.190046 0.010677 0.034722
0 0.436328 0.158796 0.013281 0.033333
1 0.462109 0.136343 0.024740 0.027315
1 0.464453 0.116204 0.023698 0.030556
1 0.461849 0.105556 0.020573 0.026852
1 0.463151 0.085648 0.020573 0.024074
1 0.463151 0.075926 0.022135 0.025000
1 0.462630 0.066204 0.022135 0.025000
1 0.758984 0.988194 0.029948 0.022685
1 0.749609 0.978241 0.038802 0.043519
1 0.738932 0.959259 0.041927 0.058333
1 0.735156 0.927083 0.040104 0.049537
1 0.735026 0.903241 0.045052 0.042593
1 0.733854 0.881019 0.034375 0.028704
1 0.712500 0.853472 0.014583 0.028241
1 0.673307 0.600231 0.030469 0.030093
1 0.673698 0.581019 0.038542 0.031481
1 0.671354 0.564120 0.034375 0.031944
1 0.654557 0.542130 0.014323 0.029630
1 0.650651 0.497685 0.019010 0.025926
1 0.617578 0.324306 0.014323 0.029167
0 0.616536 0.221296 0.014323 0.022222
1 0.592187 0.174769 0.007292 0.013426
1 0.590755 0.165972 0.008073 0.014352
1 0.592578 0.153009 0.010156 0.015278
1 0.692448 0.717130 0.031771 0.042593
