1 0.845520 0.938925 0.043254 0.018118
1 0.839169 0.917884 0.049090 0.048510
1 0.815482 0.886032 0.051150 0.059614
1 0.827841 0.865576 0.048404 0.052601
1 0.818057 0.842782 0.048747 0.052601
0 0.810505 0.827294 0.040508 0.040327
1 0.790079 0.791058 0.045657 0.046172
1 0.791280 0.776154 0.046001 0.053770
1 0.783042 0.736411 0.044628 0.044418
1 0.777034 0.696961 0.042911 0.041496
1 0.774288 0.668323 0.036045 0.049679
1 0.761071 0.612800 0.039135 0.037989
1 0.753862 0.573349 0.037075 0.037405
1 0.751631 0.544418 0.040165 0.042665
1 0.752317 0.530099 0.033986 0.038574
1 0.750257 0.509351 0.023000 0.035652
1 0.740645 0.495617 0.025060 0.042081
1 0.733093 0.482759 0.031239 0.038574
1 0.731720 0.462303 0.031926 0.042081
0 0.730690 0.449737 0.027806 0.035652
1 0.727772 0.433080 0.030896 0.036236
1 0.715585 0.377265 0.031926 0.040327
1 0.689152 0.381648 0.014075 0.053770
1 0.669070 0.387493 0.016478 0.047925
1 0.654995 0.385155 0.015791 0.050263
1 0.668898 0.436295 0.012702 0.048510
1 0.525060 0.392461 0.011329 0.053185
1 0.553210 0.385739 0.012702 0.042081
1 0.569173 0.389246 0.022657 0.035067
1 0.578956 0.412040 0.030553 0.033898
1 0.616203 0.378434 0.030896 0.037989
1 0.614487 0.393045 0.032269 0.034483
0 0.579300 0.434833 0.031239 0.033898
1 0.583076 0.445646 0.025747 0.030976
1 0.579300 0.460257 0.033299 0.033314
1 0.622897 0.437756 0.037418 0.040912
1 0.619121 0.454120 0.027806 0.030392
1 0.624271 0.471362 0.037418 0.028638
1 0.632509 0.482466 0.040165 0.033314
1 0.584621 0.479252 0.030896 0.038574
1 0.585651 0.498539 0.028150 0.032729
1 0.628218 0.494740 0.027463 0.027469
1 0.629935 0.505552 0.032269 0.028054
1 0.630793 0.519871 0.036732 0.032145
1 0.585994 0.510812 0.026090 0.035067
1 0.589427 0.531560 0.030896 0.035652
1 0.592860 0.545295 0.029523 0.037405
1 0.593889 0.569258 0.037762 0.035067
1 0.628733 0.531853 0.029180 0.033898
1 0.633196 0.546172 0.029180 0.037989
1 0.636286 0.569842 0.041538 0.035067
1 0.595434 0.585330 0.029866 0.034483
1 0.636286 0.603741 0.040165 0.049094
1 0.596979 0.604325 0.037762 0.032729
1 0.598696 0.622151 0.030209 0.034483
1 0.595434 0.641438 0.038792 0.036821
1 0.592173 0.664231 0.036389 0.037989
1 0.601270 0.681473 0.037418 0.042081
1 0.647957 0.663647 0.042225 0.046172
1 0.605390 0.704851 0.033986 0.033898
1 0.594919 0.818819 0.037075 0.054939
1 0.611397 0.840152 0.045314 0.043834
1 0.610711 0.866745 0.036389 0.045587
1 0.615173 0.902981 0.049434 0.049094
1 0.660831 0.829924 0.037075 0.042081
1 0.669241 0.853010 0.051837 0.048510
1 0.672674 0.891876 0.052523 0.046756
1 0.678510 0.930450 0.049777 0.051432
1 0.616203 0.949445 0.043941 0.026300
0 0.559046 0.208065 0.013388 0.033898
1 0.532956 0.187902 0.025747 0.026300
0 0.530724 0.167446 0.024030 0.029807
1 0.532956 0.156049 0.022314 0.026885
1 0.530553 0.136762 0.020941 0.023378
1 0.530896 0.126242 0.023687 0.025716
1 0.530209 0.116014 0.023000 0.025132
1 0.468932 0.040912 0.021284 0.018703
1 0.466873 0.047049 0.022657 0.022794
1 0.463783 0.054062 0.022657 0.022794
1 0.470820 0.064874 0.020941 0.024547
1 0.466701 0.070719 0.021627 0.025716
1 0.465499 0.075979 0.019224 0.022209
1 0.462753 0.082116 0.022657 0.026300
1 0.461037 0.096727 0.021284 0.027469
1 0.474082 0.108416 0.018538 0.023963
1 0.459664 0.113676 0.021970 0.027469
1 0.458634 0.122443 0.022657 0.026300
1 0.457604 0.131794 0.023344 0.027469
1 0.463440 0.146698 0.026090 0.026885
1 0.460007 0.153419 0.026090 0.026300
1 0.460007 0.163647 0.017851 0.023378
1 0.458119 0.182350 0.027806 0.028054
1 0.450738 0.189655 0.024717 0.028638
1 0.459492 0.191701 0.025747 0.026885
1 0.461723 0.203098 0.025403 0.025132
1 0.460007 0.214202 0.027463 0.027469
1 0.463783 0.226184 0.023344 0.026885
1 0.459492 0.242548 0.023687 0.032729
1 0.454858 0.255406 0.027463 0.029223
1 0.454171 0.267095 0.025403 0.028054
1 0.453313 0.273816 0.025747 0.028638
1 0.452626 0.281999 0.025060 0.028638
1 0.448678 0.291935 0.025403 0.037989
1 0.444216 0.310053 0.024030 0.027469
1 0.437350 0.328171 0.022657 0.034483
0 0.483350 0.363822 0.024717 0.020456
0 0.442671 0.352718 0.026433 0.030976
1 0.441126 0.363822 0.030896 0.033314
1 0.435462 0.386032 0.026433 0.028638
0 0.433230 0.399182 0.026777 0.028054
0 0.431514 0.407949 0.028150 0.030392
0 0.431857 0.415839 0.026777 0.029807
1 0.432715 0.429866 0.023687 0.027469
1 0.432544 0.439217 0.024717 0.026300
0 0.430141 0.450321 0.028150 0.032145
0 0.429626 0.460257 0.029180 0.032145
0 0.424991 0.471946 0.028836 0.033314
1 0.441469 0.501169 0.030209 0.034483
1 0.436663 0.523963 0.037762 0.034483
0 0.437178 0.539158 0.033299 0.032145
1 0.437178 0.552016 0.028493 0.032145
1 0.438895 0.566335 0.028493 0.030392
1 0.424476 0.584746 0.025060 0.041496
1 0.440611 0.590590 0.033986 0.042665
1 0.480604 0.605494 0.038448 0.042081
1 0.420700 0.609585 0.028493 0.035067
1 0.417439 0.632671 0.036389 0.040327
1 0.417611 0.661894 0.031239 0.034483
1 0.483350 0.646113 0.039135 0.042665
0 0.484209 0.687025 0.038792 0.045003
1 0.416752 0.680888 0.037762 0.042081
1 0.423275 0.700175 0.043941 0.042081
0 0.424133 0.722969 0.035359 0.042081
1 0.488671 0.721216 0.040851 0.042081
1 0.523344 0.741087 0.015448 0.057276
1 0.465499 0.754822 0.042568 0.041496
1 0.467216 0.780538 0.041881 0.042665
1 0.420014 0.748393 0.038792 0.043834
0 0.415551 0.769433 0.033986 0.048510
1 0.424305 0.809176 0.040508 0.061368
1 0.404222 0.837230 0.047717 0.046172
1 0.466529 0.824664 0.041195 0.047925
1 0.410402 0.874635 0.040165 0.046172
1 0.524888 0.798656 0.016478 0.060199
1 0.524373 0.864407 0.016821 0.088837
1 0.413835 0.906487 0.051837 0.052601
1 0.412461 0.942431 0.052523 0.046172
1 0.411088 0.962303 0.047031 0.026300
0 0.472365 0.957335 0.039135 0.028054
0 0.520769 0.955289 0.021284 0.026300
1 0.293855 0.876973 0.022657 0.040327
1 0.328012 0.720923 0.014761 0.027469
1 0.330244 0.705143 0.024717 0.023963
1 0.326811 0.689947 0.024717 0.034483
1 0.334363 0.667738 0.019911 0.027469
1 0.338139 0.645529 0.012358 0.021625
1 0.337624 0.628872 0.015448 0.024547
1 0.353416 0.570134 0.010642 0.018118
1 0.358222 0.537697 0.015448 0.022209
1 0.374356 0.421391 0.012702 0.021040
1 0.387916 0.308591 0.019911 0.024547
1 0.397528 0.250438 0.008926 0.013442
1 0.402849 0.238749 0.009269 0.014611
1 0.401991 0.222092 0.015791 0.017534
1 0.412461 0.145237 0.007896 0.013442
1 0.414006 0.126826 0.015105 0.017534
1 0.428253 0.048510 0.007896 0.014027
1 0.412976 0.105786 0.026090 0.024547
1 0.309818 0.862946 0.014761 0.027469
1 0.296258 0.837230 0.009612 0.027469
