1 0.859635 0.009259 0.043750 0.018519
1 0.853776 0.032407 0.049740 0.050926
1 0.830339 0.068056 0.051823 0.062963
1 0.843359 0.088657 0.049219 0.055093
1 0.833854 0.113657 0.049479 0.056019
0 0.826562 0.130556 0.041146 0.042593
1 0.806510 0.170602 0.046354 0.048611
1 0.808203 0.186343 0.046615 0.056944
1 0.800651 0.229398 0.045052 0.046759
1 0.795312 0.271759 0.043229 0.043519
1 0.793229 0.302315 0.036458 0.052778
1 0.780729 0.362269 0.039583 0.039352
1 0.774479 0.404630 0.037500 0.038889
1 0.772786 0.435880 0.040885 0.044907
1 0.773828 0.450694 0.034115 0.040278
1 0.772135 0.473148 0.023438 0.037037
1 0.762630 0.488194 0.025260 0.043981
1 0.755208 0.502546 0.031250 0.040278
1 0.754427 0.524306 0.032292 0.043981
0 0.753385 0.537731 0.028125 0.037500
1 0.750781 0.556019 0.031250 0.037963
1 0.739583 0.615972 0.032292 0.042130
1 0.712630 0.613194 0.013802 0.056944
1 0.692057 0.608102 0.016406 0.050463
1 0.677734 0.611806 0.015885 0.053241
1 0.690755 0.556481 0.012760 0.050926
1 0.545182 0.612731 0.011198 0.056019
1 0.573958 0.618056 0.012500 0.044444
1 0.590234 0.613194 0.022656 0.036574
1 0.599609 0.588194 0.030990 0.035648
1 0.638281 0.621296 0.031250 0.039815
1 0.636328 0.606019 0.032552 0.036111
0 0.599609 0.563657 0.031510 0.035648
1 0.603125 0.552083 0.026042 0.031944
1 0.598958 0.536806 0.033333 0.034722
1 0.643880 0.557870 0.037760 0.043519
1 0.639714 0.540509 0.027865 0.031944
1 0.644531 0.521991 0.038021 0.030093
1 0.652734 0.509491 0.040885 0.034722
1 0.603906 0.516204 0.031250 0.040741
1 0.604557 0.495833 0.028385 0.034259
1 0.648177 0.496759 0.027604 0.028704
1 0.649609 0.485417 0.032552 0.029167
1 0.650130 0.469907 0.037240 0.033333
1 0.604688 0.482639 0.026562 0.036574
1 0.607552 0.460185 0.031250 0.037037
1 0.610807 0.445370 0.029948 0.038889
1 0.611458 0.419907 0.038021 0.037037
1 0.647786 0.457407 0.029427 0.035185
1 0.651953 0.441667 0.029427 0.039815
1 0.654687 0.416435 0.042188 0.036574
1 0.612630 0.402778 0.029948 0.036111
1 0.653906 0.380324 0.040625 0.051389
1 0.613802 0.382407 0.038021 0.034259
1 0.615234 0.363194 0.030469 0.035648
1 0.611328 0.342824 0.039323 0.038426
1 0.607552 0.318519 0.036979 0.039815
1 0.616406 0.299769 0.038021 0.043981
1 0.664583 0.315741 0.042708 0.048148
1 0.620052 0.274769 0.034375 0.035648
1 0.607031 0.154167 0.037500 0.058333
1 0.623307 0.130093 0.046094 0.046296
1 0.622005 0.101852 0.036719 0.048148
1 0.625781 0.063194 0.050000 0.051389
1 0.673958 0.137731 0.037500 0.043981
1 0.682031 0.112731 0.052604 0.051389
1 0.684635 0.071296 0.053125 0.049074
1 0.689583 0.029630 0.050521 0.054630
1 0.625781 0.013657 0.044271 0.027315
0 0.583854 0.806481 0.013021 0.035185
1 0.557813 0.829861 0.026042 0.027315
0 0.555859 0.851620 0.024219 0.031019
1 0.558333 0.863657 0.022396 0.028241
1 0.556380 0.884259 0.021094 0.024074
1 0.556901 0.895370 0.023698 0.026852
1 0.556380 0.906481 0.023177 0.025926
1 0.495833 0.990509 0.021354 0.018981
1 0.493359 0.984259 0.022656 0.024074
1 0.490104 0.976852 0.022917 0.024074
1 0.497135 0.965046 0.020833 0.025463
1 0.492708 0.958796 0.021875 0.026852
1 0.491406 0.953241 0.019271 0.023148
1 0.488411 0.946991 0.022656 0.027315
1 0.486458 0.931481 0.021354 0.028704
1 0.499479 0.918287 0.018750 0.024537
1 0.484635 0.913657 0.021875 0.029167
1 0.483464 0.904398 0.022656 0.027315
1 0.482161 0.894444 0.023698 0.028704
1 0.487630 0.878472 0.026302 0.028241
1 0.484115 0.871296 0.026562 0.027778
1 0.483854 0.860648 0.017708 0.024074
1 0.481510 0.840509 0.028125 0.029167
1 0.473958 0.833333 0.025000 0.029630
1 0.482682 0.830556 0.025781 0.027778
1 0.484635 0.818519 0.025521 0.025926
1 0.482812 0.806481 0.027604 0.028704
1 0.486458 0.793519 0.023438 0.027778
1 0.481510 0.776620 0.023958 0.034722
1 0.476562 0.763194 0.027604 0.031019
1 0.475781 0.750694 0.025521 0.029167
1 0.474609 0.743519 0.025781 0.029630
1 0.473828 0.734954 0.025260 0.030093
1 0.469531 0.724769 0.025521 0.040278
1 0.464583 0.705556 0.023958 0.028704
1 0.457161 0.686806 0.022656 0.036574
0 0.503255 0.645833 0.024740 0.021296
0 0.462109 0.660417 0.026823 0.031944
1 0.460156 0.648843 0.031250 0.034722
1 0.453906 0.625231 0.026562 0.030093
0 0.451432 0.611343 0.026823 0.029167
0 0.449479 0.602546 0.028646 0.031944
0 0.449609 0.593981 0.026823 0.031481
1 0.450130 0.579167 0.023698 0.028704
1 0.449740 0.568981 0.025000 0.027778
0 0.447135 0.557407 0.028125 0.033333
0 0.446354 0.546759 0.029687 0.033333
0 0.441406 0.534491 0.029167 0.034722
1 0.457682 0.502315 0.030469 0.036111
1 0.452083 0.478472 0.038021 0.036574
0 0.452214 0.462269 0.033594 0.033796
1 0.452083 0.448380 0.028646 0.033796
1 0.453385 0.433333 0.028646 0.031481
1 0.438411 0.414583 0.025260 0.043981
1 0.454688 0.407407 0.034375 0.044444
1 0.495182 0.388657 0.038802 0.043981
1 0.433854 0.388426 0.028646 0.037037
1 0.430208 0.364120 0.036979 0.042130
1 0.429688 0.332870 0.031250 0.036111
1 0.497005 0.345370 0.039323 0.044444
0 0.497005 0.301852 0.039323 0.047222
1 0.428255 0.312731 0.038281 0.043981
1 0.434635 0.291667 0.044271 0.044444
0 0.435026 0.267593 0.035677 0.044444
1 0.500781 0.265046 0.041667 0.043981
1 0.535677 0.241667 0.015625 0.060185
1 0.476432 0.231019 0.042969 0.043519
1 0.477604 0.203472 0.042188 0.044907
1 0.430208 0.240741 0.039583 0.046296
0 0.425260 0.218519 0.034375 0.050926
1 0.433333 0.175694 0.041146 0.065278
1 0.412109 0.147222 0.048177 0.049074
1 0.475911 0.156481 0.041927 0.050000
1 0.417708 0.106944 0.040625 0.049074
1 0.535937 0.180324 0.016667 0.063426
1 0.533984 0.110417 0.016927 0.093981
1 0.420312 0.072917 0.052604 0.055093
1 0.418229 0.034722 0.053125 0.048148
1 0.416406 0.013657 0.047396 0.027315
0 0.478906 0.014583 0.039583 0.029167
0 0.528385 0.013657 0.021354 0.027315
1 0.298828 0.112269 0.022656 0.042130
1 0.337109 0.276157 0.014844 0.028241
1 0.339583 0.292824 0.025000 0.024537
1 0.336589 0.309259 0.024740 0.036111
1 0.344661 0.332407 0.020052 0.028704
1 0.348958 0.355556 0.012500 0.022222
1 0.348828 0.373380 0.015365 0.025463
1 0.366276 0.434954 0.010677 0.018981
1 0.372005 0.468981 0.015365 0.023148
1 0.390885 0.591898 0.012500 0.021759
1 0.407161 0.710880 0.020052 0.025463
1 0.418359 0.772222 0.008594 0.013889
1 0.423958 0.784491 0.008854 0.015278
1 0.423438 0.802083 0.015625 0.018056
1 0.435807 0.883333 0.007552 0.013889
1 0.437760 0.902546 0.015104 0.018056
1 0.454036 0.985185 0.007552 0.014815
1 0.437109 0.925231 0.026302 0.025463
1 0.315234 0.126157 0.014844 0.028241
1 0.302083 0.154630 0.009375 0.028704
