1 0.765164 0.979529 0.042697 0.017386
1 0.760251 0.957936 0.048458 0.045990
1 0.738902 0.923724 0.050491 0.057207
1 0.752118 0.906338 0.047780 0.050477
1 0.743816 0.883062 0.048119 0.051038
0 0.737377 0.866798 0.039986 0.038699
1 0.719248 0.828940 0.045069 0.043746
1 0.721450 0.814919 0.045408 0.051598
1 0.715690 0.775659 0.044053 0.042625
1 0.711962 0.736680 0.042020 0.039821
1 0.711115 0.709198 0.035581 0.047672
1 0.700949 0.653954 0.038292 0.035895
1 0.696374 0.615255 0.036598 0.035895
1 0.695866 0.586932 0.039648 0.040942
1 0.697391 0.573752 0.033209 0.037016
1 0.696374 0.553561 0.023043 0.033651
1 0.687733 0.538979 0.024737 0.040381
1 0.681125 0.525238 0.030498 0.036455
1 0.680956 0.505609 0.031515 0.039821
0 0.680617 0.493550 0.027448 0.034773
1 0.678753 0.476725 0.030498 0.034773
1 0.669773 0.421761 0.031515 0.038138
1 0.643850 0.421761 0.013555 0.051598
1 0.623687 0.424004 0.015927 0.045990
1 0.609963 0.419518 0.015588 0.048233
1 0.620637 0.470275 0.012538 0.046551
1 0.482040 0.405216 0.011183 0.051038
1 0.509997 0.403253 0.012199 0.040381
1 0.525585 0.409422 0.022365 0.033651
1 0.533717 0.432698 0.030498 0.033090
1 0.572348 0.406898 0.030498 0.036455
1 0.569807 0.420359 0.031515 0.033090
0 0.532870 0.454851 0.030837 0.032529
1 0.535920 0.465508 0.025415 0.029164
1 0.531345 0.478688 0.032531 0.031969
1 0.575568 0.464386 0.036937 0.039260
1 0.570823 0.479529 0.027448 0.029164
1 0.574890 0.496635 0.036937 0.027482
1 0.582345 0.508974 0.039648 0.031969
1 0.535412 0.498037 0.030498 0.037016
1 0.535412 0.516265 0.027787 0.030847
1 0.577431 0.519630 0.027109 0.026360
1 0.578448 0.530006 0.031854 0.026921
1 0.578617 0.544027 0.036259 0.030286
1 0.535073 0.528043 0.025754 0.033090
1 0.537106 0.548514 0.030498 0.033651
1 0.539648 0.562255 0.029482 0.035334
1 0.539478 0.585250 0.037275 0.034212
1 0.575906 0.555244 0.028804 0.032529
1 0.579295 0.569546 0.028804 0.036455
1 0.580989 0.592821 0.041003 0.033651
1 0.539986 0.600953 0.029482 0.033090
1 0.579126 0.625070 0.039309 0.046551
1 0.540325 0.619181 0.036937 0.031408
1 0.541172 0.636568 0.029820 0.032529
1 0.536598 0.654515 0.038292 0.034773
1 0.532192 0.676108 0.036259 0.036455
1 0.540156 0.693775 0.037275 0.040381
1 0.587089 0.684240 0.041681 0.043746
1 0.542697 0.716769 0.033548 0.032529
1 0.526093 0.823612 0.036259 0.053281
1 0.541003 0.847168 0.045069 0.042064
1 0.538800 0.872126 0.035920 0.043746
1 0.541172 0.907179 0.048797 0.046551
1 0.590308 0.845205 0.036598 0.040381
1 0.597255 0.868480 0.051169 0.046551
1 0.598272 0.906057 0.051847 0.044307
1 0.601660 0.943915 0.049136 0.049355
1 0.539309 0.952047 0.043036 0.025238
0 0.525923 0.234717 0.012877 0.031969
1 0.501694 0.211161 0.025415 0.025238
0 0.500508 0.191531 0.023721 0.028603
1 0.503389 0.180875 0.022026 0.026360
1 0.502033 0.162086 0.020671 0.022434
1 0.503050 0.151991 0.023382 0.024678
1 0.502880 0.142176 0.023043 0.024117
1 0.447306 0.060572 0.021010 0.017947
1 0.444595 0.065900 0.022365 0.021873
1 0.441206 0.072350 0.022365 0.022434
1 0.447645 0.083567 0.020332 0.023556
1 0.443070 0.088615 0.021349 0.024678
1 0.441884 0.093662 0.018977 0.021312
1 0.438665 0.098990 0.022026 0.025238
1 0.436123 0.112451 0.021010 0.026360
1 0.448323 0.125911 0.018299 0.022995
1 0.433921 0.128435 0.021349 0.026921
1 0.432396 0.136568 0.022365 0.025238
1 0.430871 0.145541 0.023382 0.026360
1 0.435446 0.160404 0.025754 0.025799
1 0.431887 0.166573 0.026093 0.025799
1 0.431210 0.176108 0.017282 0.022434
1 0.428329 0.194055 0.027787 0.026921
1 0.420874 0.199663 0.024399 0.026921
1 0.429177 0.203029 0.025415 0.025799
1 0.430701 0.213965 0.025076 0.024117
1 0.428329 0.224621 0.027109 0.026360
1 0.431379 0.236680 0.023043 0.025799
1 0.426127 0.251542 0.023382 0.031969
1 0.420874 0.263040 0.027109 0.028043
1 0.419688 0.274257 0.024737 0.026921
1 0.418333 0.280426 0.025415 0.026921
1 0.417316 0.287998 0.024737 0.027482
1 0.412741 0.296691 0.025076 0.037016
1 0.407489 0.313797 0.023382 0.026360
1 0.399526 0.329781 0.022365 0.033651
0 0.442731 0.371004 0.024060 0.019630
0 0.403423 0.353898 0.026093 0.029164
1 0.401220 0.364274 0.030498 0.031969
1 0.394273 0.384745 0.026093 0.028043
0 0.391393 0.397084 0.026432 0.026921
0 0.389190 0.404936 0.028126 0.029164
0 0.389021 0.412507 0.026432 0.028603
1 0.389021 0.425967 0.023043 0.026360
1 0.388343 0.434941 0.024399 0.025238
0 0.385463 0.445036 0.027448 0.030847
0 0.384277 0.454571 0.029143 0.030847
0 0.379193 0.465227 0.028465 0.031969
1 0.393765 0.495513 0.029820 0.033090
1 0.387496 0.516545 0.036937 0.033651
0 0.387157 0.531127 0.032870 0.031408
1 0.386479 0.543746 0.028126 0.030847
1 0.387157 0.557207 0.028126 0.028603
1 0.372247 0.572630 0.024737 0.040381
1 0.387496 0.580482 0.033548 0.040381
1 0.426127 0.601514 0.037614 0.039821
1 0.366825 0.595625 0.028126 0.033651
1 0.362589 0.617218 0.035920 0.038699
1 0.360895 0.645261 0.030498 0.033090
1 0.426466 0.640774 0.038292 0.040942
0 0.424771 0.680034 0.038292 0.043186
1 0.358861 0.663208 0.037275 0.039821
1 0.364283 0.682557 0.043375 0.040381
0 0.363775 0.704431 0.034903 0.040381
1 0.427313 0.713404 0.040664 0.040381
1 0.460183 0.737801 0.015588 0.054403
1 0.402575 0.741447 0.042020 0.039260
1 0.402745 0.766405 0.041003 0.040942
1 0.358184 0.728267 0.038631 0.042064
0 0.352592 0.747616 0.033548 0.045990
1 0.359200 0.786876 0.039986 0.059450
1 0.337513 0.810432 0.046764 0.044868
1 0.399526 0.808469 0.040664 0.045429
1 0.341749 0.847168 0.039648 0.044307
1 0.458319 0.793045 0.016605 0.057207
1 0.454083 0.855580 0.016943 0.084689
1 0.343104 0.878015 0.051169 0.049916
1 0.339715 0.911946 0.051847 0.043746
1 0.337174 0.930735 0.046086 0.025238
0 0.397492 0.936343 0.038631 0.026360
0 0.445273 0.941952 0.021010 0.025238
1 0.227042 0.830342 0.022365 0.038699
1 0.269570 0.687044 0.014571 0.025799
1 0.272450 0.672182 0.024399 0.022995
1 0.270247 0.657039 0.024060 0.033090
1 0.278889 0.636848 0.019654 0.026360
1 0.283802 0.616657 0.012538 0.020752
1 0.284141 0.600673 0.015249 0.023556
1 0.303118 0.547112 0.010505 0.017386
1 0.309895 0.517106 0.015249 0.021312
1 0.332260 0.408301 0.012538 0.020191
1 0.352084 0.302860 0.019654 0.023556
1 0.364961 0.249019 0.008811 0.013460
1 0.370722 0.238643 0.008811 0.014021
1 0.370891 0.222658 0.015249 0.016826
1 0.385632 0.150869 0.007455 0.013460
1 0.388343 0.134044 0.014910 0.016826
1 0.406811 0.061133 0.007794 0.013460
1 0.388343 0.113292 0.025754 0.023556
1 0.243307 0.819405 0.014910 0.025799
1 0.231616 0.792765 0.009149 0.026360
