1 0.879427 0.990278 0.043750 0.018519
1 0.873568 0.967130 0.049740 0.050926
1 0.850130 0.931481 0.051823 0.062963
1 0.863151 0.910880 0.049219 0.055093
1 0.853646 0.885880 0.049479 0.056019
0 0.846354 0.868981 0.041146 0.042593
1 0.826302 0.828935 0.046354 0.048611
1 0.827995 0.813194 0.046615 0.056944
1 0.820443 0.770139 0.045052 0.046759
1 0.815104 0.727778 0.043229 0.043519
1 0.813021 0.697222 0.036458 0.052778
1 0.800521 0.637269 0.039583 0.039352
1 0.794271 0.594907 0.037500 0.038889
1 0.792578 0.563657 0.040885 0.044907
1 0.793620 0.548843 0.034115 0.040278
1 0.791927 0.526389 0.023438 0.037037
1 0.782422 0.511343 0.025260 0.043981
1 0.775000 0.496991 0.031250 0.040278
1 0.774219 0.475231 0.032292 0.043981
0 0.773177 0.461806 0.028125 0.037500
1 0.770573 0.443519 0.031250 0.037963
1 0.759375 0.383565 0.032292 0.042130
1 0.732422 0.386343 0.013802 0.056944
1 0.711849 0.391435 0.016406 0.050463
1 0.697526 0.387731 0.015885 0.053241
1 0.710547 0.443056 0.012760 0.050926
1 0.564974 0.386806 0.011198 0.056019
1 0.593750 0.381481 0.012500 0.044444
1 0.610026 0.386343 0.022656 0.036574
1 0.619401 0.411343 0.030990 0.035648
1 0.658073 0.378241 0.031250 0.039815
1 0.656120 0.393519 0.032552 0.036111
0 0.619401 0.435880 0.031510 0.035648
1 0.622917 0.447454 0.026042 0.031944
1 0.618750 0.462731 0.033333 0.034722
1 0.663672 0.441667 0.037760 0.043519
1 0.659505 0.459028 0.027865 0.031944
1 0.664323 0.477546 0.038021 0.030093
1 0.672526 0.490046 0.040885 0.034722
1 0.623698 0.483333 0.031250 0.040741
1 0.624349 0.503704 0.028385 0.034259
1 0.667969 0.502778 0.027604 0.028704
1 0.669401 0.514120 0.032552 0.029167
1 0.669922 0.529630 0.037240 0.033333
1 0.624479 0.516898 0.026562 0.036574
1 0.627344 0.539352 0.031250 0.037037
1 0.630599 0.554167 0.029948 0.038889
1 0.631250 0.579630 0.038021 0.037037
1 0.667578 0.542130 0.029427 0.035185
1 0.671745 0.557870 0.029427 0.039815
1 0.674479 0.583102 0.042188 0.036574
1 0.632422 0.596759 0.029948 0.036111
1 0.673698 0.619213 0.040625 0.051389
1 0.633594 0.617130 0.038021 0.034259
1 0.635026 0.636343 0.030469 0.035648
1 0.631120 0.656713 0.039323 0.038426
1 0.627344 0.681019 0.036979 0.039815
1 0.636198 0.699769 0.038021 0.043981
1 0.684375 0.683796 0.042708 0.048148
1 0.639844 0.724769 0.034375 0.035648
1 0.626823 0.845370 0.037500 0.058333
1 0.643099 0.869444 0.046094 0.046296
1 0.641797 0.897685 0.036719 0.048148
1 0.645573 0.936343 0.050000 0.051389
1 0.693750 0.861806 0.037500 0.043981
1 0.701823 0.886806 0.052604 0.051389
1 0.704427 0.928241 0.053125 0.049074
1 0.709375 0.969907 0.050521 0.054630
1 0.645573 0.985880 0.044271 0.027315
0 0.603646 0.193056 0.013021 0.035185
1 0.577604 0.169676 0.026042 0.027315
0 0.575651 0.147917 0.024219 0.031019
1 0.578125 0.135880 0.022396 0.028241
1 0.576172 0.115278 0.021094 0.024074
1 0.576693 0.104167 0.023698 0.026852
1 0.576172 0.093056 0.023177 0.025926
1 0.515625 0.009259 0.021354 0.018519
1 0.513151 0.015278 0.022656 0.024074
1 0.509896 0.022685 0.022917 0.024074
1 0.516927 0.034491 0.020833 0.025463
1 0.512500 0.040741 0.021875 0.026852
1 0.511198 0.046296 0.019271 0.023148
1 0.508203 0.052546 0.022656 0.027315
1 0.506250 0.068056 0.021354 0.028704
1 0.519271 0.081250 0.018750 0.024537
1 0.504427 0.085880 0.021875 0.029167
1 0.503255 0.095139 0.022656 0.027315
1 0.501953 0.105093 0.023698 0.028704
1 0.507422 0.121065 0.026302 0.028241
1 0.503906 0.128241 0.026562 0.027778
1 0.503646 0.138889 0.017708 0.024074
1 0.501302 0.159028 0.028125 0.029167
1 0.493750 0.166204 0.025000 0.029630
1 0.502474 0.168981 0.025781 0.027778
1 0.504427 0.181019 0.025521 0.025926
1 0.502604 0.193056 0.027604 0.028704
1 0.506250 0.206019 0.023438 0.027778
1 0.501302 0.222917 0.023958 0.034722
1 0.496354 0.236343 0.027604 0.031019
1 0.495573 0.248843 0.025521 0.029167
1 0.494401 0.256019 0.025781 0.029630
1 0.493620 0.264583 0.025260 0.030093
1 0.489323 0.274769 0.025521 0.040278
1 0.484375 0.293981 0.023958 0.028704
1 0.476953 0.312731 0.022656 0.036574
0 0.523047 0.353704 0.024740 0.021296
0 0.481901 0.339120 0.026823 0.031944
1 0.479948 0.350694 0.031250 0.034722
1 0.473698 0.374306 0.026562 0.030093
0 0.471224 0.388194 0.026823 0.029167
0 0.469271 0.396991 0.028646 0.031944
0 0.469401 0.405556 0.026823 0.031481
1 0.469922 0.420370 0.023698 0.028704
1 0.469531 0.430556 0.025000 0.027778
0 0.466927 0.442130 0.028125 0.033333
0 0.466146 0.452778 0.029687 0.033333
0 0.461198 0.465046 0.029167 0.034722
1 0.477474 0.497222 0.030469 0.036111
1 0.471875 0.521065 0.038021 0.036574
0 0.472005 0.537269 0.033594 0.033796
1 0.471875 0.551157 0.028646 0.033796
1 0.473177 0.566204 0.028646 0.031481
1 0.458203 0.584954 0.025260 0.043981
1 0.474479 0.592130 0.034375 0.044444
1 0.514974 0.610880 0.038802 0.043981
1 0.453646 0.611111 0.028646 0.037037
1 0.450000 0.635417 0.036979 0.042130
1 0.449479 0.666667 0.031250 0.036111
1 0.516797 0.654167 0.039323 0.044444
0 0.516797 0.697685 0.039323 0.047222
1 0.448047 0.686806 0.038281 0.043981
1 0.454427 0.707870 0.044271 0.044444
0 0.454818 0.731944 0.035677 0.044444
1 0.520573 0.734491 0.041667 0.043981
1 0.555469 0.757870 0.015625 0.060185
1 0.496224 0.768519 0.042969 0.043519
1 0.497396 0.796065 0.042188 0.044907
1 0.450000 0.758796 0.039583 0.046296
0 0.445052 0.781019 0.034375 0.050926
1 0.453125 0.823843 0.041146 0.065278
1 0.431901 0.852315 0.048177 0.049074
1 0.495703 0.843056 0.041927 0.050000
1 0.437500 0.892593 0.040625 0.049074
1 0.555729 0.819213 0.016667 0.063426
1 0.553776 0.889120 0.016927 0.093981
1 0.440104 0.926620 0.052604 0.055093
1 0.438021 0.964815 0.053125 0.048148
1 0.436198 0.985880 0.047396 0.027315
0 0.498698 0.984954 0.039583 0.029167
0 0.548177 0.985880 0.021354 0.027315
1 0.318620 0.887269 0.022656 0.042130
1 0.356901 0.723380 0.014844 0.028241
1 0.359375 0.706713 0.025000 0.024537
1 0.356380 0.690278 0.024740 0.036111
1 0.364453 0.667130 0.020052 0.028704
1 0.368750 0.643981 0.012500 0.022222
1 0.368620 0.626157 0.015365 0.025463
1 0.386068 0.564583 0.010677 0.018981
1 0.391797 0.530556 0.015365 0.023148
1 0.410677 0.407639 0.012500 0.021759
1 0.426953 0.288657 0.020052 0.025463
1 0.438151 0.227315 0.008594 0.013889
1 0.443750 0.215046 0.008854 0.015278
1 0.443229 0.197454 0.015625 0.018056
1 0.455599 0.116204 0.007552 0.013889
1 0.457552 0.096991 0.015104 0.018056
1 0.473828 0.014352 0.007552 0.014815
1 0.456901 0.074306 0.026302 0.025463
1 0.335026 0.873380 0.014844 0.028241
1 0.321875 0.844907 0.009375 0.028704
