1 0.850159 0.970848 0.042508 0.017079
1 0.845377 0.949058 0.048530 0.046525
1 0.823769 0.914605 0.050655 0.057715
1 0.837053 0.897527 0.048176 0.050648
1 0.828551 0.873675 0.048176 0.051237
0 0.821998 0.857774 0.040028 0.039458
1 0.803932 0.819788 0.044988 0.044759
1 0.806235 0.805654 0.045342 0.051826
1 0.800213 0.765901 0.043925 0.042992
1 0.796493 0.727326 0.042154 0.040047
1 0.795430 0.699058 0.035778 0.048292
1 0.785158 0.643698 0.038611 0.036514
1 0.780553 0.604829 0.036486 0.035336
1 0.779844 0.576561 0.040028 0.041225
1 0.781438 0.563310 0.033298 0.037102
1 0.780553 0.542403 0.023025 0.034158
1 0.771874 0.527974 0.024796 0.040636
1 0.764966 0.514429 0.030818 0.037102
1 0.764966 0.494700 0.031527 0.040047
0 0.764435 0.482332 0.027630 0.034158
1 0.762487 0.465548 0.030818 0.034747
1 0.753631 0.410483 0.031527 0.038869
1 0.727418 0.410188 0.013815 0.052415
1 0.707403 0.412839 0.016295 0.045936
1 0.693588 0.408422 0.015586 0.048881
1 0.704392 0.459658 0.012398 0.046525
1 0.565356 0.394876 0.011335 0.051237
1 0.593340 0.392521 0.012752 0.040636
1 0.608927 0.398410 0.021962 0.033569
1 0.617251 0.422261 0.030110 0.032980
1 0.655685 0.395760 0.030464 0.036514
1 0.653206 0.409600 0.031881 0.033569
0 0.616543 0.444346 0.030818 0.032391
1 0.619554 0.455241 0.025505 0.029446
1 0.614949 0.468492 0.032589 0.032391
1 0.659051 0.453769 0.037194 0.039458
1 0.654446 0.469081 0.027276 0.030035
1 0.658696 0.486160 0.037194 0.027680
1 0.666135 0.498233 0.040028 0.031802
1 0.619022 0.487633 0.030818 0.037691
1 0.619022 0.506184 0.027984 0.031213
1 0.661353 0.509717 0.026922 0.026502
1 0.662416 0.520024 0.031881 0.027091
1 0.662239 0.534158 0.036486 0.030624
1 0.618668 0.517962 0.025859 0.033569
1 0.620793 0.538869 0.030818 0.034158
1 0.623450 0.552415 0.029047 0.035336
1 0.623273 0.575383 0.037194 0.034158
1 0.659582 0.545053 0.029047 0.032391
1 0.663124 0.559482 0.029047 0.036514
1 0.664896 0.582744 0.041091 0.033569
1 0.623982 0.591284 0.029401 0.032980
1 0.663124 0.615430 0.039674 0.047114
1 0.624336 0.609541 0.037194 0.031802
1 0.625221 0.627208 0.029756 0.032980
1 0.620616 0.645465 0.038257 0.035336
1 0.616366 0.666961 0.036132 0.037102
1 0.624336 0.684629 0.037194 0.040636
1 0.671272 0.674617 0.041800 0.044170
1 0.626815 0.707892 0.033652 0.032980
1 0.610521 0.815665 0.036486 0.053004
1 0.625399 0.838928 0.044988 0.042992
1 0.623273 0.864252 0.035778 0.044170
1 0.625576 0.899882 0.048884 0.047114
1 0.674637 0.836867 0.036486 0.040047
1 0.681722 0.860424 0.051364 0.047114
1 0.682961 0.898115 0.051718 0.044759
1 0.686327 0.936101 0.049238 0.050059
1 0.624159 0.944346 0.043216 0.025324
0 0.608927 0.222909 0.012752 0.032391
1 0.584485 0.199352 0.025505 0.025324
0 0.583245 0.179623 0.023734 0.028269
1 0.586256 0.169022 0.021962 0.025913
1 0.584839 0.150177 0.020546 0.022379
1 0.585724 0.140165 0.023025 0.024735
1 0.585547 0.129859 0.022671 0.024146
1 0.529756 0.048292 0.020900 0.017668
1 0.527276 0.053592 0.022317 0.022379
1 0.523734 0.060071 0.022317 0.022379
1 0.530287 0.071260 0.020546 0.023557
1 0.525682 0.076561 0.021254 0.024735
1 0.524265 0.081567 0.019129 0.021790
1 0.521254 0.086867 0.022317 0.025324
1 0.518774 0.100707 0.020900 0.027091
1 0.530995 0.113958 0.018420 0.022968
1 0.516295 0.116608 0.021608 0.027091
1 0.514878 0.125147 0.022317 0.025324
1 0.513284 0.133981 0.023379 0.026502
1 0.518066 0.148704 0.025859 0.026502
1 0.514524 0.154888 0.025859 0.025913
1 0.513992 0.164311 0.017712 0.022379
1 0.511158 0.182568 0.027630 0.027091
1 0.503542 0.188457 0.024442 0.027091
1 0.511867 0.191696 0.025505 0.025324
1 0.513461 0.202886 0.025151 0.024146
1 0.511158 0.213486 0.026922 0.026502
1 0.514169 0.225559 0.023025 0.025913
1 0.509033 0.240283 0.023379 0.031802
1 0.503719 0.252061 0.026922 0.028269
1 0.502657 0.263251 0.024796 0.027091
1 0.501240 0.269729 0.025505 0.027091
1 0.500177 0.277385 0.024796 0.028269
1 0.495749 0.285925 0.025151 0.037102
1 0.490259 0.303004 0.023379 0.026502
1 0.482643 0.319494 0.022317 0.033569
0 0.525859 0.361013 0.024442 0.020024
0 0.486362 0.343934 0.026213 0.029446
1 0.484237 0.353946 0.030464 0.031802
1 0.477506 0.374853 0.026213 0.027680
0 0.474672 0.386926 0.026213 0.027091
0 0.472370 0.394876 0.027984 0.030035
0 0.472193 0.402532 0.026213 0.028857
1 0.472193 0.416078 0.023379 0.026502
1 0.471661 0.425206 0.024442 0.025913
0 0.468650 0.435512 0.027630 0.031213
0 0.467588 0.445230 0.029047 0.030624
0 0.462451 0.455830 0.028693 0.031802
1 0.477152 0.486455 0.029756 0.032980
1 0.470953 0.507362 0.037194 0.033569
0 0.470599 0.522085 0.032944 0.031213
1 0.469890 0.534452 0.027984 0.031213
1 0.470776 0.548292 0.028339 0.029446
1 0.455544 0.563899 0.024796 0.040636
1 0.471307 0.572144 0.033652 0.040636
1 0.509919 0.592756 0.037903 0.040636
1 0.450407 0.587161 0.027984 0.034158
1 0.445979 0.608952 0.036132 0.038869
1 0.444563 0.636926 0.030464 0.033569
1 0.510096 0.632214 0.038257 0.040636
0 0.508679 0.671378 0.038257 0.043581
1 0.442614 0.655183 0.037194 0.040636
1 0.448105 0.674617 0.043216 0.040636
0 0.447574 0.696408 0.035069 0.040636
1 0.511158 0.705241 0.040383 0.040636
1 0.544102 0.729682 0.015586 0.055359
1 0.486539 0.733804 0.042154 0.040047
1 0.486716 0.758539 0.041091 0.041225
1 0.442260 0.720259 0.038611 0.042403
0 0.436592 0.739988 0.033652 0.046525
1 0.442968 0.779446 0.040028 0.059482
1 0.421537 0.803298 0.046759 0.044759
1 0.483705 0.800942 0.040737 0.045936
1 0.425788 0.840400 0.039674 0.044759
1 0.542508 0.785041 0.016649 0.057715
1 0.538257 0.848351 0.016649 0.085395
1 0.427028 0.871319 0.051364 0.050059
1 0.424017 0.905477 0.051718 0.044170
1 0.421537 0.924912 0.046050 0.025324
0 0.481934 0.929918 0.038611 0.027091
0 0.529756 0.935512 0.020900 0.025324
1 0.310840 0.824205 0.022317 0.038280
1 0.353170 0.679623 0.014878 0.025913
1 0.356181 0.664605 0.024442 0.022968
1 0.353702 0.649588 0.024442 0.032980
1 0.362380 0.629270 0.019837 0.026502
1 0.367163 0.608657 0.012398 0.020612
1 0.367517 0.592462 0.015232 0.023557
1 0.386468 0.538575 0.010627 0.018257
1 0.393022 0.508245 0.015232 0.021201
1 0.415338 0.398999 0.012398 0.020612
1 0.434998 0.292697 0.019837 0.023557
1 0.447751 0.238516 0.008502 0.012956
1 0.453595 0.227915 0.008856 0.014134
1 0.453595 0.211720 0.015232 0.017079
1 0.468296 0.139576 0.007793 0.012956
1 0.470776 0.122203 0.014878 0.017079
1 0.489196 0.048881 0.007793 0.014134
1 0.470953 0.101885 0.025859 0.023557
1 0.327134 0.813310 0.014524 0.025913
1 0.315445 0.786219 0.009564 0.027091
