1 0.157552 0.990741 0.043750 0.018519
1 0.163411 0.967593 0.049740 0.050926
1 0.186849 0.931944 0.051823 0.062963
1 0.173828 0.911343 0.049219 0.055093
1 0.183333 0.886343 0.049479 0.056019
0 0.190625 0.869444 0.041146 0.042593
1 0.210677 0.829398 0.046354 0.048611
1 0.208984 0.813657 0.046615 0.056944
1 0.216536 0.770602 0.045052 0.046759
1 0.221875 0.728241 0.043229 0.043519
1 0.223958 0.697685 0.036458 0.052778
1 0.236458 0.637731 0.039583 0.039352
1 0.242708 0.595370 0.037500 0.038889
1 0.244401 0.564120 0.040885 0.044907
1 0.243359 0.549306 0.034115 0.040278
1 0.245052 0.526852 0.023438 0.037037
1 0.254557 0.511806 0.025260 0.043981
1 0.261979 0.497454 0.031250 0.040278
1 0.262760 0.475694 0.032292 0.043981
0 0.263802 0.462269 0.028125 0.037500
1 0.266406 0.443981 0.031250 0.037963
1 0.277604 0.384028 0.032292 0.042130
1 0.304557 0.386806 0.013802 0.056944
1 0.325130 0.391898 0.016406 0.050463
1 0.339453 0.388194 0.015885 0.053241
1 0.326432 0.443519 0.012760 0.050926
1 0.472005 0.387269 0.011198 0.056019
1 0.443229 0.381944 0.012500 0.044444
1 0.426953 0.386806 0.022656 0.036574
1 0.417578 0.411806 0.030990 0.035648
1 0.378906 0.378704 0.031250 0.039815
1 0.380859 0.393981 0.032552 0.036111
0 0.417578 0.436343 0.031510 0.035648
1 0.414062 0.447917 0.026042 0.031944
1 0.418229 0.463194 0.033333 0.034722
1 0.373307 0.442130 0.037760 0.043519
1 0.377474 0.459491 0.027865 0.031944
1 0.372656 0.478009 0.038021 0.030093
1 0.364453 0.490509 0.040885 0.034722
1 0.413281 0.483796 0.031250 0.040741
1 0.412630 0.504167 0.028385 0.034259
1 0.369010 0.503241 0.027604 0.028704
1 0.367578 0.514583 0.032552 0.029167
1 0.367057 0.530093 0.037240 0.033333
1 0.412500 0.517361 0.026562 0.036574
1 0.409635 0.539815 0.031250 0.037037
1 0.406380 0.554630 0.029948 0.038889
1 0.405729 0.580093 0.038021 0.037037
1 0.369401 0.542593 0.029427 0.035185
1 0.365234 0.558333 0.029427 0.039815
1 0.362500 0.583565 0.042188 0.036574
1 0.404557 0.597222 0.029948 0.036111
1 0.363281 0.619676 0.040625 0.051389
1 0.403385 0.617593 0.038021 0.034259
1 0.401953 0.636806 0.030469 0.035648
1 0.405859 0.657176 0.039323 0.038426
1 0.409635 0.681481 0.036979 0.039815
1 0.400781 0.700231 0.038021 0.043981
1 0.352604 0.684259 0.042708 0.048148
1 0.397135 0.725231 0.034375 0.035648
1 0.410156 0.845833 0.037500 0.058333
1 0.393880 0.869907 0.046094 0.046296
1 0.395182 0.898148 0.036719 0.048148
1 0.391406 0.936806 0.050000 0.051389
1 0.343229 0.862269 0.037500 0.043981
1 0.335156 0.887269 0.052604 0.051389
1 0.332552 0.928704 0.053125 0.049074
1 0.327604 0.970370 0.050521 0.054630
1 0.391406 0.986343 0.044271 0.027315
0 0.433333 0.193519 0.013021 0.035185
1 0.459375 0.170139 0.026042 0.027315
0 0.461328 0.148380 0.024219 0.031019
1 0.458854 0.136343 0.022396 0.028241
1 0.460807 0.115741 0.021094 0.024074
1 0.460286 0.104630 0.023698 0.026852
1 0.460807 0.093519 0.023177 0.025926
1 0.521354 0.009491 0.021354 0.018981
1 0.523828 0.015741 0.022656 0.024074
1 0.527083 0.023148 0.022917 0.024074
1 0.520052 0.034954 0.020833 0.025463
1 0.524479 0.041204 0.021875 0.026852
1 0.525781 0.046759 0.019271 0.023148
1 0.528776 0.053009 0.022656 0.027315
1 0.530729 0.068519 0.021354 0.028704
1 0.517708 0.081713 0.018750 0.024537
1 0.532552 0.086343 0.021875 0.029167
1 0.533724 0.095602 0.022656 0.027315
1 0.535026 0.105556 0.023698 0.028704
1 0.529557 0.121528 0.026302 0.028241
1 0.533073 0.128704 0.026562 0.027778
1 0.533333 0.139352 0.017708 0.024074
1 0.535677 0.159491 0.028125 0.029167
1 0.543229 0.166667 0.025000 0.029630
1 0.534505 0.169444 0.025781 0.027778
1 0.532552 0.181481 0.025521 0.025926
1 0.534375 0.193519 0.027604 0.028704
1 0.530729 0.206481 0.023438 0.027778
1 0.535677 0.223380 0.023958 0.034722
1 0.540625 0.236806 0.027604 0.031019
1 0.541406 0.249306 0.025521 0.029167
1 0.542578 0.256481 0.025781 0.029630
1 0.543359 0.265046 0.025260 0.030093
1 0.547656 0.275231 0.025521 0.040278
1 0.552604 0.294444 0.023958 0.028704
1 0.560026 0.313194 0.022656 0.036574
0 0.513932 0.354167 0.024740 0.021296
0 0.555078 0.339583 0.026823 0.031944
1 0.557031 0.351157 0.031250 0.034722
1 0.563281 0.374769 0.026562 0.030093
0 0.565755 0.388657 0.026823 0.029167
0 0.567708 0.397454 0.028646 0.031944
0 0.567578 0.406019 0.026823 0.031481
1 0.567057 0.420833 0.023698 0.028704
1 0.567448 0.431019 0.025000 0.027778
0 0.570052 0.442593 0.028125 0.033333
0 0.570833 0.453241 0.029687 0.033333
0 0.575781 0.465509 0.029167 0.034722
1 0.559505 0.497685 0.030469 0.036111
1 0.565104 0.521528 0.038021 0.036574
0 0.564974 0.537731 0.033594 0.033796
1 0.565104 0.551620 0.028646 0.033796
1 0.563802 0.566667 0.028646 0.031481
1 0.578776 0.585417 0.025260 0.043981
1 0.562500 0.592593 0.034375 0.044444
1 0.522005 0.611343 0.038802 0.043981
1 0.583333 0.611574 0.028646 0.037037
1 0.586979 0.635880 0.036979 0.042130
1 0.587500 0.667130 0.031250 0.036111
1 0.520182 0.654630 0.039323 0.044444
0 0.520182 0.698148 0.039323 0.047222
1 0.588932 0.687269 0.038281 0.043981
1 0.582552 0.708333 0.044271 0.044444
0 0.582161 0.732407 0.035677 0.044444
1 0.516406 0.734954 0.041667 0.043981
1 0.481510 0.758333 0.015625 0.060185
1 0.540755 0.768981 0.042969 0.043519
1 0.539583 0.796528 0.042188 0.044907
1 0.586979 0.759259 0.039583 0.046296
0 0.591927 0.781481 0.034375 0.050926
1 0.583854 0.824306 0.041146 0.065278
1 0.605078 0.852778 0.048177 0.049074
1 0.541276 0.843519 0.041927 0.050000
1 0.599479 0.893056 0.040625 0.049074
1 0.481250 0.819676 0.016667 0.063426
1 0.483203 0.889583 0.016927 0.093981
1 0.596875 0.927083 0.052604 0.055093
1 0.598958 0.965278 0.053125 0.048148
1 0.600781 0.986343 0.047396 0.027315
0 0.538281 0.985417 0.039583 0.029167
0 0.488802 0.986343 0.021354 0.027315
1 0.718359 0.887731 0.022656 0.042130
1 0.680078 0.723843 0.014844 0.028241
1 0.677604 0.707176 0.025000 0.024537
1 0.680599 0.690741 0.024740 0.036111
1 0.672526 0.667593 0.020052 0.028704
1 0.668229 0.644444 0.012500 0.022222
1 0.668359 0.626620 0.015365 0.025463
1 0.650911 0.565046 0.010677 0.018981
1 0.645182 0.531019 0.015365 0.023148
1 0.626302 0.408102 0.012500 0.021759
1 0.610026 0.289120 0.020052 0.025463
1 0.598828 0.227778 0.008594 0.013889
1 0.593229 0.215509 0.008854 0.015278
1 0.593750 0.197917 0.015625 0.018056
1 0.581380 0.116667 0.007552 0.013889
1 0.579427 0.097454 0.015104 0.018056
1 0.563151 0.014815 0.007552 0.014815
1 0.580078 0.074769 0.026302 0.025463
1 0.701953 0.873843 0.014844 0.028241
1 0.715104 0.845370 0.009375 0.028704
