1 0.842448 0.990741 0.043750 0.018519
1 0.836589 0.967593 0.049740 0.050926
1 0.813151 0.931944 0.051823 0.062963
1 0.826172 0.911343 0.049219 0.055093
1 0.816667 0.886343 0.049479 0.056019
0 0.809375 0.869444 0.041146 0.042593
1 0.789323 0.829398 0.046354 0.048611
1 0.791016 0.813657 0.046615 0.056944
1 0.783464 0.770602 0.045052 0.046759
1 0.778125 0.728241 0.043229 0.043519
1 0.776042 0.697685 0.036458 0.052778
1 0.763542 0.637731 0.039583 0.039352
1 0.757292 0.595370 0.037500 0.038889
1 0.755599 0.564120 0.040885 0.044907
1 0.756641 0.549306 0.034115 0.040278
1 0.754948 0.526852 0.023438 0.037037
1 0.745443 0.511806 0.025260 0.043981
1 0.738021 0.497454 0.031250 0.040278
1 0.737240 0.475694 0.032292 0.043981
0 0.736198 0.462269 0.028125 0.037500
1 0.733594 0.443981 0.031250 0.037963
1 0.722396 0.384028 0.032292 0.042130
1 0.695443 0.386806 0.013802 0.056944
1 0.674870 0.391898 0.016406 0.050463
1 0.660547 0.388194 0.015885 0.053241
1 0.673568 0.443519 0.012760 0.050926
1 0.527995 0.387269 0.011198 0.056019
1 0.556771 0.381944 0.012500 0.044444
1 0.573047 0.386806 0.022656 0.036574
1 0.582422 0.411806 0.030990 0.035648
1 0.621094 0.378704 0.031250 0.039815
1 0.619141 0.393981 0.032552 0.036111
0 0.582422 0.436343 0.031510 0.035648
1 0.585938 0.447917 0.026042 0.031944
1 0.581771 0.463194 0.033333 0.034722
1 0.626693 0.442130 0.037760 0.043519
1 0.622526 0.459491 0.027865 0.031944
1 0.627344 0.478009 0.038021 0.030093
1 0.635547 0.490509 0.040885 0.034722
1 0.586719 0.483796 0.031250 0.040741
1 0.587370 0.504167 0.028385 0.034259
1 0.630990 0.503241 0.027604 0.028704
1 0.632422 0.514583 0.032552 0.029167
1 0.632943 0.530093 0.037240 0.033333
1 0.587500 0.517361 0.026562 0.036574
1 0.590365 0.539815 0.031250 0.037037
1 0.593620 0.554630 0.029948 0.038889
1 0.594271 0.580093 0.038021 0.037037
1 0.630599 0.542593 0.029427 0.035185
1 0.634766 0.558333 0.029427 0.039815
1 0.637500 0.583565 0.042188 0.036574
1 0.595443 0.597222 0.029948 0.036111
1 0.636719 0.619676 0.040625 0.051389
1 0.596615 0.617593 0.038021 0.034259
1 0.598047 0.636806 0.030469 0.035648
1 0.594141 0.657176 0.039323 0.038426
1 0.590365 0.681481 0.036979 0.039815
1 0.599219 0.700231 0.038021 0.043981
1 0.647396 0.684259 0.042708 0.048148
1 0.602865 0.725231 0.034375 0.035648
1 0.589844 0.845833 0.037500 0.058333
1 0.606120 0.869907 0.046094 0.046296
1 0.604818 0.898148 0.036719 0.048148
1 0.608594 0.936806 0.050000 0.051389
1 0.656771 0.862269 0.037500 0.043981
1 0.664844 0.887269 0.052604 0.051389
1 0.667448 0.928704 0.053125 0.049074
1 0.672396 0.970370 0.050521 0.054630
1 0.608594 0.986343 0.044271 0.027315
0 0.566667 0.193519 0.013021 0.035185
1 0.540625 0.170139 0.026042 0.027315
0 0.538672 0.148380 0.024219 0.031019
1 0.541146 0.136343 0.022396 0.028241
1 0.539193 0.115741 0.021094 0.024074
1 0.539714 0.104630 0.023698 0.026852
1 0.539193 0.093519 0.023177 0.025926
1 0.478646 0.009491 0.021354 0.018981
1 0.476172 0.015741 0.022656 0.024074
1 0.472917 0.023148 0.022917 0.024074
1 0.479948 0.034954 0.020833 0.025463
1 0.475521 0.041204 0.021875 0.026852
1 0.474219 0.046759 0.019271 0.023148
1 0.471224 0.053009 0.022656 0.027315
1 0.469271 0.068519 0.021354 0.028704
1 0.482292 0.081713 0.018750 0.024537
1 0.467448 0.086343 0.021875 0.029167
1 0.466276 0.095602 0.022656 0.027315
1 0.464974 0.105556 0.023698 0.028704
1 0.470443 0.121528 0.026302 0.028241
1 0.466927 0.128704 0.026562 0.027778
1 0.466667 0.139352 0.017708 0.024074
1 0.464323 0.159491 0.028125 0.029167
1 0.456771 0.166667 0.025000 0.029630
1 0.465495 0.169444 0.025781 0.027778
1 0.467448 0.181481 0.025521 0.025926
1 0.465625 0.193519 0.027604 0.028704
1 0.469271 0.206481 0.023438 0.027778
1 0.464323 0.223380 0.023958 0.034722
1 0.459375 0.236806 0.027604 0.031019
1 0.458594 0.249306 0.025521 0.029167
1 0.457422 0.256481 0.025781 0.029630
1 0.456641 0.265046 0.025260 0.030093
1 0.452344 0.275231 0.025521 0.040278
1 0.447396 0.294444 0.023958 0.028704
1 0.439974 0.313194 0.022656 0.036574
0 0.486068 0.354167 0.024740 0.021296
0 0.444922 0.339583 0.026823 0.031944
1 0.442969 0.351157 0.031250 0.034722
1 0.436719 0.374769 0.026562 0.030093
0 0.434245 0.388657 0.026823 0.029167
0 0.432292 0.397454 0.028646 0.031944
0 0.432422 0.406019 0.026823 0.031481
1 0.432943 0.420833 0.023698 0.028704
1 0.432552 0.431019 0.025000 0.027778
0 0.429948 0.442593 0.028125 0.033333
0 0.429167 0.453241 0.029687 0.033333
0 0.424219 0.465509 0.029167 0.034722
1 0.440495 0.497685 0.030469 0.036111
1 0.434896 0.521528 0.038021 0.036574
0 0.435026 0.537731 0.033594 0.033796
1 0.434896 0.551620 0.028646 0.033796
1 0.436198 0.566667 0.028646 0.031481
1 0.421224 0.585417 0.025260 0.043981
1 0.437500 0.592593 0.034375 0.044444
1 0.477995 0.611343 0.038802 0.043981
1 0.416667 0.611574 0.028646 0.037037
1 0.413021 0.635880 0.036979 0.042130
1 0.412500 0.667130 0.031250 0.036111
1 0.479818 0.654630 0.039323 0.044444
0 0.479818 0.698148 0.039323 0.047222
1 0.411068 0.687269 0.038281 0.043981
1 0.417448 0.708333 0.044271 0.044444
0 0.417839 0.732407 0.035677 0.044444
1 0.483594 0.734954 0.041667 0.043981
1 0.518490 0.758333 0.015625 0.060185
1 0.459245 0.768981 0.042969 0.043519
1 0.460417 0.796528 0.042188 0.044907
1 0.413021 0.759259 0.039583 0.046296
0 0.408073 0.781481 0.034375 0.050926
1 0.416146 0.824306 0.041146 0.065278
1 0.394922 0.852778 0.048177 0.049074
1 0.458724 0.843519 0.041927 0.050000
1 0.400521 0.893056 0.040625 0.049074
1 0.518750 0.819676 0.016667 0.063426
1 0.516797 0.889583 0.016927 0.093981
1 0.403125 0.927083 0.052604 0.055093
1 0.401042 0.965278 0.053125 0.048148
1 0.399219 0.986343 0.047396 0.027315
0 0.461719 0.985417 0.039583 0.029167
0 0.511198 0.986343 0.021354 0.027315
1 0.281641 0.887731 0.022656 0.042130
1 0.319922 0.723843 0.014844 0.028241
1 0.322396 0.707176 0.025000 0.024537
1 0.319401 0.690741 0.024740 0.036111
1 0.327474 0.667593 0.020052 0.028704
1 0.331771 0.644444 0.012500 0.022222
1 0.331641 0.626620 0.015365 0.025463
1 0.349089 0.565046 0.010677 0.018981
1 0.354818 0.531019 0.015365 0.023148
1 0.373698 0.408102 0.012500 0.021759
1 0.389974 0.289120 0.020052 0.025463
1 0.401172 0.227778 0.008594 0.013889
1 0.406771 0.215509 0.008854 0.015278
1 0.406250 0.197917 0.015625 0.018056
1 0.418620 0.116667 0.007552 0.013889
1 0.420573 0.097454 0.015104 0.018056
1 0.436849 0.014815 0.007552 0.014815
1 0.419922 0.074769 0.026302 0.025463
1 0.298047 0.873843 0.014844 0.028241
1 0.284896 0.845370 0.009375 0.028704
