1 0.806675 0.972312 0.042300 0.016667
1 0.801884 0.951075 0.047918 0.045161
1 0.781064 0.917204 0.049901 0.055914
1 0.794448 0.900806 0.047588 0.048925
1 0.786517 0.877688 0.047588 0.050000
0 0.780238 0.861828 0.039656 0.037634
1 0.762558 0.824194 0.044613 0.043011
1 0.765036 0.810753 0.044944 0.050538
1 0.759584 0.772312 0.043291 0.041398
1 0.756279 0.734409 0.041970 0.038710
1 0.755618 0.707258 0.035360 0.046774
1 0.746200 0.653495 0.038334 0.034946
1 0.742069 0.615591 0.036021 0.034409
1 0.741738 0.587903 0.039326 0.040323
1 0.743556 0.575000 0.033047 0.036022
1 0.742730 0.555108 0.022802 0.032796
1 0.734303 0.540860 0.024455 0.038710
1 0.727859 0.527419 0.030073 0.035484
1 0.728024 0.508333 0.031064 0.039247
0 0.727693 0.496237 0.027098 0.033333
1 0.725876 0.479839 0.030073 0.033871
1 0.717779 0.426075 0.031064 0.037097
1 0.691837 0.425269 0.013549 0.050538
1 0.672009 0.427151 0.016193 0.044624
1 0.658460 0.422043 0.015532 0.047312
1 0.668539 0.472043 0.012558 0.045161
1 0.531560 0.404839 0.010905 0.049462
1 0.559319 0.403763 0.012227 0.039785
1 0.574686 0.409946 0.021811 0.032796
1 0.582617 0.433065 0.029742 0.031720
1 0.621117 0.408602 0.030073 0.035484
1 0.618473 0.422043 0.031395 0.032258
0 0.581626 0.454570 0.030403 0.031720
1 0.584435 0.465054 0.025446 0.029032
1 0.579808 0.477957 0.032056 0.031183
1 0.623596 0.465054 0.036352 0.038710
1 0.618969 0.479839 0.027098 0.028495
1 0.622769 0.496774 0.036682 0.026882
1 0.630040 0.508602 0.039326 0.031183
1 0.583609 0.496505 0.030403 0.036022
1 0.583443 0.514516 0.027429 0.030108
1 0.625083 0.519086 0.026768 0.025269
1 0.626074 0.529301 0.031395 0.026344
1 0.625909 0.542742 0.035691 0.029570
1 0.582948 0.526075 0.025777 0.032796
1 0.584765 0.545968 0.030073 0.032796
1 0.587244 0.559409 0.029081 0.034946
1 0.586748 0.581989 0.036682 0.032796
1 0.623100 0.553495 0.028751 0.031720
1 0.626404 0.567742 0.028751 0.035484
1 0.628057 0.590323 0.040648 0.032258
1 0.587079 0.596774 0.028751 0.032258
1 0.625744 0.621774 0.039326 0.045699
1 0.587409 0.614785 0.036682 0.030645
1 0.587905 0.631989 0.029742 0.031720
1 0.583278 0.649462 0.037673 0.034409
1 0.578652 0.670161 0.035691 0.034946
1 0.586418 0.687634 0.036682 0.038710
1 0.633014 0.679570 0.041309 0.043011
1 0.588731 0.709946 0.033377 0.031720
1 0.571051 0.813978 0.036352 0.051613
1 0.585592 0.837097 0.044283 0.040860
1 0.583113 0.861559 0.035360 0.042473
1 0.585096 0.895968 0.047918 0.045699
1 0.634501 0.836828 0.036352 0.039247
1 0.641110 0.859677 0.050892 0.045161
1 0.641771 0.896237 0.050892 0.043011
1 0.644746 0.933333 0.048909 0.048387
1 0.583113 0.939516 0.042631 0.024194
0 0.576834 0.239785 0.012888 0.031183
1 0.553040 0.216129 0.025446 0.024731
0 0.552049 0.196774 0.023463 0.027957
1 0.554858 0.186828 0.021811 0.025269
1 0.553866 0.168280 0.020489 0.021505
1 0.554858 0.158871 0.023133 0.024194
1 0.554858 0.148925 0.022472 0.023656
1 0.500496 0.067742 0.020820 0.017204
1 0.498017 0.073118 0.021811 0.021505
1 0.494547 0.079032 0.022141 0.021505
1 0.500826 0.090323 0.020159 0.022581
1 0.496200 0.095161 0.021481 0.023656
1 0.494878 0.099731 0.018837 0.020968
1 0.491573 0.105108 0.022141 0.024194
1 0.489095 0.118280 0.020489 0.025806
1 0.500991 0.131452 0.018506 0.022043
1 0.486616 0.133602 0.021481 0.026344
1 0.484964 0.141667 0.022141 0.024194
1 0.483477 0.150269 0.023133 0.025269
1 0.487938 0.164785 0.025446 0.025269
1 0.484137 0.170699 0.025777 0.025269
1 0.483477 0.180108 0.017184 0.021505
1 0.480502 0.197312 0.027098 0.025806
1 0.472902 0.202688 0.024455 0.026882
1 0.481163 0.206183 0.025116 0.025269
1 0.482485 0.216935 0.024455 0.023118
1 0.480337 0.227419 0.026768 0.025806
1 0.483146 0.239247 0.022472 0.024731
1 0.477693 0.253226 0.023463 0.031183
1 0.472406 0.264516 0.026768 0.027957
1 0.471084 0.275269 0.024785 0.025806
1 0.469597 0.281452 0.025116 0.026344
1 0.468605 0.288710 0.024455 0.026882
1 0.464144 0.297312 0.024785 0.035484
1 0.458361 0.313441 0.023133 0.025806
1 0.450595 0.329032 0.022141 0.032258
0 0.492895 0.370430 0.024124 0.019355
0 0.454230 0.352419 0.026107 0.028495
1 0.451751 0.362634 0.030403 0.030645
1 0.444812 0.382258 0.025777 0.026882
0 0.441837 0.394355 0.025777 0.026344
0 0.439524 0.401882 0.027759 0.028495
0 0.439359 0.409140 0.026107 0.027957
1 0.439194 0.422312 0.023133 0.025269
1 0.438367 0.431183 0.024124 0.024731
0 0.435393 0.441129 0.027429 0.029570
0 0.434071 0.450269 0.028751 0.029570
0 0.428949 0.460484 0.028420 0.030645
1 0.442994 0.490591 0.029412 0.031720
1 0.436715 0.510753 0.036682 0.032258
0 0.436219 0.524731 0.032386 0.030108
1 0.435558 0.537097 0.027759 0.030108
1 0.435889 0.550538 0.027759 0.027957
1 0.421018 0.565054 0.024455 0.038710
1 0.436219 0.573387 0.033047 0.039247
1 0.474058 0.594892 0.037343 0.039247
1 0.415400 0.587366 0.027759 0.032796
1 0.410773 0.608065 0.035691 0.037634
1 0.409121 0.635484 0.030403 0.032258
1 0.474058 0.632796 0.038004 0.039785
0 0.472075 0.670968 0.038004 0.041935
1 0.406808 0.652957 0.037013 0.039247
1 0.411930 0.672312 0.042631 0.039247
0 0.411434 0.693280 0.034369 0.039247
1 0.474223 0.703763 0.040317 0.038710
1 0.506609 0.728763 0.015202 0.053226
1 0.449438 0.730645 0.041639 0.038710
1 0.449273 0.754839 0.040648 0.039785
1 0.405486 0.716129 0.038334 0.040860
0 0.399868 0.734946 0.033047 0.045161
1 0.405816 0.773656 0.039656 0.058065
1 0.384171 0.795968 0.046596 0.043548
1 0.445638 0.795699 0.040648 0.044086
1 0.387806 0.831989 0.039326 0.043548
1 0.504131 0.782258 0.016193 0.055914
1 0.499339 0.843011 0.016523 0.082796
1 0.388797 0.862097 0.050562 0.048925
1 0.385162 0.895161 0.051223 0.043011
1 0.382683 0.913441 0.045605 0.024731
0 0.442498 0.920430 0.038334 0.025806
0 0.489755 0.927419 0.020489 0.024731
1 0.274289 0.812366 0.021811 0.037634
1 0.317911 0.673387 0.014541 0.025269
1 0.321051 0.659409 0.024124 0.022043
1 0.318903 0.644624 0.023794 0.032258
1 0.327660 0.625269 0.019498 0.025806
1 0.332783 0.605645 0.012558 0.019892
1 0.333443 0.590054 0.015202 0.023118
1 0.352611 0.538172 0.010575 0.017204
1 0.359716 0.509140 0.014871 0.020430
1 0.383014 0.403763 0.012558 0.019355
1 0.403668 0.301613 0.019498 0.022581
1 0.417052 0.249462 0.008592 0.012903
1 0.423001 0.239247 0.008592 0.013978
1 0.423331 0.223656 0.015202 0.016129
1 0.438533 0.154301 0.007270 0.012903
1 0.441342 0.137634 0.014871 0.016129
1 0.460509 0.067473 0.007601 0.013441
1 0.441672 0.117742 0.025446 0.022581
1 0.290482 0.802419 0.014541 0.025269
1 0.279247 0.775806 0.009253 0.025806
