1 0.872135 0.990741 0.043750 0.018519
1 0.866276 0.967593 0.049740 0.050926
1 0.842839 0.931944 0.051823 0.062963
1 0.855859 0.911343 0.049219 0.055093
1 0.846354 0.886343 0.049479 0.056019
0 0.839063 0.869444 0.041146 0.042593
1 0.819010 0.829398 0.046354 0.048611
1 0.820703 0.813657 0.046615 0.056944
1 0.813151 0.770602 0.045052 0.046759
1 0.807813 0.728241 0.043229 0.043519
1 0.805729 0.697685 0.036458 0.052778
1 0.793229 0.637731 0.039583 0.039352
1 0.786979 0.595370 0.037500 0.038889
1 0.785286 0.564120 0.040885 0.044907
1 0.786328 0.549306 0.034115 0.040278
1 0.784635 0.526852 0.023438 0.037037
1 0.775130 0.511806 0.025260 0.043981
1 0.767708 0.497454 0.031250 0.040278
1 0.766927 0.475694 0.032292 0.043981
0 0.765885 0.462269 0.028125 0.037500
1 0.763281 0.443981 0.031250 0.037963
1 0.752083 0.384028 0.032292 0.042130
1 0.725130 0.386806 0.013802 0.056944
1 0.704557 0.391898 0.016406 0.050463
1 0.690234 0.388194 0.015885 0.053241
1 0.703255 0.443519 0.012760 0.050926
1 0.557682 0.387269 0.011198 0.056019
1 0.586458 0.381944 0.012500 0.044444
1 0.602734 0.386806 0.022656 0.036574
1 0.612109 0.411806 0.030990 0.035648
1 0.650781 0.378704 0.031250 0.039815
1 0.648828 0.393981 0.032552 0.036111
0 0.612109 0.436343 0.031510 0.035648
1 0.615625 0.447917 0.026042 0.031944
1 0.611458 0.463194 0.033333 0.034722
1 0.656380 0.442130 0.037760 0.043519
1 0.652214 0.459491 0.027865 0.031944
1 0.657031 0.478009 0.038021 0.030093
1 0.665234 0.490509 0.040885 0.034722
1 0.616406 0.483796 0.031250 0.040741
1 0.617057 0.504167 0.028385 0.034259
1 0.660677 0.503241 0.027604 0.028704
1 0.662109 0.514583 0.032552 0.029167
1 0.662630 0.530093 0.037240 0.033333
1 0.617188 0.517361 0.026562 0.036574
1 0.620052 0.539815 0.031250 0.037037
1 0.623307 0.554630 0.029948 0.038889
1 0.623958 0.580093 0.038021 0.037037
1 0.660286 0.542593 0.029427 0.035185
1 0.664453 0.558333 0.029427 0.039815
1 0.667188 0.583565 0.042188 0.036574
1 0.625130 0.597222 0.029948 0.036111
1 0.666406 0.619676 0.040625 0.051389
1 0.626302 0.617593 0.038021 0.034259
1 0.627734 0.636806 0.030469 0.035648
1 0.623828 0.657176 0.039323 0.038426
1 0.620052 0.681481 0.036979 0.039815
1 0.628906 0.700231 0.038021 0.043981
1 0.677083 0.684259 0.042708 0.048148
1 0.632552 0.725231 0.034375 0.035648
1 0.619531 0.845833 0.037500 0.058333
1 0.635807 0.869907 0.046094 0.046296
1 0.634505 0.898148 0.036719 0.048148
1 0.638281 0.936806 0.050000 0.051389
1 0.686458 0.862269 0.037500 0.043981
1 0.694531 0.887269 0.052604 0.051389
1 0.697135 0.928704 0.053125 0.049074
1 0.702083 0.970370 0.050521 0.054630
1 0.638281 0.986343 0.044271 0.027315
0 0.596354 0.193519 0.013021 0.035185
1 0.570312 0.170139 0.026042 0.027315
0 0.568359 0.148380 0.024219 0.031019
1 0.570833 0.136343 0.022396 0.028241
1 0.568880 0.115741 0.021094 0.024074
1 0.569401 0.104630 0.023698 0.026852
1 0.568880 0.093519 0.023177 0.025926
1 0.508333 0.009491 0.021354 0.018981
1 0.505859 0.015741 0.022656 0.024074
1 0.502604 0.023148 0.022917 0.024074
1 0.509635 0.034954 0.020833 0.025463
1 0.505208 0.041204 0.021875 0.026852
1 0.503906 0.046759 0.019271 0.023148
1 0.500911 0.053009 0.022656 0.027315
1 0.498958 0.068519 0.021354 0.028704
1 0.511979 0.081713 0.018750 0.024537
1 0.497135 0.086343 0.021875 0.029167
1 0.495964 0.095602 0.022656 0.027315
1 0.494661 0.105556 0.023698 0.028704
1 0.500130 0.121528 0.026302 0.028241
1 0.496615 0.128704 0.026562 0.027778
1 0.496354 0.139352 0.017708 0.024074
1 0.494010 0.159491 0.028125 0.029167
1 0.486458 0.166667 0.025000 0.029630
1 0.495182 0.169444 0.025781 0.027778
1 0.497135 0.181481 0.025521 0.025926
1 0.495312 0.193519 0.027604 0.028704
1 0.498958 0.206481 0.023438 0.027778
1 0.494010 0.223380 0.023958 0.034722
1 0.489063 0.236806 0.027604 0.031019
1 0.488281 0.249306 0.025521 0.029167
1 0.487109 0.256481 0.025781 0.029630
1 0.486328 0.265046 0.025260 0.030093
1 0.482031 0.275231 0.025521 0.040278
1 0.477083 0.294444 0.023958 0.028704
1 0.469661 0.313194 0.022656 0.036574
0 0.515755 0.354167 0.024740 0.021296
0 0.474609 0.339583 0.026823 0.031944
1 0.472656 0.351157 0.031250 0.034722
1 0.466406 0.374769 0.026562 0.030093
0 0.463932 0.388657 0.026823 0.029167
0 0.461979 0.397454 0.028646 0.031944
0 0.462109 0.406019 0.026823 0.031481
1 0.462630 0.420833 0.023698 0.028704
1 0.462240 0.431019 0.025000 0.027778
0 0.459635 0.442593 0.028125 0.033333
0 0.458854 0.453241 0.029687 0.033333
0 0.453906 0.465509 0.029167 0.034722
1 0.470182 0.497685 0.030469 0.036111
1 0.464583 0.521528 0.038021 0.036574
0 0.464714 0.537731 0.033594 0.033796
1 0.464583 0.551620 0.028646 0.033796
1 0.465885 0.566667 0.028646 0.031481
1 0.450911 0.585417 0.025260 0.043981
1 0.467187 0.592593 0.034375 0.044444
1 0.507682 0.611343 0.038802 0.043981
1 0.446354 0.611574 0.028646 0.037037
1 0.442708 0.635880 0.036979 0.042130
1 0.442188 0.667130 0.031250 0.036111
1 0.509505 0.654630 0.039323 0.044444
0 0.509505 0.698148 0.039323 0.047222
1 0.440755 0.687269 0.038281 0.043981
1 0.447135 0.708333 0.044271 0.044444
0 0.447526 0.732407 0.035677 0.044444
1 0.513281 0.734954 0.041667 0.043981
1 0.548177 0.758333 0.015625 0.060185
1 0.488932 0.768981 0.042969 0.043519
1 0.490104 0.796528 0.042188 0.044907
1 0.442708 0.759259 0.039583 0.046296
0 0.437760 0.781481 0.034375 0.050926
1 0.445833 0.824306 0.041146 0.065278
1 0.424609 0.852778 0.048177 0.049074
1 0.488411 0.843519 0.041927 0.050000
1 0.430208 0.893056 0.040625 0.049074
1 0.548438 0.819676 0.016667 0.063426
1 0.546484 0.889583 0.016927 0.093981
1 0.432812 0.927083 0.052604 0.055093
1 0.430729 0.965278 0.053125 0.048148
1 0.428906 0.986343 0.047396 0.027315
0 0.491406 0.985417 0.039583 0.029167
0 0.540885 0.986343 0.021354 0.027315
1 0.311328 0.887731 0.022656 0.042130
1 0.349609 0.723843 0.014844 0.028241
1 0.352083 0.707176 0.025000 0.024537
1 0.349089 0.690741 0.024740 0.036111
1 0.357161 0.667593 0.020052 0.028704
1 0.361458 0.644444 0.012500 0.022222
1 0.361328 0.626620 0.015365 0.025463
1 0.378776 0.565046 0.010677 0.018981
1 0.384505 0.531019 0.015365 0.023148
1 0.403385 0.408102 0.012500 0.021759
1 0.419661 0.289120 0.020052 0.025463
1 0.430859 0.227778 0.008594 0.013889
1 0.436458 0.215509 0.008854 0.015278
1 0.435937 0.197917 0.015625 0.018056
1 0.448307 0.116667 0.007552 0.013889
1 0.450260 0.097454 0.015104 0.018056
1 0.466536 0.014815 0.007552 0.014815
1 0.449609 0.074769 0.026302 0.025463
1 0.327734 0.873843 0.014844 0.028241
1 0.314583 0.845370 0.009375 0.028704
