1 0.176432 0.030093 0.051823 0.059259
1 0.174349 0.042593 0.052865 0.059259
1 0.183984 0.100231 0.050260 0.056944
1 0.190104 0.146528 0.047396 0.049537
1 0.194531 0.180324 0.041667 0.060648
1 0.209375 0.253935 0.043750 0.037500
1 0.216406 0.305093 0.040104 0.040741
1 0.221354 0.338657 0.041667 0.046759
1 0.218880 0.353704 0.036198 0.037037
1 0.222005 0.383333 0.026302 0.043519
1 0.232682 0.400694 0.026823 0.045833
1 0.240104 0.418056 0.034375 0.042593
1 0.241406 0.441667 0.033854 0.043519
0 0.243880 0.460417 0.030990 0.038426
1 0.246354 0.484491 0.033854 0.046759
1 0.259375 0.548843 0.033333 0.043981
1 0.288151 0.544907 0.013802 0.065741
1 0.310156 0.540046 0.018750 0.054167
1 0.325651 0.543519 0.015885 0.054630
1 0.311328 0.481481 0.011719 0.054630
1 0.367578 0.553704 0.033594 0.043519
1 0.369661 0.537269 0.035677 0.036574
1 0.360807 0.482407 0.039323 0.047222
1 0.365104 0.462269 0.030729 0.032870
1 0.358854 0.443750 0.040104 0.037500
1 0.350781 0.428935 0.044271 0.036574
1 0.355078 0.417130 0.029948 0.037037
1 0.354427 0.401157 0.034896 0.031944
1 0.353255 0.381019 0.041927 0.035185
1 0.355208 0.366204 0.031250 0.034259
1 0.350781 0.347917 0.033333 0.042130
1 0.345703 0.320833 0.045573 0.046296
1 0.347005 0.276620 0.042448 0.056019
1 0.334505 0.195602 0.049219 0.049537
1 0.390104 0.018750 0.028646 0.037500
1 0.382552 0.152778 0.038021 0.050000
1 0.388151 0.181944 0.045052 0.053704
1 0.397135 0.204167 0.039062 0.043519
1 0.393359 0.236111 0.042969 0.049074
1 0.389453 0.254630 0.032552 0.037963
1 0.390755 0.282870 0.042448 0.046296
1 0.391927 0.302083 0.031250 0.042130
1 0.394010 0.325231 0.042708 0.047685
1 0.394531 0.350694 0.032813 0.043056
1 0.399349 0.371065 0.036198 0.039352
1 0.401432 0.396528 0.028385 0.036574
1 0.401953 0.412731 0.028906 0.034722
1 0.403255 0.436343 0.033594 0.044907
1 0.410026 0.461343 0.034115 0.043056
1 0.405729 0.476620 0.028646 0.031944
0 0.408854 0.490509 0.034375 0.037500
1 0.409505 0.520370 0.033594 0.040741
1 0.418880 0.547454 0.025781 0.043981
1 0.435807 0.551157 0.012240 0.048611
1 0.466406 0.544907 0.014583 0.060185
0 0.427604 0.774769 0.008854 0.039352
1 0.454427 0.792593 0.027604 0.036111
1 0.457552 0.812731 0.027604 0.031019
1 0.455078 0.827083 0.022656 0.031019
1 0.457031 0.850694 0.021875 0.029167
1 0.456380 0.860648 0.023698 0.025926
1 0.456510 0.873380 0.023958 0.028241
1 0.505078 0.988194 0.020573 0.022685
1 0.521224 0.988657 0.020052 0.021759
1 0.521484 0.981481 0.020052 0.022222
1 0.521224 0.967593 0.020052 0.022222
1 0.519010 0.956481 0.016146 0.021296
1 0.528776 0.954861 0.020052 0.027315
1 0.523958 0.948843 0.018229 0.026389
0 0.533984 0.943519 0.015885 0.020370
1 0.515885 0.934954 0.016146 0.022685
1 0.523698 0.929398 0.020313 0.026389
1 0.525130 0.924306 0.020573 0.023611
1 0.527604 0.916898 0.021875 0.027315
1 0.528385 0.899306 0.019271 0.026389
1 0.517057 0.886111 0.018490 0.025000
1 0.530208 0.880093 0.019271 0.029630
1 0.533073 0.871296 0.022917 0.026852
1 0.532682 0.862731 0.021615 0.027315
1 0.529427 0.843056 0.026562 0.030556
1 0.533203 0.833333 0.026823 0.029630
1 0.533984 0.818056 0.020573 0.028704
1 0.534635 0.799769 0.027604 0.029167
1 0.543880 0.793519 0.026302 0.032407
1 0.533203 0.789815 0.027865 0.026852
1 0.532031 0.777083 0.027083 0.031019
1 0.533203 0.764120 0.027865 0.029167
1 0.529427 0.749306 0.025000 0.029167
1 0.535156 0.731019 0.024479 0.034259
1 0.540625 0.717130 0.028125 0.034259
1 0.540755 0.705556 0.024740 0.032407
1 0.541406 0.695370 0.025521 0.032407
1 0.543880 0.681944 0.026302 0.027778
1 0.547656 0.670833 0.028125 0.040741
1 0.553125 0.651157 0.023958 0.031019
1 0.560807 0.628241 0.023177 0.036111
0 0.555729 0.600694 0.028646 0.033796
1 0.557682 0.585648 0.032552 0.034259
0 0.511979 0.584259 0.025521 0.025000
1 0.564974 0.561806 0.029427 0.033796
0 0.567578 0.546991 0.029427 0.033796
0 0.569010 0.535648 0.030208 0.036111
0 0.569401 0.524769 0.029948 0.034722
1 0.568359 0.510880 0.026302 0.034722
1 0.569010 0.496065 0.027083 0.035648
0 0.571875 0.484491 0.031250 0.036574
0 0.572526 0.471759 0.032031 0.037037
0 0.578255 0.458333 0.032031 0.039815
1 0.560156 0.418981 0.033333 0.037963
1 0.566536 0.392361 0.040365 0.039352
0 0.566536 0.373380 0.036198 0.037500
1 0.566927 0.356481 0.031250 0.042593
1 0.565234 0.340972 0.031510 0.036574
1 0.580859 0.315509 0.028906 0.043981
1 0.564453 0.307870 0.037240 0.046296
1 0.586849 0.286343 0.032552 0.039352
1 0.590755 0.256481 0.039844 0.045370
1 0.520182 0.285880 0.042448 0.043981
1 0.518099 0.233333 0.044010 0.044444
0 0.518099 0.181944 0.043490 0.050926
1 0.590755 0.221759 0.034115 0.044444
1 0.592708 0.198843 0.042708 0.045833
1 0.586458 0.170139 0.048438 0.048611
0 0.586328 0.140741 0.039844 0.046296
1 0.513281 0.137731 0.045833 0.044907
1 0.590755 0.109491 0.045052 0.049537
0 0.597656 0.080556 0.040625 0.053704
1 0.540104 0.093056 0.047396 0.044444
1 0.539062 0.062731 0.047396 0.047685
1 0.588802 0.030093 0.044792 0.052778
1 0.600781 0.014583 0.022396 0.029167
1 0.540755 0.018056 0.041406 0.035185
1 0.757812 0.188657 0.026042 0.041204
1 0.707031 0.149769 0.046354 0.031944
1 0.691927 0.126157 0.022396 0.022685
1 0.698958 0.110185 0.015625 0.023148
1 0.687500 0.166898 0.018750 0.022685
1 0.686979 0.215509 0.028125 0.031944
1 0.673828 0.269907 0.019010 0.030556
1 0.685807 0.196991 0.016406 0.024537
1 0.622005 0.614815 0.016927 0.027778
1 0.627734 0.659722 0.024219 0.034259
1 0.596875 0.743981 0.012500 0.025926
1 0.584375 0.836343 0.010937 0.019907
1 0.588411 0.859722 0.024740 0.024074
1 0.542578 0.988657 0.011719 0.021759
1 0.729427 0.076620 0.021354 0.029167
1 0.718880 0.030556 0.028906 0.031481
1 0.665625 0.334722 0.019271 0.027778
0 0.639062 0.491204 0.011979 0.019444
1 0.627604 0.595833 0.018750 0.021296
1 0.629557 0.583333 0.015885 0.020370
1 0.603255 0.716204 0.013281 0.027778
