1 0.823568 0.969907 0.051823 0.059259
1 0.825651 0.957407 0.052865 0.059259
1 0.816016 0.899769 0.050260 0.056944
1 0.809896 0.853472 0.047396 0.049537
1 0.805469 0.819676 0.041667 0.060648
1 0.790625 0.746065 0.043750 0.037500
1 0.783594 0.694907 0.040104 0.040741
1 0.778646 0.661343 0.041667 0.046759
1 0.781120 0.646296 0.036198 0.037037
1 0.777995 0.616667 0.026302 0.043519
1 0.767318 0.599306 0.026823 0.045833
1 0.759896 0.581944 0.034375 0.042593
1 0.758594 0.558333 0.033854 0.043519
0 0.756120 0.539583 0.030990 0.038426
1 0.753646 0.515509 0.033854 0.046759
1 0.740625 0.451157 0.033333 0.043981
1 0.711849 0.455093 0.013802 0.065741
1 0.689844 0.459954 0.018750 0.054167
1 0.674349 0.456481 0.015885 0.054630
1 0.688672 0.518519 0.011719 0.054630
1 0.632422 0.446296 0.033594 0.043519
1 0.630339 0.462731 0.035677 0.036574
1 0.639193 0.517593 0.039323 0.047222
1 0.634896 0.537731 0.030729 0.032870
1 0.641146 0.556250 0.040104 0.037500
1 0.649219 0.571065 0.044271 0.036574
1 0.644922 0.582870 0.029948 0.037037
1 0.645573 0.598843 0.034896 0.031944
1 0.646745 0.618981 0.041927 0.035185
1 0.644792 0.633796 0.031250 0.034259
1 0.649219 0.652083 0.033333 0.042130
1 0.654297 0.679167 0.045573 0.046296
1 0.652995 0.723380 0.042448 0.056019
1 0.665495 0.804398 0.049219 0.049537
1 0.609896 0.981250 0.028646 0.037500
1 0.617448 0.847222 0.038021 0.050000
1 0.611849 0.818056 0.045052 0.053704
1 0.602865 0.795833 0.039062 0.043519
1 0.606641 0.763889 0.042969 0.049074
1 0.610547 0.745370 0.032552 0.037963
1 0.609245 0.717130 0.042448 0.046296
1 0.608073 0.697917 0.031250 0.042130
1 0.605990 0.674769 0.042708 0.047685
1 0.605469 0.649306 0.032813 0.043056
1 0.600651 0.628935 0.036198 0.039352
1 0.598568 0.603472 0.028385 0.036574
1 0.598047 0.587269 0.028906 0.034722
1 0.596745 0.563657 0.033594 0.044907
1 0.589974 0.538657 0.034115 0.043056
1 0.594271 0.523380 0.028646 0.031944
0 0.591146 0.509491 0.034375 0.037500
1 0.590495 0.479630 0.033594 0.040741
1 0.581120 0.452546 0.025781 0.043981
1 0.564193 0.448843 0.012240 0.048611
1 0.533594 0.455093 0.014583 0.060185
0 0.572396 0.225231 0.008854 0.039352
1 0.545573 0.207407 0.027604 0.036111
1 0.542448 0.187269 0.027604 0.031019
1 0.544922 0.172917 0.022656 0.031019
1 0.542969 0.149306 0.021875 0.029167
1 0.543620 0.139352 0.023698 0.025926
1 0.543490 0.126620 0.023958 0.028241
1 0.494922 0.011806 0.020573 0.022685
1 0.478776 0.011343 0.020052 0.021759
1 0.478516 0.018519 0.020052 0.022222
1 0.478776 0.032407 0.020052 0.022222
1 0.480990 0.043519 0.016146 0.021296
1 0.471224 0.045139 0.020052 0.027315
1 0.476042 0.051157 0.018229 0.026389
0 0.466016 0.056481 0.015885 0.020370
1 0.484115 0.065046 0.016146 0.022685
1 0.476302 0.070602 0.020313 0.026389
1 0.474870 0.075694 0.020573 0.023611
1 0.472396 0.083102 0.021875 0.027315
1 0.471615 0.100694 0.019271 0.026389
1 0.482943 0.113889 0.018490 0.025000
1 0.469792 0.119907 0.019271 0.029630
1 0.466927 0.128704 0.022917 0.026852
1 0.467318 0.137269 0.021615 0.027315
1 0.470573 0.156944 0.026562 0.030556
1 0.466797 0.166667 0.026823 0.029630
1 0.466016 0.181944 0.020573 0.028704
1 0.465365 0.200231 0.027604 0.029167
1 0.456120 0.206481 0.026302 0.032407
1 0.466797 0.210185 0.027865 0.026852
1 0.467969 0.222917 0.027083 0.031019
1 0.466797 0.235880 0.027865 0.029167
1 0.470573 0.250694 0.025000 0.029167
1 0.464844 0.268981 0.024479 0.034259
1 0.459375 0.282870 0.028125 0.034259
1 0.459245 0.294444 0.024740 0.032407
1 0.458594 0.304630 0.025521 0.032407
1 0.456120 0.318056 0.026302 0.027778
1 0.452344 0.329167 0.028125 0.040741
1 0.446875 0.348843 0.023958 0.031019
1 0.439193 0.371759 0.023177 0.036111
0 0.444271 0.399306 0.028646 0.033796
1 0.442318 0.414352 0.032552 0.034259
0 0.488021 0.415741 0.025521 0.025000
1 0.435026 0.438194 0.029427 0.033796
0 0.432422 0.453009 0.029427 0.033796
0 0.430990 0.464352 0.030208 0.036111
0 0.430599 0.475231 0.029948 0.034722
1 0.431641 0.489120 0.026302 0.034722
1 0.430990 0.503935 0.027083 0.035648
0 0.428125 0.515509 0.031250 0.036574
0 0.427474 0.528241 0.032031 0.037037
0 0.421745 0.541667 0.032031 0.039815
1 0.439844 0.581019 0.033333 0.037963
1 0.433464 0.607639 0.040365 0.039352
0 0.433464 0.626620 0.036198 0.037500
1 0.433073 0.643519 0.031250 0.042593
1 0.434766 0.659028 0.031510 0.036574
1 0.419141 0.684491 0.028906 0.043981
1 0.435547 0.692130 0.037240 0.046296
1 0.413151 0.713657 0.032552 0.039352
1 0.409245 0.743519 0.039844 0.045370
1 0.479818 0.714120 0.042448 0.043981
1 0.481901 0.766667 0.044010 0.044444
0 0.481901 0.818056 0.043490 0.050926
1 0.409245 0.778241 0.034115 0.044444
1 0.407292 0.801157 0.042708 0.045833
1 0.413542 0.829861 0.048438 0.048611
0 0.413672 0.859259 0.039844 0.046296
1 0.486719 0.862269 0.045833 0.044907
1 0.409245 0.890509 0.045052 0.049537
0 0.402344 0.919444 0.040625 0.053704
1 0.459896 0.906944 0.047396 0.044444
1 0.460938 0.937269 0.047396 0.047685
1 0.411198 0.969907 0.044792 0.052778
1 0.399219 0.985417 0.022396 0.029167
1 0.459245 0.981944 0.041406 0.035185
1 0.242188 0.811343 0.026042 0.041204
1 0.292969 0.850231 0.046354 0.031944
1 0.308073 0.873843 0.022396 0.022685
1 0.301042 0.889815 0.015625 0.023148
1 0.312500 0.833102 0.018750 0.022685
1 0.313021 0.784491 0.028125 0.031944
1 0.326172 0.730093 0.019010 0.030556
1 0.314193 0.803009 0.016406 0.024537
1 0.377995 0.385185 0.016927 0.027778
1 0.372266 0.340278 0.024219 0.034259
1 0.403125 0.256019 0.012500 0.025926
1 0.415625 0.163657 0.010937 0.019907
1 0.411589 0.140278 0.024740 0.024074
1 0.457422 0.011343 0.011719 0.021759
1 0.270573 0.923380 0.021354 0.029167
1 0.281120 0.969444 0.028906 0.031481
1 0.334375 0.665278 0.019271 0.027778
0 0.360938 0.508796 0.011979 0.019444
1 0.372396 0.404167 0.018750 0.021296
1 0.370443 0.416667 0.015885 0.020370
1 0.396745 0.283796 0.013281 0.027778
