1 0.171121 0.116790 0.049983 0.053113
1 0.169733 0.128212 0.051371 0.053113
1 0.181014 0.178184 0.048941 0.051399
1 0.188650 0.219018 0.046165 0.045117
1 0.194203 0.248715 0.040611 0.054255
1 0.211211 0.312678 0.042694 0.033695
1 0.219889 0.357510 0.039222 0.036551
1 0.225963 0.386636 0.040264 0.042262
1 0.224054 0.400628 0.035057 0.033695
1 0.228046 0.426328 0.025686 0.039406
1 0.239153 0.440891 0.026380 0.041119
1 0.246789 0.455454 0.033322 0.038264
1 0.249045 0.476299 0.032975 0.038835
0 0.252169 0.492576 0.030198 0.034837
1 0.255293 0.513992 0.032975 0.042262
1 0.270392 0.569960 0.032628 0.039977
1 0.297987 0.563107 0.013537 0.059395
1 0.318813 0.556539 0.018396 0.048544
1 0.333912 0.557967 0.015967 0.049115
1 0.317772 0.504283 0.011454 0.049115
1 0.374523 0.562250 0.032628 0.039406
1 0.375911 0.547687 0.034710 0.033124
1 0.365498 0.499429 0.038181 0.042833
1 0.368969 0.481154 0.029851 0.030268
1 0.362027 0.465448 0.038875 0.034266
1 0.353870 0.452884 0.042694 0.033124
1 0.357515 0.442033 0.029157 0.033124
1 0.356300 0.428041 0.033669 0.029126
1 0.354391 0.410051 0.040958 0.031982
1 0.355779 0.396630 0.030545 0.031411
1 0.350746 0.380925 0.032280 0.037693
1 0.344846 0.357224 0.044082 0.041690
1 0.344498 0.317818 0.041305 0.050828
1 0.329400 0.247002 0.047900 0.045117
1 0.376432 0.083381 0.028115 0.034266
1 0.374176 0.203598 0.036793 0.045117
1 0.380771 0.229012 0.043735 0.047973
1 0.390142 0.247573 0.038181 0.039406
1 0.387713 0.276699 0.041652 0.043975
1 0.384589 0.293547 0.031933 0.034266
1 0.386845 0.318389 0.041305 0.041690
1 0.388754 0.335523 0.030545 0.038264
1 0.391531 0.356082 0.041652 0.042833
1 0.392919 0.378641 0.031933 0.038835
1 0.398473 0.396345 0.035404 0.035408
1 0.401423 0.418618 0.027421 0.033124
1 0.402464 0.433181 0.028115 0.031411
1 0.404721 0.453741 0.032628 0.040548
1 0.412010 0.475443 0.033322 0.039406
1 0.408539 0.489720 0.027768 0.029126
0 0.412010 0.501713 0.033322 0.033695
1 0.413745 0.527984 0.032628 0.037122
1 0.423811 0.551114 0.024991 0.039977
1 0.440299 0.552541 0.012149 0.043975
1 0.469455 0.543975 0.014231 0.054255
0 0.440646 0.752713 0.008678 0.035408
1 0.467199 0.765563 0.027074 0.032553
1 0.470843 0.783267 0.026727 0.027984
1 0.468934 0.796402 0.022215 0.027984
1 0.471711 0.817247 0.021520 0.026271
1 0.471538 0.826099 0.023256 0.023415
1 0.472232 0.837521 0.023256 0.025700
1 0.523082 0.934323 0.020132 0.020560
1 0.538702 0.932895 0.019438 0.019989
1 0.538702 0.926613 0.019438 0.019989
1 0.538008 0.914335 0.019438 0.020560
1 0.535404 0.904626 0.015620 0.019417
1 0.544776 0.902342 0.019785 0.025128
1 0.539917 0.897202 0.017702 0.023986
0 0.549288 0.891491 0.015620 0.018275
1 0.531586 0.885780 0.015620 0.020560
1 0.538875 0.880069 0.019785 0.023986
1 0.540090 0.875500 0.020132 0.021702
1 0.542173 0.868646 0.021520 0.025128
1 0.542346 0.852656 0.019091 0.023986
1 0.530892 0.842376 0.018396 0.022844
1 0.543388 0.835237 0.019091 0.026842
1 0.545817 0.827242 0.022562 0.024557
1 0.545123 0.819532 0.021173 0.025128
1 0.541305 0.802684 0.026033 0.027984
1 0.544429 0.793547 0.026033 0.026842
1 0.544603 0.779555 0.020132 0.026271
1 0.544603 0.763278 0.027074 0.026842
1 0.553280 0.756710 0.025686 0.029697
1 0.542867 0.754712 0.027074 0.024557
1 0.541132 0.743575 0.026380 0.028555
1 0.541826 0.731868 0.027074 0.026842
1 0.537661 0.719018 0.024297 0.026271
1 0.542694 0.702170 0.023950 0.031411
1 0.547206 0.689035 0.027421 0.031411
1 0.547032 0.678755 0.024297 0.029126
1 0.547206 0.669617 0.024644 0.029126
1 0.549115 0.657339 0.025686 0.025128
1 0.552412 0.647059 0.027421 0.036551
1 0.556925 0.629069 0.023256 0.027984
1 0.563520 0.607653 0.022562 0.033124
0 0.557445 0.583666 0.027768 0.030840
1 0.558834 0.570246 0.031933 0.031411
0 0.514752 0.573958 0.024991 0.022844
1 0.564908 0.548258 0.028809 0.030840
0 0.566991 0.534552 0.028809 0.030840
0 0.567858 0.524557 0.029157 0.032553
0 0.567858 0.514849 0.029157 0.031411
1 0.566470 0.502284 0.025686 0.031411
1 0.566470 0.489149 0.026380 0.032553
0 0.568726 0.478584 0.030198 0.033124
0 0.568900 0.466876 0.031239 0.033695
0 0.573759 0.454312 0.031239 0.035979
1 0.555016 0.421473 0.032628 0.034266
1 0.560049 0.396916 0.039222 0.035408
0 0.559354 0.380069 0.035057 0.033695
1 0.559181 0.364934 0.030545 0.038835
1 0.556925 0.351228 0.030892 0.033124
1 0.571156 0.326956 0.028115 0.039406
1 0.555016 0.321816 0.036099 0.041690
1 0.575668 0.300400 0.031586 0.035408
1 0.578445 0.273272 0.038528 0.040548
1 0.511454 0.307253 0.041305 0.039977
1 0.507636 0.260423 0.042694 0.039977
0 0.505727 0.214734 0.042346 0.045688
1 0.577057 0.242433 0.032975 0.040548
1 0.578098 0.221873 0.041305 0.041690
1 0.571156 0.196745 0.046859 0.043975
0 0.569767 0.170474 0.038528 0.041690
1 0.499479 0.176185 0.044429 0.040548
1 0.573065 0.142204 0.043735 0.044546
0 0.578445 0.115648 0.039222 0.048544
1 0.523603 0.133067 0.046165 0.039977
1 0.521347 0.106511 0.045817 0.042833
1 0.568032 0.071673 0.043388 0.047401
1 0.579139 0.056825 0.021867 0.026842
1 0.521347 0.066248 0.040264 0.031982
1 0.736723 0.194746 0.025338 0.037693
1 0.686394 0.165620 0.044776 0.028555
1 0.670948 0.146202 0.022215 0.020560
1 0.677195 0.131068 0.015272 0.021131
1 0.668344 0.183038 0.018396 0.021131
1 0.669386 0.226442 0.027421 0.029126
1 0.658799 0.276128 0.018743 0.027984
1 0.667650 0.209880 0.016314 0.022273
1 0.621833 0.589092 0.016314 0.025700
1 0.628948 0.628498 0.023603 0.031411
1 0.602395 0.707025 0.012149 0.023986
1 0.593891 0.790405 0.011107 0.018275
1 0.598577 0.810965 0.023950 0.021702
1 0.559354 0.930611 0.011454 0.019989
1 0.705311 0.097944 0.020826 0.026842
1 0.693336 0.058252 0.028115 0.028555
1 0.653419 0.334666 0.019091 0.025128
0 0.633634 0.477156 0.012149 0.017704
1 0.626345 0.571673 0.018396 0.019417
1 0.628081 0.560251 0.015620 0.018275
1 0.607428 0.681325 0.013190 0.025128
