1 0.827979 0.102035 0.050434 0.054097
1 0.829586 0.113551 0.051719 0.054633
1 0.818664 0.165238 0.049149 0.051955
1 0.811115 0.206749 0.046258 0.046063
1 0.805814 0.237279 0.040797 0.055704
1 0.789110 0.302625 0.042724 0.034280
1 0.780919 0.348688 0.039190 0.037493
1 0.774976 0.378682 0.040797 0.042849
1 0.777064 0.392608 0.035336 0.034280
1 0.773049 0.419122 0.026020 0.040171
1 0.762287 0.434119 0.026341 0.042314
1 0.754417 0.449116 0.033730 0.039100
1 0.752490 0.470541 0.033087 0.040171
0 0.749598 0.487413 0.030517 0.035351
1 0.746386 0.509106 0.033087 0.043385
1 0.731770 0.566417 0.032766 0.040171
1 0.703983 0.560257 0.013813 0.059989
1 0.682942 0.553562 0.018632 0.049813
1 0.667684 0.555437 0.015740 0.050348
1 0.683585 0.500268 0.011564 0.050348
1 0.626727 0.561061 0.032766 0.040171
1 0.625281 0.546063 0.035014 0.033744
1 0.635400 0.496786 0.038548 0.043385
1 0.631866 0.478040 0.030196 0.030530
1 0.638612 0.461971 0.039190 0.034815
1 0.646804 0.449116 0.043367 0.033744
1 0.642949 0.438136 0.029232 0.034280
1 0.644073 0.423407 0.034051 0.029459
1 0.645840 0.405196 0.040797 0.032673
1 0.644555 0.391805 0.030517 0.031601
1 0.649213 0.375469 0.032766 0.038565
1 0.654995 0.351366 0.044330 0.042849
1 0.655156 0.310927 0.041439 0.051955
1 0.669772 0.238350 0.048185 0.046063
1 0.621105 0.072576 0.027947 0.034815
1 0.624478 0.194965 0.037263 0.046063
1 0.618214 0.221210 0.044009 0.049277
1 0.608738 0.240493 0.037906 0.039636
1 0.611468 0.269952 0.042082 0.044992
1 0.614680 0.287092 0.031802 0.035351
1 0.612432 0.312801 0.041439 0.042849
1 0.610826 0.329941 0.030517 0.038565
1 0.608095 0.350830 0.041760 0.043921
1 0.606810 0.373862 0.032123 0.039636
1 0.601510 0.392073 0.035657 0.036422
1 0.598619 0.414837 0.027947 0.033744
1 0.597816 0.429566 0.028269 0.032137
1 0.595728 0.451259 0.033087 0.041243
1 0.588500 0.473219 0.033408 0.040171
1 0.592194 0.487681 0.027947 0.029459
0 0.588660 0.500000 0.033730 0.034815
1 0.587215 0.527049 0.032766 0.037493
1 0.577096 0.550616 0.025377 0.040707
1 0.560553 0.552491 0.012207 0.044456
1 0.531160 0.543921 0.014456 0.055169
0 0.561837 0.756829 0.008995 0.036422
1 0.535336 0.770487 0.027305 0.033744
1 0.531642 0.788431 0.026984 0.028923
1 0.533569 0.801821 0.022486 0.028923
1 0.530999 0.822978 0.021844 0.027317
1 0.531320 0.832084 0.023129 0.024103
1 0.530838 0.843867 0.023450 0.026245
1 0.480244 0.943760 0.020559 0.021425
1 0.464504 0.942689 0.019916 0.020354
1 0.464504 0.935994 0.019916 0.020889
1 0.465146 0.923674 0.019916 0.020889
1 0.467716 0.913498 0.016062 0.019818
1 0.458240 0.911355 0.019595 0.025174
1 0.463219 0.906267 0.017989 0.024638
0 0.453421 0.900375 0.015740 0.019282
1 0.471410 0.894483 0.015740 0.021425
1 0.463861 0.888591 0.019916 0.024638
1 0.462737 0.884039 0.020238 0.021960
1 0.460488 0.876808 0.021523 0.025710
1 0.460328 0.860739 0.019274 0.024638
1 0.471731 0.849759 0.018310 0.023032
1 0.459203 0.843332 0.018953 0.027317
1 0.456633 0.835029 0.022808 0.024638
1 0.457276 0.827263 0.021523 0.025174
1 0.461131 0.809588 0.026020 0.028388
1 0.457758 0.800482 0.026341 0.027317
1 0.457276 0.786288 0.020238 0.026781
1 0.457276 0.769684 0.027305 0.026781
1 0.448442 0.763257 0.025699 0.029995
1 0.458882 0.760846 0.027305 0.025174
1 0.460488 0.749330 0.026662 0.028923
1 0.459846 0.737547 0.027305 0.026781
1 0.463861 0.724424 0.024414 0.027317
1 0.458882 0.707284 0.024093 0.031601
1 0.453903 0.693894 0.027626 0.031601
1 0.454224 0.683449 0.024414 0.029995
1 0.453903 0.674344 0.025056 0.029995
1 0.451976 0.661757 0.025699 0.026245
1 0.448603 0.651312 0.027305 0.037493
1 0.443784 0.632833 0.023450 0.028388
1 0.437038 0.611409 0.022808 0.033744
0 0.442820 0.586770 0.027947 0.031601
1 0.441535 0.572844 0.031802 0.031601
0 0.485705 0.575790 0.025056 0.023567
1 0.435111 0.550616 0.028590 0.031066
0 0.433023 0.536958 0.028911 0.031601
0 0.432059 0.526513 0.029553 0.033208
0 0.431898 0.516336 0.029232 0.032137
1 0.433344 0.504017 0.025699 0.032137
1 0.433183 0.490359 0.026662 0.032673
0 0.430774 0.479646 0.030838 0.033744
0 0.430453 0.468131 0.031481 0.034280
0 0.425313 0.455276 0.031481 0.036422
1 0.444105 0.421264 0.032445 0.034815
1 0.438644 0.396358 0.039512 0.036422
0 0.439447 0.378950 0.035336 0.034815
1 0.439447 0.363685 0.030838 0.039636
1 0.441696 0.349759 0.030838 0.034280
1 0.427241 0.325121 0.028269 0.040707
1 0.443302 0.319764 0.036621 0.042849
1 0.422261 0.298340 0.031802 0.036422
1 0.419370 0.270487 0.038869 0.041778
1 0.486829 0.303696 0.041439 0.040707
1 0.490524 0.256026 0.043045 0.040707
0 0.492130 0.209427 0.042403 0.047134
1 0.420495 0.239154 0.033408 0.041243
1 0.419210 0.217997 0.041760 0.041778
1 0.426116 0.192555 0.047221 0.044456
0 0.427241 0.165774 0.039190 0.042314
1 0.498073 0.169523 0.044651 0.041243
1 0.423868 0.136851 0.044009 0.045528
0 0.418085 0.109802 0.039512 0.049277
1 0.473498 0.126674 0.046258 0.041243
1 0.475426 0.099089 0.046258 0.043921
1 0.428204 0.065078 0.043688 0.048741
1 0.417122 0.049813 0.022165 0.026781
1 0.475104 0.058115 0.040475 0.032673
1 0.259557 0.193894 0.025699 0.037493
1 0.309830 0.163096 0.045294 0.029459
1 0.325249 0.143010 0.022165 0.021425
1 0.318985 0.128013 0.015419 0.021425
1 0.328301 0.180503 0.018632 0.021425
1 0.327337 0.224692 0.027626 0.029459
1 0.338420 0.275576 0.018953 0.028388
1 0.329104 0.208088 0.016383 0.023032
1 0.378092 0.593465 0.016704 0.025710
1 0.371346 0.633905 0.023771 0.031601
1 0.398651 0.713176 0.012207 0.024103
1 0.407967 0.798340 0.010922 0.018747
1 0.403309 0.819497 0.024093 0.022496
1 0.443945 0.940546 0.011564 0.020354
1 0.290395 0.094537 0.021201 0.027317
1 0.301960 0.053562 0.028269 0.028923
1 0.344523 0.335029 0.018953 0.026245
0 0.365403 0.479914 0.011886 0.018211
1 0.373273 0.576058 0.018632 0.019818
1 0.371828 0.564274 0.015740 0.018747
1 0.393350 0.687734 0.013171 0.025710
