1 0.175206 0.947220 0.051594 0.058089
1 0.173235 0.935041 0.052669 0.058713
1 0.183447 0.879450 0.050161 0.056215
1 0.189896 0.834478 0.047295 0.048720
1 0.194554 0.801686 0.041562 0.059338
1 0.209961 0.730793 0.043712 0.037477
1 0.217485 0.681137 0.040129 0.040600
1 0.222501 0.648969 0.041562 0.046221
1 0.220172 0.633979 0.036188 0.036227
1 0.223576 0.605559 0.026514 0.043098
1 0.234325 0.589007 0.027230 0.044972
1 0.241849 0.572142 0.034396 0.042473
1 0.243282 0.549344 0.033680 0.043098
0 0.245969 0.531230 0.031172 0.038101
1 0.248656 0.507808 0.033680 0.046221
1 0.262092 0.445659 0.033321 0.043098
1 0.290756 0.450344 0.013973 0.064959
1 0.312254 0.455653 0.018990 0.053092
1 0.327660 0.452842 0.016123 0.053716
1 0.312970 0.512804 0.011824 0.053716
1 0.369402 0.444097 0.033680 0.042473
1 0.371193 0.460025 0.035829 0.035603
1 0.362057 0.513117 0.039054 0.046846
1 0.366177 0.532792 0.030813 0.032480
1 0.359728 0.550593 0.040129 0.036852
1 0.351666 0.564647 0.044070 0.036227
1 0.355786 0.576202 0.030097 0.036852
1 0.354891 0.591818 0.034755 0.031855
1 0.353458 0.611493 0.041920 0.034978
1 0.355428 0.625859 0.031530 0.033729
1 0.350949 0.643348 0.033321 0.041224
1 0.345575 0.669894 0.045503 0.045597
1 0.346471 0.712680 0.042279 0.054966
1 0.333393 0.790756 0.049086 0.048720
1 0.386779 0.964397 0.029022 0.037477
1 0.380509 0.833854 0.037979 0.048720
1 0.386421 0.805746 0.044787 0.052467
1 0.395378 0.784197 0.039054 0.043098
1 0.391974 0.753279 0.042995 0.048720
1 0.388212 0.735166 0.032605 0.037477
1 0.389824 0.707995 0.042279 0.045597
1 0.391258 0.689257 0.031530 0.041849
1 0.393587 0.666771 0.042637 0.046846
1 0.394124 0.642099 0.032963 0.042473
1 0.399319 0.622111 0.036188 0.038726
1 0.401469 0.597751 0.028305 0.036227
1 0.402186 0.581824 0.029022 0.034354
1 0.403798 0.559026 0.033680 0.043723
1 0.410606 0.534666 0.034396 0.042473
1 0.406485 0.519988 0.029022 0.031855
0 0.409531 0.506558 0.034396 0.037477
1 0.410606 0.477514 0.033680 0.040600
1 0.420100 0.451593 0.026155 0.043723
1 0.436940 0.448470 0.012540 0.047470
1 0.467216 0.455340 0.015048 0.058713
0 0.430849 0.231106 0.008957 0.038726
1 0.457721 0.214553 0.027589 0.035603
1 0.460946 0.194878 0.027589 0.031230
1 0.458617 0.180824 0.022931 0.030606
1 0.460767 0.158026 0.022214 0.028732
1 0.460229 0.148345 0.024006 0.025609
1 0.460408 0.135853 0.024364 0.028107
1 0.509495 0.025609 0.020781 0.022486
1 0.525618 0.025921 0.020064 0.021861
1 0.525797 0.032792 0.020423 0.021861
1 0.525439 0.046221 0.020423 0.022486
1 0.523110 0.056839 0.016482 0.021237
1 0.532784 0.059026 0.020064 0.026858
1 0.527947 0.064335 0.018273 0.026234
0 0.537800 0.069956 0.015765 0.019988
1 0.519885 0.077764 0.016482 0.023111
1 0.527589 0.083698 0.020423 0.026234
1 0.528843 0.088382 0.020781 0.023111
1 0.531172 0.095565 0.021856 0.027483
1 0.531888 0.113054 0.019706 0.026234
1 0.520602 0.125547 0.018631 0.024984
1 0.533501 0.131480 0.019348 0.029357
1 0.536188 0.140225 0.023289 0.026858
1 0.535829 0.148345 0.021856 0.026858
1 0.532426 0.167395 0.026514 0.029981
1 0.536009 0.177077 0.027230 0.029357
1 0.536725 0.191755 0.020781 0.028732
1 0.537083 0.209869 0.027947 0.028732
1 0.546220 0.216115 0.026155 0.032480
1 0.535650 0.219550 0.027947 0.026858
1 0.534217 0.231730 0.027230 0.031230
1 0.535292 0.244222 0.027947 0.028732
1 0.531530 0.258588 0.025439 0.028732
1 0.536904 0.276702 0.024722 0.033729
1 0.542279 0.290131 0.028305 0.034354
1 0.542279 0.301374 0.024722 0.031855
1 0.542816 0.311368 0.025797 0.031855
1 0.545324 0.324485 0.026514 0.028107
1 0.548728 0.335415 0.028305 0.039975
1 0.554102 0.354466 0.024006 0.030606
1 0.561627 0.376952 0.023289 0.035603
0 0.556073 0.403810 0.028664 0.033104
1 0.558044 0.418488 0.032605 0.033729
0 0.512719 0.418488 0.025797 0.024984
1 0.565030 0.441599 0.029380 0.033729
0 0.567539 0.456277 0.029380 0.033104
0 0.568793 0.467520 0.030455 0.035603
0 0.568972 0.478139 0.030097 0.034354
1 0.567897 0.491255 0.026514 0.034354
1 0.568255 0.505621 0.027230 0.035603
0 0.571121 0.517177 0.031530 0.036227
0 0.571659 0.529357 0.031888 0.036852
0 0.577212 0.542473 0.032247 0.039350
1 0.558939 0.580262 0.033680 0.037477
1 0.565030 0.606496 0.040129 0.038726
0 0.564851 0.624922 0.036188 0.036852
1 0.565030 0.641162 0.031530 0.041849
1 0.563239 0.656465 0.031530 0.036227
1 0.578466 0.681449 0.029022 0.043723
1 0.562164 0.688632 0.037263 0.045597
1 0.584199 0.710181 0.032605 0.038726
1 0.587782 0.738913 0.039771 0.044972
1 0.518094 0.708620 0.042279 0.043098
1 0.515586 0.759525 0.043712 0.043723
0 0.515048 0.809494 0.043354 0.049969
1 0.587424 0.772642 0.034038 0.043723
1 0.589215 0.795128 0.042637 0.044972
1 0.582766 0.822923 0.048370 0.048095
0 0.582408 0.851655 0.039771 0.045597
1 0.509853 0.852280 0.045862 0.044347
1 0.586349 0.881949 0.044787 0.048720
0 0.592977 0.910056 0.040846 0.052467
1 0.536009 0.896315 0.047295 0.043723
1 0.534934 0.925984 0.047295 0.046846
1 0.583841 0.959088 0.044787 0.051843
1 0.595306 0.974391 0.022573 0.028732
1 0.536009 0.969394 0.041562 0.034978
1 0.752598 0.809806 0.026155 0.040600
1 0.702078 0.846034 0.046220 0.031855
1 0.686671 0.868520 0.022573 0.023111
1 0.693658 0.884135 0.015765 0.023111
1 0.682730 0.828857 0.018990 0.022486
1 0.682730 0.781699 0.028305 0.031855
1 0.670190 0.728295 0.018990 0.029981
1 0.681476 0.799813 0.016482 0.024360
1 0.621999 0.391630 0.017198 0.027483
1 0.628090 0.348532 0.024364 0.033729
1 0.598352 0.265771 0.012899 0.025609
1 0.586707 0.175515 0.011107 0.019988
1 0.591007 0.153029 0.024722 0.023735
1 0.546757 0.026546 0.012182 0.021861
1 0.723397 0.917864 0.021498 0.029357
1 0.712469 0.962211 0.029022 0.030606
1 0.662666 0.665209 0.019706 0.027483
0 0.637764 0.512492 0.012182 0.019363
1 0.627374 0.410369 0.018631 0.021237
1 0.629344 0.422548 0.016123 0.020612
1 0.604443 0.292942 0.013615 0.027483
