1 0.787411 0.950764 0.049772 0.052133
1 0.789850 0.939968 0.050748 0.051606
1 0.783344 0.888626 0.048146 0.050026
1 0.779440 0.847551 0.045543 0.043707
1 0.776838 0.817536 0.040338 0.053186
1 0.765940 0.751711 0.041965 0.033175
1 0.761711 0.706424 0.038712 0.036335
1 0.758458 0.676672 0.040013 0.041074
1 0.761386 0.664034 0.034808 0.032649
1 0.759922 0.637704 0.025374 0.037915
1 0.750488 0.621116 0.026025 0.040548
1 0.744307 0.605319 0.033182 0.037388
1 0.743982 0.584518 0.032531 0.037915
0 0.742355 0.567930 0.029928 0.034229
1 0.741217 0.546603 0.032856 0.041074
1 0.731783 0.488942 0.032206 0.038441
1 0.704131 0.488678 0.013338 0.057925
1 0.682824 0.489995 0.018217 0.047920
1 0.668185 0.484729 0.015615 0.047920
1 0.679083 0.540548 0.011386 0.047920
1 0.628660 0.470511 0.032206 0.038441
1 0.625895 0.484729 0.034483 0.032122
1 0.631913 0.533439 0.038061 0.041074
1 0.627033 0.550553 0.029603 0.028963
1 0.632075 0.567404 0.038386 0.033175
1 0.639070 0.581095 0.042615 0.032122
1 0.634515 0.590837 0.028953 0.032649
1 0.634353 0.605055 0.033832 0.028436
1 0.634353 0.622696 0.040338 0.031069
1 0.631913 0.635071 0.030254 0.030542
1 0.635491 0.651659 0.032206 0.037388
1 0.639070 0.675882 0.043917 0.040548
1 0.635654 0.714060 0.040989 0.049500
1 0.643949 0.785940 0.047170 0.043707
1 0.582791 0.932333 0.027651 0.033175
1 0.596129 0.817009 0.036760 0.043707
1 0.592225 0.790943 0.043266 0.047393
1 0.584580 0.770405 0.037736 0.037915
1 0.589623 0.743023 0.041314 0.043181
1 0.594177 0.727751 0.031555 0.033702
1 0.594340 0.703002 0.040989 0.041074
1 0.594014 0.686151 0.029928 0.036862
1 0.593038 0.665613 0.040989 0.042127
1 0.593852 0.643497 0.031555 0.037915
1 0.589948 0.625066 0.034808 0.034755
1 0.589135 0.602686 0.027326 0.032122
1 0.589460 0.588731 0.027977 0.030542
1 0.589297 0.567930 0.032206 0.039494
1 0.584092 0.545550 0.032856 0.037915
1 0.588647 0.532649 0.027651 0.027909
0 0.586532 0.520011 0.033182 0.033175
1 0.587183 0.493944 0.032531 0.035808
1 0.579538 0.469194 0.025049 0.038968
1 0.563598 0.463928 0.012036 0.043181
1 0.533995 0.465245 0.013988 0.053186
0 0.581490 0.270669 0.008783 0.034755
1 0.556604 0.251711 0.026675 0.031596
1 0.554652 0.233807 0.026675 0.027383
1 0.557580 0.221696 0.022121 0.027383
1 0.556766 0.200895 0.021145 0.025803
1 0.557905 0.192206 0.022772 0.023170
1 0.558393 0.181148 0.023097 0.025276
1 0.517241 0.075039 0.020169 0.020537
1 0.501952 0.072407 0.019519 0.019484
1 0.501301 0.078726 0.019519 0.019484
1 0.500976 0.090837 0.019519 0.019484
1 0.502602 0.100579 0.015615 0.018957
1 0.493169 0.101106 0.019519 0.024223
1 0.497398 0.106898 0.017567 0.023170
0 0.487638 0.110058 0.015615 0.017904
1 0.504554 0.119800 0.015615 0.020537
1 0.496910 0.123749 0.019844 0.023170
1 0.495283 0.127962 0.019844 0.021064
1 0.492518 0.134281 0.021470 0.024223
1 0.490891 0.149289 0.018868 0.023697
1 0.501139 0.162191 0.017892 0.022117
1 0.488289 0.165877 0.018868 0.026330
1 0.485198 0.172986 0.022446 0.023697
1 0.485198 0.180621 0.021145 0.024223
1 0.487476 0.197999 0.025699 0.027383
1 0.483409 0.205898 0.026025 0.026330
1 0.481945 0.219063 0.019844 0.025276
1 0.480481 0.235124 0.026675 0.025803
1 0.471373 0.239073 0.025374 0.028436
1 0.481295 0.243813 0.027001 0.024223
1 0.481945 0.254871 0.026350 0.027383
1 0.480319 0.266193 0.027001 0.025803
1 0.483084 0.279358 0.024073 0.025803
1 0.476740 0.294629 0.023748 0.030016
1 0.471047 0.305951 0.027326 0.030542
1 0.470397 0.315956 0.024073 0.028436
1 0.469258 0.324645 0.024398 0.028963
1 0.466168 0.336230 0.025374 0.024750
1 0.462264 0.345445 0.027326 0.035808
1 0.456083 0.361769 0.023422 0.027383
1 0.447788 0.380463 0.022446 0.032122
0 0.451366 0.405213 0.027651 0.030016
1 0.448764 0.417852 0.031555 0.030016
0 0.492193 0.424961 0.024723 0.022117
1 0.440631 0.437862 0.028302 0.030016
0 0.437541 0.450237 0.028627 0.029489
0 0.435589 0.459979 0.029278 0.032122
0 0.434776 0.469194 0.028953 0.030542
1 0.435264 0.481569 0.025374 0.031069
1 0.433800 0.494471 0.026350 0.031596
0 0.430547 0.503949 0.030254 0.032649
0 0.429245 0.515008 0.030904 0.032649
0 0.423390 0.525803 0.030904 0.035282
1 0.438679 0.562401 0.032206 0.033702
1 0.431522 0.584518 0.038712 0.034755
0 0.430547 0.601106 0.034808 0.033175
1 0.429571 0.615850 0.030254 0.037388
1 0.430384 0.629542 0.030579 0.032122
1 0.414444 0.649552 0.027977 0.038441
1 0.429733 0.658504 0.035784 0.040548
1 0.407287 0.674039 0.031230 0.034755
1 0.402082 0.699842 0.038386 0.040021
1 0.470885 0.683254 0.040664 0.038441
1 0.470397 0.729331 0.042290 0.038968
0 0.468120 0.773828 0.041640 0.044760
1 0.400618 0.729858 0.032856 0.038968
1 0.397690 0.749605 0.041314 0.040548
1 0.402245 0.775408 0.046519 0.042654
0 0.401106 0.800685 0.038386 0.040548
1 0.470722 0.812796 0.044242 0.039494
1 0.395413 0.827541 0.043266 0.043707
0 0.387606 0.851501 0.039362 0.047393
1 0.443071 0.848341 0.045543 0.038968
1 0.442746 0.874671 0.045543 0.042127
1 0.393787 0.896788 0.043266 0.046340
1 0.381588 0.908636 0.021470 0.025803
1 0.439005 0.913375 0.040013 0.031069
1 0.239753 0.736704 0.025374 0.035808
1 0.286435 0.777251 0.044567 0.028436
1 0.299772 0.799631 0.021796 0.020537
1 0.292290 0.812796 0.015290 0.020537
1 0.305791 0.764876 0.018217 0.020537
1 0.308556 0.722486 0.027001 0.028436
1 0.323520 0.677199 0.018543 0.027383
1 0.308881 0.738810 0.015940 0.022117
1 0.388744 0.384150 0.016265 0.024750
1 0.385166 0.344392 0.023422 0.030542
1 0.418510 0.275408 0.012036 0.023170
1 0.434776 0.196419 0.010735 0.017904
1 0.431848 0.175619 0.023748 0.021590
1 0.481457 0.069774 0.011711 0.019484
1 0.261711 0.837546 0.020494 0.025803
1 0.269681 0.879147 0.027977 0.027909
1 0.334255 0.621643 0.018543 0.024750
0 0.366786 0.489468 0.012036 0.017378
1 0.382563 0.399947 0.018217 0.019484
1 0.379961 0.410479 0.015615 0.018431
1 0.411191 0.298578 0.013012 0.024223
