1 0.212058 0.950495 0.049839 0.052110
1 0.209325 0.940073 0.050804 0.052110
1 0.216077 0.888484 0.048232 0.050026
1 0.219775 0.847577 0.045338 0.043252
1 0.222508 0.817613 0.039871 0.053153
1 0.233280 0.751433 0.042122 0.033351
1 0.237942 0.705836 0.038585 0.035956
1 0.240997 0.676133 0.040193 0.041167
1 0.238103 0.663627 0.035048 0.032830
1 0.239711 0.637311 0.025402 0.038562
1 0.249035 0.620636 0.026045 0.040646
1 0.255466 0.604482 0.033119 0.037520
1 0.255627 0.583898 0.032797 0.038041
0 0.257074 0.567223 0.029904 0.033872
1 0.258360 0.545857 0.032476 0.041167
1 0.267846 0.488275 0.032154 0.038562
1 0.295498 0.488015 0.013505 0.057843
1 0.316881 0.489317 0.018328 0.047942
1 0.331511 0.484367 0.015434 0.048463
1 0.320579 0.540386 0.011576 0.047942
1 0.371222 0.470036 0.032476 0.038562
1 0.373794 0.484106 0.034405 0.032308
1 0.367846 0.533090 0.037942 0.041688
1 0.372830 0.550026 0.029904 0.028661
1 0.367685 0.566962 0.038907 0.033351
1 0.360611 0.581032 0.042765 0.032308
1 0.365273 0.590672 0.028939 0.032830
1 0.365434 0.604482 0.033762 0.028140
1 0.365113 0.622199 0.040193 0.031266
1 0.367685 0.634966 0.029904 0.030745
1 0.364309 0.651381 0.032154 0.037520
1 0.360611 0.675612 0.044051 0.041167
1 0.363826 0.714174 0.040836 0.049505
1 0.355466 0.786347 0.047267 0.043773
1 0.416559 0.933038 0.027974 0.032830
1 0.403215 0.817353 0.036656 0.044294
1 0.407395 0.791298 0.043087 0.047421
1 0.414952 0.770714 0.037621 0.038562
1 0.409968 0.743356 0.041158 0.043252
1 0.405466 0.727723 0.031511 0.033872
1 0.405305 0.702970 0.040836 0.040646
1 0.405627 0.686034 0.029904 0.036998
1 0.406592 0.665711 0.040836 0.042209
1 0.405949 0.643304 0.031833 0.038041
1 0.409646 0.625065 0.034727 0.034914
1 0.410450 0.602397 0.027331 0.032308
1 0.410129 0.588588 0.027974 0.030745
1 0.410450 0.567483 0.032476 0.039604
1 0.415756 0.544815 0.032797 0.038041
1 0.410932 0.532308 0.027653 0.028661
0 0.413344 0.519802 0.033119 0.032830
1 0.412701 0.493747 0.032476 0.035956
1 0.420418 0.468994 0.024759 0.038562
1 0.436495 0.463523 0.011897 0.043252
1 0.465916 0.465086 0.014148 0.052632
0 0.418489 0.269672 0.008682 0.034914
1 0.443408 0.250912 0.027010 0.031787
1 0.445498 0.232934 0.026688 0.027097
1 0.442444 0.220688 0.021865 0.027619
1 0.443408 0.200104 0.021222 0.026055
1 0.442283 0.191245 0.022830 0.022929
1 0.441801 0.180302 0.023151 0.025013
1 0.482958 0.074257 0.019936 0.020323
1 0.498392 0.071652 0.019293 0.019281
1 0.499035 0.077645 0.019293 0.019802
1 0.499357 0.089891 0.019293 0.020323
1 0.497910 0.099792 0.015756 0.019281
1 0.507235 0.100052 0.019614 0.023971
1 0.502733 0.106045 0.017685 0.023450
0 0.512540 0.109171 0.015434 0.018239
1 0.495659 0.119072 0.015756 0.020323
1 0.503376 0.122720 0.019614 0.023450
1 0.505145 0.127150 0.019936 0.020844
1 0.507717 0.133142 0.021222 0.024492
1 0.509325 0.148254 0.018650 0.023450
1 0.499035 0.161282 0.018006 0.022408
1 0.511897 0.164930 0.018650 0.026576
1 0.514952 0.172225 0.022186 0.023450
1 0.514952 0.179781 0.020900 0.023971
1 0.512862 0.197499 0.025723 0.027097
1 0.516881 0.205315 0.026045 0.026055
1 0.518328 0.218603 0.019936 0.025534
1 0.519775 0.234237 0.026688 0.025534
1 0.528778 0.238405 0.025402 0.028661
1 0.518810 0.243356 0.026688 0.023971
1 0.518167 0.254560 0.026045 0.027619
1 0.519936 0.265503 0.027010 0.025534
1 0.516881 0.278791 0.024116 0.026055
1 0.523312 0.294164 0.023473 0.030745
1 0.529100 0.305367 0.027331 0.030224
1 0.529743 0.315529 0.024116 0.028661
1 0.530868 0.324388 0.024437 0.028661
1 0.533923 0.335852 0.025402 0.024492
1 0.537942 0.344711 0.027010 0.035956
1 0.544051 0.361386 0.023151 0.027619
1 0.552412 0.380146 0.022508 0.031787
0 0.548875 0.404898 0.027653 0.030224
1 0.551286 0.417926 0.031190 0.030224
0 0.507717 0.424961 0.024437 0.022408
1 0.559325 0.437728 0.028617 0.030224
0 0.562540 0.450234 0.028617 0.030224
0 0.564469 0.459875 0.029260 0.031787
0 0.565273 0.469255 0.028939 0.030745
1 0.564791 0.481761 0.025402 0.030745
1 0.566077 0.494268 0.026045 0.031787
0 0.569453 0.503908 0.030225 0.032308
0 0.570579 0.515112 0.031190 0.032830
0 0.576527 0.526055 0.030868 0.034914
1 0.561093 0.562533 0.032154 0.033872
1 0.568328 0.584940 0.038907 0.034914
0 0.569293 0.601355 0.035048 0.033351
1 0.570418 0.616206 0.030225 0.038041
1 0.569453 0.630016 0.030225 0.032308
1 0.585370 0.650078 0.027974 0.039083
1 0.570096 0.658676 0.036013 0.040646
1 0.592605 0.674570 0.031511 0.034914
1 0.597588 0.700104 0.038264 0.040125
1 0.528778 0.683689 0.040836 0.038562
1 0.529260 0.729807 0.042444 0.039083
0 0.531511 0.774362 0.041801 0.044815
1 0.599196 0.730328 0.033119 0.039083
1 0.601929 0.750130 0.041158 0.040125
1 0.597267 0.775925 0.046624 0.042731
0 0.598553 0.801459 0.038264 0.040646
1 0.528778 0.813445 0.044051 0.039604
1 0.604180 0.828035 0.043087 0.043773
0 0.612058 0.852527 0.038907 0.046899
1 0.556592 0.849140 0.045659 0.039083
1 0.556913 0.875717 0.045659 0.042209
1 0.605788 0.897603 0.043087 0.046378
1 0.618006 0.909588 0.021865 0.025534
1 0.560450 0.914278 0.039871 0.030745
1 0.760129 0.737884 0.025080 0.036477
1 0.713344 0.778009 0.044695 0.028140
1 0.700000 0.800677 0.021865 0.020323
1 0.707556 0.813705 0.015113 0.020323
1 0.694051 0.765763 0.018328 0.020323
1 0.691318 0.723554 0.027010 0.028661
1 0.676367 0.677957 0.018328 0.027097
1 0.690997 0.739969 0.016077 0.021886
1 0.611415 0.384054 0.016399 0.025013
1 0.614952 0.344450 0.023473 0.030224
1 0.581672 0.274883 0.012219 0.023450
1 0.565595 0.195935 0.010932 0.017718
1 0.568328 0.175352 0.024116 0.021365
1 0.518971 0.068786 0.011576 0.019802
1 0.738103 0.838979 0.020900 0.026055
1 0.730064 0.880406 0.027974 0.027619
1 0.665595 0.622460 0.018650 0.024492
0 0.633280 0.489578 0.011897 0.017196
1 0.617524 0.399948 0.018328 0.019281
1 0.619936 0.410370 0.015434 0.018239
1 0.589068 0.298332 0.012862 0.024492
