1 0.750911 0.030093 0.051823 0.059259
1 0.752995 0.042593 0.052865 0.059259
1 0.743359 0.100231 0.050260 0.056944
1 0.737240 0.146528 0.047396 0.049537
1 0.732812 0.180324 0.041667 0.060648
1 0.717969 0.253935 0.043750 0.037500
1 0.710938 0.305093 0.040104 0.040741
1 0.705990 0.338657 0.041667 0.046759
1 0.708464 0.353704 0.036198 0.037037
1 0.705339 0.383333 0.026302 0.043519
1 0.694661 0.400694 0.026823 0.045833
1 0.687240 0.418056 0.034375 0.042593
1 0.685937 0.441667 0.033854 0.043519
0 0.683464 0.460417 0.030990 0.038426
1 0.680990 0.484491 0.033854 0.046759
1 0.667969 0.548843 0.033333 0.043981
1 0.639193 0.544907 0.013802 0.065741
1 0.617188 0.540046 0.018750 0.054167
1 0.601693 0.543519 0.015885 0.054630
1 0.616016 0.481481 0.011719 0.054630
1 0.559766 0.553704 0.033594 0.043519
1 0.557682 0.537269 0.035677 0.036574
1 0.566536 0.482407 0.039323 0.047222
1 0.562240 0.462269 0.030729 0.032870
1 0.568490 0.443750 0.040104 0.037500
1 0.576562 0.428935 0.044271 0.036574
1 0.572266 0.417130 0.029948 0.037037
1 0.572917 0.401157 0.034896 0.031944
1 0.574089 0.381019 0.041927 0.035185
1 0.572135 0.366204 0.031250 0.034259
1 0.576562 0.347917 0.033333 0.042130
1 0.581641 0.320833 0.045573 0.046296
1 0.580339 0.276620 0.042448 0.056019
1 0.592839 0.195602 0.049219 0.049537
1 0.537240 0.018750 0.028646 0.037500
1 0.544792 0.152778 0.038021 0.050000
1 0.539193 0.181944 0.045052 0.053704
1 0.530208 0.204167 0.039062 0.043519
1 0.533984 0.236111 0.042969 0.049074
1 0.537891 0.254630 0.032552 0.037963
1 0.536589 0.282870 0.042448 0.046296
1 0.535417 0.302083 0.031250 0.042130
1 0.533333 0.325231 0.042708 0.047685
1 0.532813 0.350694 0.032813 0.043056
1 0.527995 0.371065 0.036198 0.039352
1 0.525911 0.396528 0.028385 0.036574
1 0.525391 0.412731 0.028906 0.034722
1 0.524089 0.436343 0.033594 0.044907
1 0.517318 0.461343 0.034115 0.043056
1 0.521615 0.476620 0.028646 0.031944
0 0.518490 0.490509 0.034375 0.037500
1 0.517839 0.520370 0.033594 0.040741
1 0.508464 0.547454 0.025781 0.043981
1 0.491536 0.551157 0.012240 0.048611
1 0.460938 0.544907 0.014583 0.060185
0 0.499740 0.774769 0.008854 0.039352
1 0.472917 0.792593 0.027604 0.036111
1 0.469792 0.812731 0.027604 0.031019
1 0.472266 0.827083 0.022656 0.031019
1 0.470313 0.850694 0.021875 0.029167
1 0.470964 0.860648 0.023698 0.025926
1 0.470833 0.873380 0.023958 0.028241
1 0.422266 0.988194 0.020573 0.022685
1 0.406120 0.988657 0.020052 0.021759
1 0.405859 0.981481 0.020052 0.022222
1 0.406120 0.967593 0.020052 0.022222
1 0.408333 0.956481 0.016146 0.021296
1 0.398568 0.954861 0.020052 0.027315
1 0.403385 0.948843 0.018229 0.026389
0 0.393359 0.943519 0.015885 0.020370
1 0.411458 0.934954 0.016146 0.022685
1 0.403646 0.929398 0.020313 0.026389
1 0.402214 0.924306 0.020573 0.023611
1 0.399740 0.916898 0.021875 0.027315
1 0.398958 0.899306 0.019271 0.026389
1 0.410286 0.886111 0.018490 0.025000
1 0.397135 0.880093 0.019271 0.029630
1 0.394271 0.871296 0.022917 0.026852
1 0.394661 0.862731 0.021615 0.027315
1 0.397917 0.843056 0.026562 0.030556
1 0.394141 0.833333 0.026823 0.029630
1 0.393359 0.818056 0.020573 0.028704
1 0.392708 0.799769 0.027604 0.029167
1 0.383464 0.793519 0.026302 0.032407
1 0.394141 0.789815 0.027865 0.026852
1 0.395313 0.777083 0.027083 0.031019
1 0.394141 0.764120 0.027865 0.029167
1 0.397917 0.749306 0.025000 0.029167
1 0.392188 0.731019 0.024479 0.034259
1 0.386719 0.717130 0.028125 0.034259
1 0.386589 0.705556 0.024740 0.032407
1 0.385937 0.695370 0.025521 0.032407
1 0.383464 0.681944 0.026302 0.027778
1 0.379688 0.670833 0.028125 0.040741
1 0.374219 0.651157 0.023958 0.031019
1 0.366536 0.628241 0.023177 0.036111
0 0.371615 0.600694 0.028646 0.033796
1 0.369661 0.585648 0.032552 0.034259
0 0.415365 0.584259 0.025521 0.025000
1 0.362370 0.561806 0.029427 0.033796
0 0.359766 0.546991 0.029427 0.033796
0 0.358333 0.535648 0.030208 0.036111
0 0.357943 0.524769 0.029948 0.034722
1 0.358984 0.510880 0.026302 0.034722
1 0.358333 0.496065 0.027083 0.035648
0 0.355469 0.484491 0.031250 0.036574
0 0.354818 0.471759 0.032031 0.037037
0 0.349089 0.458333 0.032031 0.039815
1 0.367188 0.418981 0.033333 0.037963
1 0.360807 0.392361 0.040365 0.039352
0 0.360807 0.373380 0.036198 0.037500
1 0.360417 0.356481 0.031250 0.042593
1 0.362109 0.340972 0.031510 0.036574
1 0.346484 0.315509 0.028906 0.043981
1 0.362891 0.307870 0.037240 0.046296
1 0.340495 0.286343 0.032552 0.039352
1 0.336589 0.256481 0.039844 0.045370
1 0.407161 0.285880 0.042448 0.043981
1 0.409245 0.233333 0.044010 0.044444
0 0.409245 0.181944 0.043490 0.050926
1 0.336589 0.221759 0.034115 0.044444
1 0.334635 0.198843 0.042708 0.045833
1 0.340885 0.170139 0.048438 0.048611
0 0.341016 0.140741 0.039844 0.046296
1 0.414062 0.137731 0.045833 0.044907
1 0.336589 0.109491 0.045052 0.049537
0 0.329688 0.080556 0.040625 0.053704
1 0.387240 0.093056 0.047396 0.044444
1 0.388281 0.062731 0.047396 0.047685
1 0.338542 0.030093 0.044792 0.052778
1 0.326562 0.014583 0.022396 0.029167
1 0.386589 0.018056 0.041406 0.035185
1 0.169531 0.188657 0.026042 0.041204
1 0.220312 0.149769 0.046354 0.031944
1 0.235417 0.126157 0.022396 0.022685
1 0.228385 0.110185 0.015625 0.023148
1 0.239844 0.166898 0.018750 0.022685
1 0.240365 0.215509 0.028125 0.031944
1 0.253516 0.269907 0.019010 0.030556
1 0.241536 0.196991 0.016406 0.024537
1 0.305339 0.614815 0.016927 0.027778
1 0.299609 0.659722 0.024219 0.034259
1 0.330469 0.743981 0.012500 0.025926
1 0.342969 0.836343 0.010937 0.019907
1 0.338932 0.859722 0.024740 0.024074
1 0.384766 0.988657 0.011719 0.021759
1 0.197917 0.076620 0.021354 0.029167
1 0.208464 0.030556 0.028906 0.031481
1 0.261719 0.334722 0.019271 0.027778
0 0.288281 0.491204 0.011979 0.019444
1 0.299740 0.595833 0.018750 0.021296
1 0.297786 0.583333 0.015885 0.020370
1 0.324089 0.716204 0.013281 0.027778
