1 0.820964 0.969444 0.051823 0.059259
1 0.823047 0.956944 0.052865 0.059259
1 0.813411 0.899306 0.050260 0.056944
1 0.807292 0.853009 0.047396 0.049537
1 0.802865 0.819213 0.041667 0.060648
1 0.788021 0.745602 0.043750 0.037500
1 0.780990 0.694444 0.040104 0.040741
1 0.776042 0.660880 0.041667 0.046759
1 0.778516 0.645833 0.036198 0.037037
1 0.775391 0.616204 0.026302 0.043519
1 0.764714 0.598843 0.026823 0.045833
1 0.757292 0.581481 0.034375 0.042593
1 0.755990 0.557870 0.033854 0.043519
0 0.753516 0.539120 0.030990 0.038426
1 0.751042 0.515046 0.033854 0.046759
1 0.738021 0.450694 0.033333 0.043981
1 0.709245 0.454630 0.013802 0.065741
1 0.687240 0.459491 0.018750 0.054167
1 0.671745 0.456019 0.015885 0.054630
1 0.686068 0.518056 0.011719 0.054630
1 0.629818 0.445833 0.033594 0.043519
1 0.627734 0.462269 0.035677 0.036574
1 0.636589 0.517130 0.039323 0.047222
1 0.632292 0.537269 0.030729 0.032870
1 0.638542 0.555787 0.040104 0.037500
1 0.646615 0.570602 0.044271 0.036574
1 0.642318 0.582407 0.029948 0.037037
1 0.642969 0.598380 0.034896 0.031944
1 0.644141 0.618519 0.041927 0.035185
1 0.642188 0.633333 0.031250 0.034259
1 0.646615 0.651620 0.033333 0.042130
1 0.651693 0.678704 0.045573 0.046296
1 0.650391 0.722917 0.042448 0.056019
1 0.662891 0.803935 0.049219 0.049537
1 0.607292 0.980787 0.028646 0.037500
1 0.614844 0.846759 0.038021 0.050000
1 0.609245 0.817593 0.045052 0.053704
1 0.600260 0.795370 0.039062 0.043519
1 0.604036 0.763426 0.042969 0.049074
1 0.607943 0.744907 0.032552 0.037963
1 0.606641 0.716667 0.042448 0.046296
1 0.605469 0.697454 0.031250 0.042130
1 0.603385 0.674306 0.042708 0.047685
1 0.602865 0.648843 0.032813 0.043056
1 0.598047 0.628472 0.036198 0.039352
1 0.595964 0.603009 0.028385 0.036574
1 0.595443 0.586806 0.028906 0.034722
1 0.594141 0.563194 0.033594 0.044907
1 0.587370 0.538194 0.034115 0.043056
1 0.591667 0.522917 0.028646 0.031944
0 0.588542 0.509028 0.034375 0.037500
1 0.587891 0.479167 0.033594 0.040741
1 0.578516 0.452083 0.025781 0.043981
1 0.561589 0.448380 0.012240 0.048611
1 0.530990 0.454630 0.014583 0.060185
0 0.569792 0.224769 0.008854 0.039352
1 0.542969 0.206944 0.027604 0.036111
1 0.539844 0.186806 0.027604 0.031019
1 0.542318 0.172454 0.022656 0.031019
1 0.540365 0.148843 0.021875 0.029167
1 0.541016 0.138889 0.023698 0.025926
1 0.540885 0.126157 0.023958 0.028241
1 0.492318 0.011343 0.020573 0.022685
1 0.476172 0.010880 0.020052 0.021759
1 0.475911 0.018056 0.020052 0.022222
1 0.476172 0.031944 0.020052 0.022222
1 0.478385 0.043056 0.016146 0.021296
1 0.468620 0.044676 0.020052 0.027315
1 0.473438 0.050694 0.018229 0.026389
0 0.463411 0.056019 0.015885 0.020370
1 0.481510 0.064583 0.016146 0.022685
1 0.473698 0.070139 0.020313 0.026389
1 0.472266 0.075231 0.020573 0.023611
1 0.469792 0.082639 0.021875 0.027315
1 0.469010 0.100231 0.019271 0.026389
1 0.480339 0.113426 0.018490 0.025000
1 0.467187 0.119444 0.019271 0.029630
1 0.464323 0.128241 0.022917 0.026852
1 0.464714 0.136806 0.021615 0.027315
1 0.467969 0.156481 0.026562 0.030556
1 0.464193 0.166204 0.026823 0.029630
1 0.463411 0.181481 0.020573 0.028704
1 0.462760 0.199769 0.027604 0.029167
1 0.453516 0.206019 0.026302 0.032407
1 0.464193 0.209722 0.027865 0.026852
1 0.465365 0.222454 0.027083 0.031019
1 0.464193 0.235417 0.027865 0.029167
1 0.467969 0.250231 0.025000 0.029167
1 0.462240 0.268519 0.024479 0.034259
1 0.456771 0.282407 0.028125 0.034259
1 0.456641 0.293981 0.024740 0.032407
1 0.455990 0.304167 0.025521 0.032407
1 0.453516 0.317593 0.026302 0.027778
1 0.449740 0.328704 0.028125 0.040741
1 0.444271 0.348380 0.023958 0.031019
1 0.436589 0.371296 0.023177 0.036111
0 0.441667 0.398843 0.028646 0.033796
1 0.439714 0.413889 0.032552 0.034259
0 0.485417 0.415278 0.025521 0.025000
1 0.432422 0.437731 0.029427 0.033796
0 0.429818 0.452546 0.029427 0.033796
0 0.428385 0.463889 0.030208 0.036111
0 0.427995 0.474769 0.029948 0.034722
1 0.429036 0.488657 0.026302 0.034722
1 0.428385 0.503472 0.027083 0.035648
0 0.425521 0.515046 0.031250 0.036574
0 0.424870 0.527778 0.032031 0.037037
0 0.419141 0.541204 0.032031 0.039815
1 0.437240 0.580556 0.033333 0.037963
1 0.430859 0.607176 0.040365 0.039352
0 0.430859 0.626157 0.036198 0.037500
1 0.430469 0.643056 0.031250 0.042593
1 0.432161 0.658565 0.031510 0.036574
1 0.416536 0.684028 0.028906 0.043981
1 0.432943 0.691667 0.037240 0.046296
1 0.410547 0.713194 0.032552 0.039352
1 0.406641 0.743056 0.039844 0.045370
1 0.477214 0.713657 0.042448 0.043981
1 0.479297 0.766204 0.044010 0.044444
0 0.479297 0.817593 0.043490 0.050926
1 0.406641 0.777778 0.034115 0.044444
1 0.404687 0.800694 0.042708 0.045833
1 0.410938 0.829398 0.048438 0.048611
0 0.411068 0.858796 0.039844 0.046296
1 0.484115 0.861806 0.045833 0.044907
1 0.406641 0.890046 0.045052 0.049537
0 0.399740 0.918981 0.040625 0.053704
1 0.457292 0.906481 0.047396 0.044444
1 0.458333 0.936806 0.047396 0.047685
1 0.408594 0.969444 0.044792 0.052778
1 0.396615 0.984954 0.022396 0.029167
1 0.456641 0.981481 0.041406 0.035185
1 0.239583 0.810880 0.026042 0.041204
1 0.290365 0.849769 0.046354 0.031944
1 0.305469 0.873380 0.022396 0.022685
1 0.298438 0.889352 0.015625 0.023148
1 0.309896 0.832639 0.018750 0.022685
1 0.310417 0.784028 0.028125 0.031944
1 0.323568 0.729630 0.019010 0.030556
1 0.311589 0.802546 0.016406 0.024537
1 0.375391 0.384722 0.016927 0.027778
1 0.369661 0.339815 0.024219 0.034259
1 0.400521 0.255556 0.012500 0.025926
1 0.413021 0.163194 0.010937 0.019907
1 0.408984 0.139815 0.024740 0.024074
1 0.454818 0.010880 0.011719 0.021759
1 0.267969 0.922917 0.021354 0.029167
1 0.278516 0.968981 0.028906 0.031481
1 0.331771 0.664815 0.019271 0.027778
0 0.358333 0.508333 0.011979 0.019444
1 0.369792 0.403704 0.018750 0.021296
1 0.367839 0.416204 0.015885 0.020370
1 0.394141 0.283333 0.013281 0.027778
