1 0.845956 0.953055 0.044118 0.055305
1 0.826287 0.864309 0.048897 0.054019
1 0.816176 0.807717 0.044118 0.051447
1 0.810294 0.771383 0.045588 0.049518
1 0.811949 0.746945 0.042279 0.046945
1 0.807353 0.716399 0.030882 0.050161
1 0.795588 0.696463 0.032353 0.048875
1 0.785846 0.675884 0.037132 0.046302
1 0.783272 0.649196 0.037132 0.041801
0 0.781250 0.629260 0.033088 0.043087
1 0.777574 0.602894 0.038971 0.050804
1 0.761397 0.527974 0.036765 0.046302
1 0.730699 0.534084 0.015809 0.067524
1 0.706618 0.538264 0.021324 0.056592
1 0.691176 0.534084 0.020588 0.057235
1 0.708640 0.604823 0.015074 0.055949
1 0.645037 0.521543 0.034926 0.043730
1 0.642831 0.541801 0.038603 0.041801
1 0.654963 0.606752 0.043750 0.050804
1 0.650368 0.627010 0.034559 0.037299
1 0.657537 0.649196 0.044485 0.045659
1 0.667463 0.668810 0.048162 0.043730
1 0.662684 0.681029 0.032721 0.039871
1 0.664522 0.699357 0.040074 0.040514
1 0.665993 0.719293 0.045221 0.045659
1 0.664154 0.741479 0.034926 0.041158
1 0.669118 0.763987 0.036029 0.043730
1 0.673897 0.794534 0.050735 0.046945
1 0.675551 0.848875 0.046691 0.059164
1 0.690441 0.941479 0.055147 0.050161
1 0.539890 0.536013 0.015074 0.062379
1 0.572610 0.527331 0.013603 0.054019
1 0.590625 0.532797 0.026838 0.044373
1 0.601654 0.563344 0.034926 0.041158
0 0.603493 0.596785 0.037132 0.042444
1 0.606985 0.614148 0.029412 0.037299
1 0.602574 0.630547 0.037500 0.045659
1 0.609743 0.659807 0.037132 0.050161
1 0.611765 0.686817 0.033824 0.041158
1 0.613051 0.707395 0.031250 0.042444
1 0.615809 0.735691 0.038971 0.047588
1 0.620404 0.757556 0.035662 0.046302
1 0.622978 0.790675 0.045956 0.045659
1 0.625919 0.816077 0.035662 0.042444
1 0.626838 0.845338 0.043382 0.043087
1 0.629963 0.872347 0.037868 0.045659
1 0.625735 0.895498 0.047059 0.052090
1 0.621691 0.936334 0.042647 0.042444
1 0.632353 0.960450 0.048529 0.049518
0 0.488603 0.962701 0.048529 0.052733
1 0.413419 0.966238 0.054044 0.048232
1 0.406066 0.947588 0.046691 0.054662
1 0.408088 0.917042 0.037500 0.054019
1 0.488787 0.901286 0.048162 0.048232
1 0.408272 0.874598 0.044485 0.047588
1 0.484559 0.841479 0.047059 0.049518
1 0.411949 0.837299 0.035662 0.047588
1 0.434559 0.816077 0.045588 0.060450
1 0.418566 0.800643 0.032721 0.052733
1 0.434743 0.772669 0.034926 0.046945
1 0.545588 0.172347 0.025000 0.028296
1 0.546324 0.187460 0.025735 0.027653
1 0.545956 0.198392 0.023529 0.027653
1 0.547426 0.224116 0.025000 0.031511
1 0.545221 0.241801 0.028676 0.028296
1 0.548346 0.264630 0.029044 0.030225
0 0.596140 0.247910 0.015809 0.036656
1 0.486213 0.020257 0.018015 0.016077
0 0.481250 0.023473 0.018382 0.019936
1 0.482537 0.028617 0.018015 0.023794
1 0.475919 0.034405 0.016544 0.019936
1 0.472978 0.042444 0.020956 0.023151
1 0.475919 0.048875 0.020956 0.021865
1 0.493934 0.050804 0.022426 0.027010
1 0.476471 0.058842 0.019853 0.023794
1 0.475551 0.063023 0.015809 0.020579
1 0.477390 0.073955 0.022426 0.020579
1 0.479963 0.084566 0.015074 0.021222
1 0.469301 0.086174 0.020221 0.028296
1 0.473713 0.092283 0.019485 0.028939
0 0.463971 0.099035 0.019118 0.027010
1 0.479596 0.106752 0.024632 0.027010
1 0.475735 0.113505 0.024265 0.026367
1 0.472243 0.120900 0.023162 0.024437
1 0.470956 0.128617 0.023529 0.028296
1 0.469118 0.147267 0.019118 0.028296
1 0.481618 0.160450 0.021324 0.026367
1 0.467647 0.167846 0.023529 0.029582
1 0.467096 0.177170 0.023162 0.027653
1 0.465257 0.186495 0.023897 0.025723
1 0.470221 0.208039 0.027206 0.028939
1 0.466176 0.218006 0.027941 0.029582
1 0.464890 0.236334 0.021691 0.026367
1 0.462500 0.245338 0.019118 0.025080
1 0.464522 0.254019 0.027574 0.027010
1 0.456434 0.261736 0.027574 0.030868
1 0.465809 0.265595 0.027941 0.027010
1 0.467279 0.281350 0.027941 0.027653
1 0.466728 0.296463 0.028309 0.032154
1 0.468750 0.304180 0.017647 0.023151
1 0.469669 0.311254 0.028309 0.029582
1 0.464522 0.329904 0.026103 0.037299
1 0.459007 0.345981 0.030515 0.036013
1 0.458456 0.361093 0.026471 0.030225
1 0.457904 0.371704 0.027574 0.029582
1 0.456250 0.381994 0.027941 0.034727
1 0.452757 0.397749 0.030515 0.043087
1 0.446507 0.417363 0.026103 0.034727
1 0.438603 0.445016 0.025000 0.038585
0 0.490441 0.489389 0.027206 0.027010
0 0.443934 0.476206 0.030515 0.035370
1 0.442279 0.490675 0.035294 0.037299
1 0.435662 0.519614 0.031618 0.037299
0 0.431985 0.537942 0.031618 0.032797
0 0.430699 0.548875 0.033456 0.037942
0 0.430331 0.562379 0.032721 0.034084
1 0.431066 0.575241 0.028309 0.032797
1 0.430515 0.590997 0.030147 0.033441
0 0.427574 0.608360 0.033824 0.037299
0 0.426287 0.622508 0.034926 0.036013
0 0.420221 0.638264 0.034559 0.041801
1 0.440074 0.683601 0.036765 0.043730
1 0.433824 0.710932 0.044118 0.046945
0 0.434191 0.736977 0.039706 0.039871
1 0.304228 0.951768 0.013603 0.023151
1 0.310846 0.925402 0.011397 0.021865
1 0.310846 0.895820 0.012868 0.029582
1 0.306801 0.877814 0.019485 0.023151
1 0.305147 0.846945 0.040441 0.056592
1 0.325919 0.784566 0.023897 0.029582
1 0.355147 0.563023 0.029412 0.028939
1 0.372059 0.519614 0.010294 0.019293
1 0.360110 0.472990 0.029044 0.036656
1 0.365993 0.454019 0.030515 0.041158
1 0.370037 0.412219 0.028309 0.032154
1 0.395221 0.341158 0.009559 0.013505
1 0.404779 0.213183 0.025000 0.027653
1 0.402206 0.219936 0.025000 0.028296
1 0.224265 0.962701 0.025735 0.039871
1 0.409375 0.178135 0.031250 0.029582
1 0.329963 0.668167 0.031250 0.034727
