1 0.191356 0.964829 0.044118 0.056401
1 0.210366 0.874842 0.049139 0.055133
1 0.220409 0.817490 0.044118 0.051965
1 0.225968 0.780101 0.045911 0.050697
1 0.224354 0.755703 0.041966 0.047529
1 0.228838 0.724651 0.030846 0.051331
1 0.240674 0.704373 0.032281 0.050063
1 0.250179 0.683143 0.037661 0.046895
1 0.252511 0.655894 0.037303 0.041825
0 0.254484 0.635615 0.033357 0.043093
1 0.258070 0.608682 0.039096 0.051331
1 0.273852 0.532953 0.036944 0.046895
1 0.304699 0.538657 0.016141 0.068441
1 0.328910 0.542142 0.021521 0.057668
1 0.344512 0.538023 0.020445 0.058302
1 0.327475 0.609632 0.015065 0.057034
1 0.390782 0.524715 0.035509 0.044360
1 0.393113 0.544994 0.038737 0.041825
1 0.381277 0.611217 0.043759 0.051331
1 0.385940 0.631812 0.034433 0.038023
1 0.378945 0.653992 0.044835 0.046895
1 0.369261 0.674271 0.048422 0.044360
1 0.373924 0.686629 0.032640 0.041191
1 0.371951 0.705006 0.040172 0.041191
1 0.370875 0.725602 0.045194 0.046895
1 0.372669 0.747782 0.035151 0.041825
1 0.367647 0.770596 0.035868 0.044360
1 0.362984 0.801965 0.050933 0.047529
1 0.361729 0.856781 0.046987 0.059569
1 0.347202 0.951204 0.055237 0.050697
1 0.496413 0.537389 0.015065 0.063371
1 0.463415 0.529785 0.013630 0.054499
1 0.445660 0.535171 0.026901 0.044994
1 0.434720 0.565906 0.035151 0.041825
0 0.432927 0.600127 0.037303 0.043093
1 0.429519 0.617554 0.029770 0.037389
1 0.434003 0.634664 0.038020 0.046261
1 0.427009 0.664132 0.037661 0.050697
1 0.425036 0.691381 0.033716 0.041825
1 0.423960 0.712294 0.031564 0.043093
1 0.421270 0.741445 0.039096 0.048162
1 0.416786 0.763625 0.035868 0.046895
1 0.414096 0.797212 0.046270 0.045627
1 0.411406 0.822877 0.035868 0.043726
1 0.410868 0.852662 0.043400 0.043726
1 0.407819 0.880228 0.038020 0.045627
1 0.411944 0.903359 0.046987 0.052598
1 0.416248 0.944867 0.042683 0.043093
1 0.405667 0.969582 0.048780 0.050697
0 0.549857 0.969582 0.048780 0.053232
1 0.625359 0.971800 0.054161 0.048796
1 0.632891 0.953105 0.046987 0.055767
1 0.630739 0.922053 0.037661 0.054499
1 0.549677 0.907478 0.048422 0.049430
1 0.630201 0.879278 0.044476 0.048796
1 0.553623 0.846641 0.046987 0.049430
1 0.626255 0.840938 0.035868 0.048162
1 0.603659 0.820342 0.045911 0.061470
1 0.619620 0.804499 0.032640 0.053866
1 0.602941 0.776299 0.035151 0.046895
1 0.489060 0.168885 0.025466 0.028517
1 0.488343 0.184094 0.025466 0.028517
1 0.488881 0.195184 0.023673 0.027883
1 0.487446 0.221166 0.025108 0.031686
1 0.489957 0.239227 0.028694 0.028517
1 0.486729 0.262991 0.028694 0.030418
0 0.438845 0.246198 0.016141 0.037389
1 0.548063 0.013942 0.017934 0.016477
0 0.552905 0.017110 0.018293 0.020279
1 0.551650 0.022180 0.017934 0.024081
1 0.558465 0.027883 0.016499 0.020279
1 0.561514 0.036122 0.021162 0.024081
1 0.558465 0.042142 0.020803 0.022180
1 0.540352 0.044677 0.021879 0.027250
1 0.557927 0.052598 0.019727 0.024081
1 0.559003 0.057351 0.016141 0.020913
1 0.557030 0.068124 0.022238 0.020913
1 0.554519 0.078897 0.015065 0.020913
1 0.565280 0.080482 0.020086 0.029151
1 0.560796 0.086819 0.019727 0.029151
0 0.570660 0.093473 0.019369 0.027250
1 0.555057 0.101394 0.024749 0.027883
1 0.558824 0.108365 0.024390 0.026616
1 0.562410 0.115653 0.022956 0.024715
1 0.563845 0.123574 0.023673 0.029151
1 0.565638 0.142269 0.019369 0.028517
1 0.553085 0.155894 0.021521 0.026616
1 0.567432 0.163181 0.023673 0.029785
1 0.567970 0.172370 0.023314 0.027883
1 0.569943 0.181876 0.023673 0.025349
1 0.564921 0.203739 0.027260 0.029785
1 0.569046 0.213878 0.028336 0.029785
1 0.570301 0.232573 0.022238 0.026616
1 0.572633 0.241445 0.019010 0.025349
1 0.570839 0.250634 0.027618 0.027250
1 0.579089 0.258238 0.027618 0.032319
1 0.569584 0.262041 0.027977 0.027250
1 0.568329 0.278200 0.028336 0.027883
1 0.569046 0.293409 0.028336 0.032953
1 0.566894 0.301648 0.017575 0.024081
1 0.565818 0.308619 0.028336 0.030418
1 0.571198 0.327313 0.026184 0.037389
1 0.576937 0.343473 0.030488 0.036755
1 0.577475 0.358999 0.026542 0.031052
1 0.578013 0.369772 0.027618 0.029785
1 0.579806 0.380228 0.027618 0.035488
1 0.583393 0.395754 0.030488 0.043726
1 0.589849 0.416033 0.026184 0.034854
1 0.597740 0.443599 0.024749 0.039290
0 0.545911 0.489861 0.027260 0.027883
0 0.592539 0.475602 0.030129 0.036122
1 0.594512 0.490177 0.035509 0.037389
1 0.601148 0.519328 0.031564 0.037389
0 0.604735 0.538023 0.031564 0.032953
0 0.606349 0.549113 0.033357 0.038657
0 0.606707 0.563054 0.032640 0.034854
1 0.605990 0.575729 0.028336 0.033587
1 0.606528 0.592205 0.030129 0.033587
0 0.609756 0.608999 0.033716 0.038023
0 0.611191 0.623891 0.035151 0.037389
0 0.617109 0.639734 0.034792 0.042459
1 0.597382 0.685678 0.036944 0.044360
1 0.603659 0.713245 0.044476 0.047529
0 0.603838 0.739544 0.039813 0.040558
1 0.734935 0.955957 0.013630 0.023447
1 0.728479 0.929024 0.011478 0.021546
1 0.728300 0.899240 0.012554 0.030418
1 0.732245 0.881179 0.019727 0.023447
1 0.733680 0.849810 0.040531 0.057034
1 0.712518 0.786439 0.024032 0.030418
1 0.682209 0.562104 0.029412 0.029151
1 0.664813 0.518695 0.010402 0.019645
1 0.676829 0.471166 0.029412 0.037389
1 0.670732 0.452155 0.030846 0.041191
1 0.666607 0.409379 0.028336 0.032953
1 0.641141 0.337769 0.009684 0.013942
1 0.630739 0.208492 0.025466 0.027883
1 0.633070 0.215146 0.025108 0.028517
1 0.815459 0.965779 0.026184 0.040558
1 0.625897 0.172687 0.031564 0.029785
1 0.708034 0.668568 0.031564 0.035488
