1 0.844922 0.971991 0.044010 0.056019
1 0.826042 0.881019 0.048958 0.054630
1 0.816016 0.822685 0.044010 0.051852
1 0.810547 0.785185 0.045573 0.050000
1 0.812370 0.760648 0.041927 0.047222
1 0.807943 0.729167 0.030469 0.050926
1 0.796224 0.708333 0.032031 0.050000
1 0.786589 0.687269 0.037240 0.046759
1 0.784375 0.659722 0.036979 0.041667
0 0.782422 0.639120 0.033073 0.043056
1 0.778776 0.611806 0.038802 0.051389
1 0.763151 0.534954 0.036719 0.046759
1 0.732292 0.540741 0.015625 0.068519
1 0.707943 0.543981 0.021094 0.057407
1 0.692448 0.539583 0.020313 0.057870
1 0.709245 0.612269 0.014844 0.056944
1 0.645964 0.525694 0.035156 0.043981
1 0.643750 0.546296 0.038542 0.041667
1 0.655339 0.613194 0.043490 0.051389
1 0.650521 0.634028 0.034375 0.037500
1 0.657422 0.656481 0.044531 0.046296
1 0.667318 0.677083 0.048177 0.043981
1 0.662370 0.689352 0.032552 0.040741
1 0.664323 0.708102 0.040104 0.041204
1 0.665495 0.728704 0.045052 0.046296
1 0.663542 0.751157 0.034896 0.041204
1 0.668490 0.774306 0.035937 0.043981
1 0.673047 0.806019 0.050781 0.047222
1 0.674219 0.861343 0.046875 0.059722
1 0.688542 0.956713 0.055208 0.050463
1 0.539974 0.537731 0.014844 0.063426
1 0.573047 0.530093 0.013281 0.054630
1 0.591016 0.535880 0.026823 0.044907
1 0.601823 0.567130 0.034896 0.041667
0 0.603516 0.601620 0.037240 0.043056
1 0.606901 0.619213 0.029427 0.037500
1 0.602344 0.636343 0.037500 0.045833
1 0.609245 0.666204 0.037240 0.050926
1 0.611068 0.693981 0.033594 0.041667
1 0.612240 0.715046 0.031250 0.043056
1 0.614714 0.744444 0.038802 0.048148
1 0.619271 0.766667 0.035417 0.046296
1 0.621745 0.800694 0.046094 0.045833
1 0.624349 0.826620 0.035677 0.043056
1 0.625000 0.856481 0.043229 0.043519
1 0.627995 0.884491 0.037760 0.045833
1 0.623698 0.907870 0.046875 0.052778
1 0.619141 0.949769 0.042448 0.043056
1 0.629818 0.974769 0.048698 0.050463
0 0.485026 0.973380 0.048698 0.053241
1 0.409245 0.975231 0.053906 0.048611
1 0.401823 0.956019 0.046875 0.055556
1 0.404167 0.924769 0.037500 0.054167
1 0.485547 0.910648 0.048177 0.049074
1 0.404818 0.881481 0.044531 0.048148
1 0.481771 0.849306 0.046875 0.049537
1 0.408724 0.843056 0.035677 0.048148
1 0.431641 0.822222 0.045573 0.061111
1 0.415625 0.806019 0.032292 0.053704
1 0.432292 0.777778 0.034896 0.047222
1 0.548438 0.165509 0.025000 0.028241
1 0.549089 0.181019 0.025260 0.027778
1 0.548568 0.192130 0.023177 0.027778
1 0.550000 0.218519 0.025000 0.031481
1 0.547526 0.236806 0.028385 0.028241
1 0.550521 0.260417 0.028646 0.030093
0 0.598698 0.244213 0.015625 0.036574
1 0.489844 0.008565 0.017708 0.016204
0 0.484896 0.011806 0.018229 0.019907
1 0.486068 0.016898 0.017448 0.023611
1 0.479297 0.022917 0.016406 0.019907
1 0.476302 0.031019 0.020833 0.023148
1 0.479297 0.037269 0.020573 0.021759
1 0.497396 0.039815 0.021875 0.026852
1 0.479818 0.047917 0.019531 0.023611
1 0.478646 0.052315 0.015625 0.020370
1 0.480599 0.063194 0.022135 0.020833
1 0.483073 0.074306 0.015104 0.020833
1 0.472266 0.075694 0.020052 0.028241
1 0.476693 0.081944 0.019531 0.028704
0 0.466797 0.088889 0.019010 0.026852
1 0.482552 0.096991 0.024479 0.027315
1 0.478646 0.103935 0.023958 0.026389
1 0.475000 0.111111 0.022917 0.024074
1 0.473568 0.118981 0.023177 0.028704
1 0.471745 0.138194 0.019010 0.028241
1 0.484245 0.152083 0.021094 0.026389
1 0.469922 0.159259 0.023177 0.029630
1 0.469271 0.168519 0.022917 0.027778
1 0.467448 0.178009 0.023438 0.025463
1 0.472266 0.200231 0.026823 0.029167
1 0.468099 0.210417 0.027865 0.029167
1 0.466797 0.229398 0.021615 0.026389
1 0.464323 0.238426 0.018750 0.025000
1 0.466146 0.247454 0.027604 0.027315
1 0.457943 0.255093 0.027344 0.031481
1 0.467448 0.259259 0.027604 0.026852
1 0.468750 0.275231 0.028125 0.027315
1 0.467969 0.290741 0.028125 0.032407
1 0.469922 0.298843 0.017448 0.023611
1 0.471094 0.306019 0.028125 0.029630
1 0.465625 0.324769 0.026042 0.037500
1 0.459896 0.341204 0.030208 0.036111
1 0.459245 0.356944 0.026302 0.030556
1 0.458724 0.367593 0.027344 0.029630
1 0.456771 0.378241 0.027604 0.035185
1 0.453125 0.393981 0.030208 0.043519
1 0.446745 0.414120 0.025781 0.034722
1 0.438672 0.442130 0.024740 0.038889
0 0.490495 0.489120 0.027344 0.027315
0 0.443750 0.474306 0.030208 0.035648
1 0.441797 0.489120 0.035156 0.037500
1 0.435026 0.518519 0.031510 0.037037
0 0.431250 0.537269 0.031250 0.032870
0 0.429818 0.548380 0.033073 0.038426
0 0.429297 0.562269 0.032552 0.034722
1 0.429948 0.575231 0.028125 0.032870
1 0.429297 0.591667 0.029948 0.033333
0 0.426172 0.609028 0.033594 0.037500
0 0.424740 0.623843 0.034896 0.036574
0 0.418620 0.639583 0.034635 0.042130
1 0.438151 0.686343 0.036719 0.043981
1 0.431771 0.714352 0.044271 0.047222
0 0.431771 0.740972 0.039583 0.040278
1 0.299349 0.957870 0.013281 0.023148
1 0.306120 0.931019 0.011198 0.021296
1 0.306250 0.900694 0.012500 0.030093
1 0.302344 0.882407 0.019271 0.023148
1 0.301042 0.850694 0.040625 0.056944
1 0.322396 0.787269 0.023958 0.030093
1 0.353646 0.560880 0.029167 0.029167
1 0.371094 0.517130 0.009896 0.019444
1 0.359245 0.468981 0.028906 0.037037
1 0.365495 0.449769 0.030469 0.041204
1 0.369792 0.406944 0.028125 0.032407
1 0.395573 0.334722 0.009375 0.012963
1 0.406250 0.204167 0.025000 0.027778
1 0.403776 0.210880 0.024740 0.028241
1 0.218620 0.967130 0.025781 0.040741
1 0.411198 0.168056 0.031250 0.029630
1 0.327344 0.668056 0.031250 0.035185
