1 0.839974 0.971528 0.044010 0.056019
1 0.821094 0.880556 0.048958 0.054630
1 0.811068 0.822222 0.044010 0.051852
1 0.805599 0.784722 0.045573 0.050000
1 0.807422 0.760185 0.041927 0.047222
1 0.802995 0.728704 0.030469 0.050926
1 0.791276 0.707870 0.032031 0.050000
1 0.781641 0.686806 0.037240 0.046759
1 0.779427 0.659259 0.036979 0.041667
0 0.777474 0.638657 0.033073 0.043056
1 0.773828 0.611343 0.038802 0.051389
1 0.758203 0.534491 0.036719 0.046759
1 0.727344 0.540278 0.015625 0.068519
1 0.702995 0.543519 0.021094 0.057407
1 0.687500 0.539120 0.020313 0.057870
1 0.704297 0.611806 0.014844 0.056944
1 0.641016 0.525231 0.035156 0.043981
1 0.638802 0.545833 0.038542 0.041667
1 0.650391 0.612731 0.043490 0.051389
1 0.645573 0.633565 0.034375 0.037500
1 0.652474 0.656019 0.044531 0.046296
1 0.662370 0.676620 0.048177 0.043981
1 0.657422 0.688889 0.032552 0.040741
1 0.659375 0.707639 0.040104 0.041204
1 0.660547 0.728241 0.045052 0.046296
1 0.658594 0.750694 0.034896 0.041204
1 0.663542 0.773843 0.035937 0.043981
1 0.668099 0.805556 0.050781 0.047222
1 0.669271 0.860880 0.046875 0.059722
1 0.683594 0.956250 0.055208 0.050463
1 0.535026 0.537269 0.014844 0.063426
1 0.568099 0.529630 0.013281 0.054630
1 0.586068 0.535417 0.026823 0.044907
1 0.596875 0.566667 0.034896 0.041667
0 0.598568 0.601157 0.037240 0.043056
1 0.601953 0.618750 0.029427 0.037500
1 0.597396 0.635880 0.037500 0.045833
1 0.604297 0.665741 0.037240 0.050926
1 0.606120 0.693519 0.033594 0.041667
1 0.607292 0.714583 0.031250 0.043056
1 0.609766 0.743981 0.038802 0.048148
1 0.614323 0.766204 0.035417 0.046296
1 0.616797 0.800231 0.046094 0.045833
1 0.619401 0.826157 0.035677 0.043056
1 0.620052 0.856019 0.043229 0.043519
1 0.623047 0.884028 0.037760 0.045833
1 0.618750 0.907407 0.046875 0.052778
1 0.614193 0.949306 0.042448 0.043056
1 0.624870 0.974306 0.048698 0.050463
0 0.480078 0.972917 0.048698 0.053241
1 0.404297 0.974769 0.053906 0.048611
1 0.396875 0.955556 0.046875 0.055556
1 0.399219 0.924306 0.037500 0.054167
1 0.480599 0.910185 0.048177 0.049074
1 0.399870 0.881019 0.044531 0.048148
1 0.476823 0.848843 0.046875 0.049537
1 0.403776 0.842593 0.035677 0.048148
1 0.426693 0.821759 0.045573 0.061111
1 0.410677 0.805556 0.032292 0.053704
1 0.427344 0.777315 0.034896 0.047222
1 0.543490 0.165046 0.025000 0.028241
1 0.544141 0.180556 0.025260 0.027778
1 0.543620 0.191667 0.023177 0.027778
1 0.545052 0.218056 0.025000 0.031481
1 0.542578 0.236343 0.028385 0.028241
1 0.545573 0.259954 0.028646 0.030093
0 0.593750 0.243750 0.015625 0.036574
1 0.484896 0.008102 0.017708 0.016204
0 0.479948 0.011343 0.018229 0.019907
1 0.481120 0.016435 0.017448 0.023611
1 0.474349 0.022454 0.016406 0.019907
1 0.471354 0.030556 0.020833 0.023148
1 0.474349 0.036806 0.020573 0.021759
1 0.492448 0.039352 0.021875 0.026852
1 0.474870 0.047454 0.019531 0.023611
1 0.473698 0.051852 0.015625 0.020370
1 0.475651 0.062731 0.022135 0.020833
1 0.478125 0.073843 0.015104 0.020833
1 0.467318 0.075231 0.020052 0.028241
1 0.471745 0.081481 0.019531 0.028704
0 0.461849 0.088426 0.019010 0.026852
1 0.477604 0.096528 0.024479 0.027315
1 0.473698 0.103472 0.023958 0.026389
1 0.470052 0.110648 0.022917 0.024074
1 0.468620 0.118519 0.023177 0.028704
1 0.466797 0.137731 0.019010 0.028241
1 0.479297 0.151620 0.021094 0.026389
1 0.464974 0.158796 0.023177 0.029630
1 0.464323 0.168056 0.022917 0.027778
1 0.462500 0.177546 0.023438 0.025463
1 0.467318 0.199769 0.026823 0.029167
1 0.463151 0.209954 0.027865 0.029167
1 0.461849 0.228935 0.021615 0.026389
1 0.459375 0.237963 0.018750 0.025000
1 0.461198 0.246991 0.027604 0.027315
1 0.452995 0.254630 0.027344 0.031481
1 0.462500 0.258796 0.027604 0.026852
1 0.463802 0.274769 0.028125 0.027315
1 0.463021 0.290278 0.028125 0.032407
1 0.464974 0.298380 0.017448 0.023611
1 0.466146 0.305556 0.028125 0.029630
1 0.460677 0.324306 0.026042 0.037500
1 0.454948 0.340741 0.030208 0.036111
1 0.454297 0.356481 0.026302 0.030556
1 0.453776 0.367130 0.027344 0.029630
1 0.451823 0.377778 0.027604 0.035185
1 0.448177 0.393519 0.030208 0.043519
1 0.441797 0.413657 0.025781 0.034722
1 0.433724 0.441667 0.024740 0.038889
0 0.485547 0.488657 0.027344 0.027315
0 0.438802 0.473843 0.030208 0.035648
1 0.436849 0.488657 0.035156 0.037500
1 0.430078 0.518056 0.031510 0.037037
0 0.426302 0.536806 0.031250 0.032870
0 0.424870 0.547917 0.033073 0.038426
0 0.424349 0.561806 0.032552 0.034722
1 0.425000 0.574769 0.028125 0.032870
1 0.424349 0.591204 0.029948 0.033333
0 0.421224 0.608565 0.033594 0.037500
0 0.419792 0.623380 0.034896 0.036574
0 0.413672 0.639120 0.034635 0.042130
1 0.433203 0.685880 0.036719 0.043981
1 0.426823 0.713889 0.044271 0.047222
0 0.426823 0.740509 0.039583 0.040278
1 0.294401 0.957407 0.013281 0.023148
1 0.301172 0.930556 0.011198 0.021296
1 0.301302 0.900231 0.012500 0.030093
1 0.297396 0.881944 0.019271 0.023148
1 0.296094 0.850231 0.040625 0.056944
1 0.317448 0.786806 0.023958 0.030093
1 0.348698 0.560417 0.029167 0.029167
1 0.366146 0.516667 0.009896 0.019444
1 0.354297 0.468519 0.028906 0.037037
1 0.360547 0.449306 0.030469 0.041204
1 0.364844 0.406481 0.028125 0.032407
1 0.390625 0.334259 0.009375 0.012963
1 0.401302 0.203704 0.025000 0.027778
1 0.398828 0.210417 0.024740 0.028241
1 0.213672 0.966667 0.025781 0.040741
1 0.406250 0.167593 0.031250 0.029630
1 0.322396 0.667593 0.031250 0.035185
