1 0.155078 0.971991 0.044010 0.056019
1 0.173958 0.881019 0.048958 0.054630
1 0.183984 0.822685 0.044010 0.051852
1 0.189453 0.785185 0.045573 0.050000
1 0.187630 0.760648 0.041927 0.047222
1 0.192057 0.729167 0.030469 0.050926
1 0.203776 0.708333 0.032031 0.050000
1 0.213411 0.687269 0.037240 0.046759
1 0.215625 0.659722 0.036979 0.041667
0 0.217578 0.639120 0.033073 0.043056
1 0.221224 0.611806 0.038802 0.051389
1 0.236849 0.534954 0.036719 0.046759
1 0.267708 0.540741 0.015625 0.068519
1 0.292057 0.543981 0.021094 0.057407
1 0.307552 0.539583 0.020313 0.057870
1 0.290755 0.612269 0.014844 0.056944
1 0.354036 0.525694 0.035156 0.043981
1 0.356250 0.546296 0.038542 0.041667
1 0.344661 0.613194 0.043490 0.051389
1 0.349479 0.634028 0.034375 0.037500
1 0.342578 0.656481 0.044531 0.046296
1 0.332682 0.677083 0.048177 0.043981
1 0.337630 0.689352 0.032552 0.040741
1 0.335677 0.708102 0.040104 0.041204
1 0.334505 0.728704 0.045052 0.046296
1 0.336458 0.751157 0.034896 0.041204
1 0.331510 0.774306 0.035937 0.043981
1 0.326953 0.806019 0.050781 0.047222
1 0.325781 0.861343 0.046875 0.059722
1 0.311458 0.956713 0.055208 0.050463
1 0.460026 0.537731 0.014844 0.063426
1 0.426953 0.530093 0.013281 0.054630
1 0.408984 0.535880 0.026823 0.044907
1 0.398177 0.567130 0.034896 0.041667
0 0.396484 0.601620 0.037240 0.043056
1 0.393099 0.619213 0.029427 0.037500
1 0.397656 0.636343 0.037500 0.045833
1 0.390755 0.666204 0.037240 0.050926
1 0.388932 0.693981 0.033594 0.041667
1 0.387760 0.715046 0.031250 0.043056
1 0.385286 0.744444 0.038802 0.048148
1 0.380729 0.766667 0.035417 0.046296
1 0.378255 0.800694 0.046094 0.045833
1 0.375651 0.826620 0.035677 0.043056
1 0.375000 0.856481 0.043229 0.043519
1 0.372005 0.884491 0.037760 0.045833
1 0.376302 0.907870 0.046875 0.052778
1 0.380859 0.949769 0.042448 0.043056
1 0.370182 0.974769 0.048698 0.050463
0 0.514974 0.973380 0.048698 0.053241
1 0.590755 0.975231 0.053906 0.048611
1 0.598177 0.956019 0.046875 0.055556
1 0.595833 0.924769 0.037500 0.054167
1 0.514453 0.910648 0.048177 0.049074
1 0.595182 0.881481 0.044531 0.048148
1 0.518229 0.849306 0.046875 0.049537
1 0.591276 0.843056 0.035677 0.048148
1 0.568359 0.822222 0.045573 0.061111
1 0.584375 0.806019 0.032292 0.053704
1 0.567708 0.777778 0.034896 0.047222
1 0.451562 0.165509 0.025000 0.028241
1 0.450911 0.181019 0.025260 0.027778
1 0.451432 0.192130 0.023177 0.027778
1 0.450000 0.218519 0.025000 0.031481
1 0.452474 0.236806 0.028385 0.028241
1 0.449479 0.260417 0.028646 0.030093
0 0.401302 0.244213 0.015625 0.036574
1 0.510156 0.008565 0.017708 0.016204
0 0.515104 0.011806 0.018229 0.019907
1 0.513932 0.016898 0.017448 0.023611
1 0.520703 0.022917 0.016406 0.019907
1 0.523698 0.031019 0.020833 0.023148
1 0.520703 0.037269 0.020573 0.021759
1 0.502604 0.039815 0.021875 0.026852
1 0.520182 0.047917 0.019531 0.023611
1 0.521354 0.052315 0.015625 0.020370
1 0.519401 0.063194 0.022135 0.020833
1 0.516927 0.074306 0.015104 0.020833
1 0.527734 0.075694 0.020052 0.028241
1 0.523307 0.081944 0.019531 0.028704
0 0.533203 0.088889 0.019010 0.026852
1 0.517448 0.096991 0.024479 0.027315
1 0.521354 0.103935 0.023958 0.026389
1 0.525000 0.111111 0.022917 0.024074
1 0.526432 0.118981 0.023177 0.028704
1 0.528255 0.138194 0.019010 0.028241
1 0.515755 0.152083 0.021094 0.026389
1 0.530078 0.159259 0.023177 0.029630
1 0.530729 0.168519 0.022917 0.027778
1 0.532552 0.178009 0.023438 0.025463
1 0.527734 0.200231 0.026823 0.029167
1 0.531901 0.210417 0.027865 0.029167
1 0.533203 0.229398 0.021615 0.026389
1 0.535677 0.238426 0.018750 0.025000
1 0.533854 0.247454 0.027604 0.027315
1 0.542057 0.255093 0.027344 0.031481
1 0.532552 0.259259 0.027604 0.026852
1 0.531250 0.275231 0.028125 0.027315
1 0.532031 0.290741 0.028125 0.032407
1 0.530078 0.298843 0.017448 0.023611
1 0.528906 0.306019 0.028125 0.029630
1 0.534375 0.324769 0.026042 0.037500
1 0.540104 0.341204 0.030208 0.036111
1 0.540755 0.356944 0.026302 0.030556
1 0.541276 0.367593 0.027344 0.029630
1 0.543229 0.378241 0.027604 0.035185
1 0.546875 0.393981 0.030208 0.043519
1 0.553255 0.414120 0.025781 0.034722
1 0.561328 0.442130 0.024740 0.038889
0 0.509505 0.489120 0.027344 0.027315
0 0.556250 0.474306 0.030208 0.035648
1 0.558203 0.489120 0.035156 0.037500
1 0.564974 0.518519 0.031510 0.037037
0 0.568750 0.537269 0.031250 0.032870
0 0.570182 0.548380 0.033073 0.038426
0 0.570703 0.562269 0.032552 0.034722
1 0.570052 0.575231 0.028125 0.032870
1 0.570703 0.591667 0.029948 0.033333
0 0.573828 0.609028 0.033594 0.037500
0 0.575260 0.623843 0.034896 0.036574
0 0.581380 0.639583 0.034635 0.042130
1 0.561849 0.686343 0.036719 0.043981
1 0.568229 0.714352 0.044271 0.047222
0 0.568229 0.740972 0.039583 0.040278
1 0.700651 0.957870 0.013281 0.023148
1 0.693880 0.931019 0.011198 0.021296
1 0.693750 0.900694 0.012500 0.030093
1 0.697656 0.882407 0.019271 0.023148
1 0.698958 0.850694 0.040625 0.056944
1 0.677604 0.787269 0.023958 0.030093
1 0.646354 0.560880 0.029167 0.029167
1 0.628906 0.517130 0.009896 0.019444
1 0.640755 0.468981 0.028906 0.037037
1 0.634505 0.449769 0.030469 0.041204
1 0.630208 0.406944 0.028125 0.032407
1 0.604427 0.334722 0.009375 0.012963
1 0.593750 0.204167 0.025000 0.027778
1 0.596224 0.210880 0.024740 0.028241
1 0.781380 0.967130 0.025781 0.040741
1 0.588802 0.168056 0.031250 0.029630
1 0.672656 0.668056 0.031250 0.035185
