1 0.192578 0.971528 0.044010 0.056019
1 0.211458 0.880556 0.048958 0.054630
1 0.221484 0.822222 0.044010 0.051852
1 0.226953 0.784722 0.045573 0.050000
1 0.225130 0.760185 0.041927 0.047222
1 0.229557 0.728704 0.030469 0.050926
1 0.241276 0.707870 0.032031 0.050000
1 0.250911 0.686806 0.037240 0.046759
1 0.253125 0.659259 0.036979 0.041667
0 0.255078 0.638657 0.033073 0.043056
1 0.258724 0.611343 0.038802 0.051389
1 0.274349 0.534491 0.036719 0.046759
1 0.305208 0.540278 0.015625 0.068519
1 0.329557 0.543519 0.021094 0.057407
1 0.345052 0.539120 0.020313 0.057870
1 0.328255 0.611806 0.014844 0.056944
1 0.391536 0.525231 0.035156 0.043981
1 0.393750 0.545833 0.038542 0.041667
1 0.382161 0.612731 0.043490 0.051389
1 0.386979 0.633565 0.034375 0.037500
1 0.380078 0.656019 0.044531 0.046296
1 0.370182 0.676620 0.048177 0.043981
1 0.375130 0.688889 0.032552 0.040741
1 0.373177 0.707639 0.040104 0.041204
1 0.372005 0.728241 0.045052 0.046296
1 0.373958 0.750694 0.034896 0.041204
1 0.369010 0.773843 0.035937 0.043981
1 0.364453 0.805556 0.050781 0.047222
1 0.363281 0.860880 0.046875 0.059722
1 0.348958 0.956250 0.055208 0.050463
1 0.497526 0.537269 0.014844 0.063426
1 0.464453 0.529630 0.013281 0.054630
1 0.446484 0.535417 0.026823 0.044907
1 0.435677 0.566667 0.034896 0.041667
0 0.433984 0.601157 0.037240 0.043056
1 0.430599 0.618750 0.029427 0.037500
1 0.435156 0.635880 0.037500 0.045833
1 0.428255 0.665741 0.037240 0.050926
1 0.426432 0.693519 0.033594 0.041667
1 0.425260 0.714583 0.031250 0.043056
1 0.422786 0.743981 0.038802 0.048148
1 0.418229 0.766204 0.035417 0.046296
1 0.415755 0.800231 0.046094 0.045833
1 0.413151 0.826157 0.035677 0.043056
1 0.412500 0.856019 0.043229 0.043519
1 0.409505 0.884028 0.037760 0.045833
1 0.413802 0.907407 0.046875 0.052778
1 0.418359 0.949306 0.042448 0.043056
1 0.407682 0.974306 0.048698 0.050463
0 0.552474 0.972917 0.048698 0.053241
1 0.628255 0.974769 0.053906 0.048611
1 0.635677 0.955556 0.046875 0.055556
1 0.633333 0.924306 0.037500 0.054167
1 0.551953 0.910185 0.048177 0.049074
1 0.632682 0.881019 0.044531 0.048148
1 0.555729 0.848843 0.046875 0.049537
1 0.628776 0.842593 0.035677 0.048148
1 0.605859 0.821759 0.045573 0.061111
1 0.621875 0.805556 0.032292 0.053704
1 0.605208 0.777315 0.034896 0.047222
1 0.489063 0.165046 0.025000 0.028241
1 0.488411 0.180556 0.025260 0.027778
1 0.488932 0.191667 0.023177 0.027778
1 0.487500 0.218056 0.025000 0.031481
1 0.489974 0.236343 0.028385 0.028241
1 0.486979 0.259954 0.028646 0.030093
0 0.438802 0.243750 0.015625 0.036574
1 0.547656 0.008102 0.017708 0.016204
0 0.552604 0.011343 0.018229 0.019907
1 0.551432 0.016435 0.017448 0.023611
1 0.558203 0.022454 0.016406 0.019907
1 0.561198 0.030556 0.020833 0.023148
1 0.558203 0.036806 0.020573 0.021759
1 0.540104 0.039352 0.021875 0.026852
1 0.557682 0.047454 0.019531 0.023611
1 0.558854 0.051852 0.015625 0.020370
1 0.556901 0.062731 0.022135 0.020833
1 0.554427 0.073843 0.015104 0.020833
1 0.565234 0.075231 0.020052 0.028241
1 0.560807 0.081481 0.019531 0.028704
0 0.570703 0.088426 0.019010 0.026852
1 0.554948 0.096528 0.024479 0.027315
1 0.558854 0.103472 0.023958 0.026389
1 0.562500 0.110648 0.022917 0.024074
1 0.563932 0.118519 0.023177 0.028704
1 0.565755 0.137731 0.019010 0.028241
1 0.553255 0.151620 0.021094 0.026389
1 0.567578 0.158796 0.023177 0.029630
1 0.568229 0.168056 0.022917 0.027778
1 0.570052 0.177546 0.023438 0.025463
1 0.565234 0.199769 0.026823 0.029167
1 0.569401 0.209954 0.027865 0.029167
1 0.570703 0.228935 0.021615 0.026389
1 0.573177 0.237963 0.018750 0.025000
1 0.571354 0.246991 0.027604 0.027315
1 0.579557 0.254630 0.027344 0.031481
1 0.570052 0.258796 0.027604 0.026852
1 0.568750 0.274769 0.028125 0.027315
1 0.569531 0.290278 0.028125 0.032407
1 0.567578 0.298380 0.017448 0.023611
1 0.566406 0.305556 0.028125 0.029630
1 0.571875 0.324306 0.026042 0.037500
1 0.577604 0.340741 0.030208 0.036111
1 0.578255 0.356481 0.026302 0.030556
1 0.578776 0.367130 0.027344 0.029630
1 0.580729 0.377778 0.027604 0.035185
1 0.584375 0.393519 0.030208 0.043519
1 0.590755 0.413657 0.025781 0.034722
1 0.598828 0.441667 0.024740 0.038889
0 0.547005 0.488657 0.027344 0.027315
0 0.593750 0.473843 0.030208 0.035648
1 0.595703 0.488657 0.035156 0.037500
1 0.602474 0.518056 0.031510 0.037037
0 0.606250 0.536806 0.031250 0.032870
0 0.607682 0.547917 0.033073 0.038426
0 0.608203 0.561806 0.032552 0.034722
1 0.607552 0.574769 0.028125 0.032870
1 0.608203 0.591204 0.029948 0.033333
0 0.611328 0.608565 0.033594 0.037500
0 0.612760 0.623380 0.034896 0.036574
0 0.618880 0.639120 0.034635 0.042130
1 0.599349 0.685880 0.036719 0.043981
1 0.605729 0.713889 0.044271 0.047222
0 0.605729 0.740509 0.039583 0.040278
1 0.738151 0.957407 0.013281 0.023148
1 0.731380 0.930556 0.011198 0.021296
1 0.731250 0.900231 0.012500 0.030093
1 0.735156 0.881944 0.019271 0.023148
1 0.736458 0.850231 0.040625 0.056944
1 0.715104 0.786806 0.023958 0.030093
1 0.683854 0.560417 0.029167 0.029167
1 0.666406 0.516667 0.009896 0.019444
1 0.678255 0.468519 0.028906 0.037037
1 0.672005 0.449306 0.030469 0.041204
1 0.667708 0.406481 0.028125 0.032407
1 0.641927 0.334259 0.009375 0.012963
1 0.631250 0.203704 0.025000 0.027778
1 0.633724 0.210417 0.024740 0.028241
1 0.818880 0.966667 0.025781 0.040741
1 0.626302 0.167593 0.031250 0.029630
1 0.710156 0.667593 0.031250 0.035185
