1 0.147266 0.971528 0.044010 0.056019
1 0.166146 0.880556 0.048958 0.054630
1 0.176172 0.822222 0.044010 0.051852
1 0.181641 0.784722 0.045573 0.050000
1 0.179818 0.760185 0.041927 0.047222
1 0.184245 0.728704 0.030469 0.050926
1 0.195964 0.707870 0.032031 0.050000
1 0.205599 0.686806 0.037240 0.046759
1 0.207813 0.659259 0.036979 0.041667
0 0.209766 0.638657 0.033073 0.043056
1 0.213411 0.611343 0.038802 0.051389
1 0.229036 0.534491 0.036719 0.046759
1 0.259896 0.540278 0.015625 0.068519
1 0.284245 0.543519 0.021094 0.057407
1 0.299740 0.539120 0.020313 0.057870
1 0.282943 0.611806 0.014844 0.056944
1 0.346224 0.525231 0.035156 0.043981
1 0.348438 0.545833 0.038542 0.041667
1 0.336849 0.612731 0.043490 0.051389
1 0.341667 0.633565 0.034375 0.037500
1 0.334766 0.656019 0.044531 0.046296
1 0.324870 0.676620 0.048177 0.043981
1 0.329818 0.688889 0.032552 0.040741
1 0.327865 0.707639 0.040104 0.041204
1 0.326693 0.728241 0.045052 0.046296
1 0.328646 0.750694 0.034896 0.041204
1 0.323698 0.773843 0.035937 0.043981
1 0.319141 0.805556 0.050781 0.047222
1 0.317969 0.860880 0.046875 0.059722
1 0.303646 0.956250 0.055208 0.050463
1 0.452214 0.537269 0.014844 0.063426
1 0.419141 0.529630 0.013281 0.054630
1 0.401172 0.535417 0.026823 0.044907
1 0.390365 0.566667 0.034896 0.041667
0 0.388672 0.601157 0.037240 0.043056
1 0.385286 0.618750 0.029427 0.037500
1 0.389844 0.635880 0.037500 0.045833
1 0.382943 0.665741 0.037240 0.050926
1 0.381120 0.693519 0.033594 0.041667
1 0.379948 0.714583 0.031250 0.043056
1 0.377474 0.743981 0.038802 0.048148
1 0.372917 0.766204 0.035417 0.046296
1 0.370443 0.800231 0.046094 0.045833
1 0.367839 0.826157 0.035677 0.043056
1 0.367188 0.856019 0.043229 0.043519
1 0.364193 0.884028 0.037760 0.045833
1 0.368490 0.907407 0.046875 0.052778
1 0.373047 0.949306 0.042448 0.043056
1 0.362370 0.974306 0.048698 0.050463
0 0.507161 0.972917 0.048698 0.053241
1 0.582943 0.974769 0.053906 0.048611
1 0.590365 0.955556 0.046875 0.055556
1 0.588021 0.924306 0.037500 0.054167
1 0.506641 0.910185 0.048177 0.049074
1 0.587370 0.881019 0.044531 0.048148
1 0.510417 0.848843 0.046875 0.049537
1 0.583464 0.842593 0.035677 0.048148
1 0.560547 0.821759 0.045573 0.061111
1 0.576562 0.805556 0.032292 0.053704
1 0.559896 0.777315 0.034896 0.047222
1 0.443750 0.165046 0.025000 0.028241
1 0.443099 0.180556 0.025260 0.027778
1 0.443620 0.191667 0.023177 0.027778
1 0.442188 0.218056 0.025000 0.031481
1 0.444661 0.236343 0.028385 0.028241
1 0.441667 0.259954 0.028646 0.030093
0 0.393490 0.243750 0.015625 0.036574
1 0.502344 0.008102 0.017708 0.016204
0 0.507292 0.011343 0.018229 0.019907
1 0.506120 0.016435 0.017448 0.023611
1 0.512891 0.022454 0.016406 0.019907
1 0.515885 0.030556 0.020833 0.023148
1 0.512891 0.036806 0.020573 0.021759
1 0.494792 0.039352 0.021875 0.026852
1 0.512370 0.047454 0.019531 0.023611
1 0.513542 0.051852 0.015625 0.020370
1 0.511589 0.062731 0.022135 0.020833
1 0.509115 0.073843 0.015104 0.020833
1 0.519922 0.075231 0.020052 0.028241
1 0.515495 0.081481 0.019531 0.028704
0 0.525391 0.088426 0.019010 0.026852
1 0.509635 0.096528 0.024479 0.027315
1 0.513542 0.103472 0.023958 0.026389
1 0.517188 0.110648 0.022917 0.024074
1 0.518620 0.118519 0.023177 0.028704
1 0.520443 0.137731 0.019010 0.028241
1 0.507943 0.151620 0.021094 0.026389
1 0.522266 0.158796 0.023177 0.029630
1 0.522917 0.168056 0.022917 0.027778
1 0.524740 0.177546 0.023438 0.025463
1 0.519922 0.199769 0.026823 0.029167
1 0.524089 0.209954 0.027865 0.029167
1 0.525391 0.228935 0.021615 0.026389
1 0.527865 0.237963 0.018750 0.025000
1 0.526042 0.246991 0.027604 0.027315
1 0.534245 0.254630 0.027344 0.031481
1 0.524740 0.258796 0.027604 0.026852
1 0.523438 0.274769 0.028125 0.027315
1 0.524219 0.290278 0.028125 0.032407
1 0.522266 0.298380 0.017448 0.023611
1 0.521094 0.305556 0.028125 0.029630
1 0.526563 0.324306 0.026042 0.037500
1 0.532292 0.340741 0.030208 0.036111
1 0.532943 0.356481 0.026302 0.030556
1 0.533464 0.367130 0.027344 0.029630
1 0.535417 0.377778 0.027604 0.035185
1 0.539062 0.393519 0.030208 0.043519
1 0.545443 0.413657 0.025781 0.034722
1 0.553516 0.441667 0.024740 0.038889
0 0.501693 0.488657 0.027344 0.027315
0 0.548438 0.473843 0.030208 0.035648
1 0.550391 0.488657 0.035156 0.037500
1 0.557161 0.518056 0.031510 0.037037
0 0.560937 0.536806 0.031250 0.032870
0 0.562370 0.547917 0.033073 0.038426
0 0.562891 0.561806 0.032552 0.034722
1 0.562240 0.574769 0.028125 0.032870
1 0.562891 0.591204 0.029948 0.033333
0 0.566016 0.608565 0.033594 0.037500
0 0.567448 0.623380 0.034896 0.036574
0 0.573568 0.639120 0.034635 0.042130
1 0.554036 0.685880 0.036719 0.043981
1 0.560417 0.713889 0.044271 0.047222
0 0.560417 0.740509 0.039583 0.040278
1 0.692839 0.957407 0.013281 0.023148
1 0.686068 0.930556 0.011198 0.021296
1 0.685937 0.900231 0.012500 0.030093
1 0.689844 0.881944 0.019271 0.023148
1 0.691146 0.850231 0.040625 0.056944
1 0.669792 0.786806 0.023958 0.030093
1 0.638542 0.560417 0.029167 0.029167
1 0.621094 0.516667 0.009896 0.019444
1 0.632943 0.468519 0.028906 0.037037
1 0.626693 0.449306 0.030469 0.041204
1 0.622396 0.406481 0.028125 0.032407
1 0.596615 0.334259 0.009375 0.012963
1 0.585938 0.203704 0.025000 0.027778
1 0.588411 0.210417 0.024740 0.028241
1 0.773568 0.966667 0.025781 0.040741
1 0.580990 0.167593 0.031250 0.029630
1 0.664844 0.667593 0.031250 0.035185
