1 0.460755 0.973287 0.046426 0.023229
1 0.447896 0.864983 0.062792 0.057491
1 0.443721 0.827526 0.062458 0.063879
1 0.441884 0.771777 0.068136 0.070848
1 0.447061 0.673635 0.066466 0.060395
1 0.442719 0.624564 0.061122 0.069106
1 0.441049 0.583333 0.058450 0.070267
1 0.433868 0.549942 0.059452 0.047619
1 0.435705 0.521196 0.047762 0.055168
1 0.431697 0.500000 0.057782 0.054588
1 0.435538 0.467770 0.056112 0.051684
1 0.427021 0.428571 0.055110 0.054588
1 0.425184 0.391696 0.048096 0.052846
1 0.416333 0.360918 0.041750 0.054007
1 0.419840 0.333333 0.053440 0.054588
1 0.421343 0.314750 0.053774 0.058072
1 0.417502 0.278455 0.047428 0.060976
1 0.411991 0.246516 0.043086 0.060976
1 0.414830 0.203833 0.038744 0.049942
1 0.414162 0.159408 0.049432 0.057491
1 0.404142 0.139663 0.048096 0.050523
0 0.408150 0.103078 0.045424 0.054007
1 0.405311 0.085656 0.047762 0.058653
1 0.394790 0.043264 0.044756 0.048200
1 0.404643 0.026423 0.039746 0.014518
1 0.636774 0.961092 0.064462 0.037166
1 0.612391 0.931185 0.031062 0.055168
1 0.604876 0.866725 0.024048 0.037747
1 0.601369 0.819686 0.014362 0.040070
1 0.678858 0.655052 0.076486 0.056911
1 0.595023 0.677410 0.060454 0.064460
1 0.602371 0.630372 0.064462 0.040070
1 0.676353 0.616725 0.070808 0.052265
1 0.581830 0.605110 0.038744 0.033682
1 0.577655 0.570267 0.041082 0.044135
1 0.570975 0.435250 0.051102 0.073751
0 0.530728 0.336818 0.027388 0.025552
1 0.537575 0.307201 0.015698 0.029036
1 0.537909 0.272067 0.016366 0.038908
1 0.621242 0.310395 0.027388 0.037747
1 0.610220 0.152149 0.042752 0.047619
1 0.532231 0.243612 0.012358 0.024971
1 0.530728 0.223868 0.012692 0.028455
1 0.537909 0.193089 0.030394 0.044715
0 0.541082 0.163763 0.044088 0.051103
1 0.535404 0.143728 0.046092 0.045877
1 0.512191 0.027294 0.045090 0.023229
1 0.746994 0.086818 0.027054 0.083043
1 0.782398 0.097271 0.015698 0.051684
0 0.775718 0.132985 0.049766 0.042973
0 0.776887 0.164053 0.039412 0.033101
1 0.781563 0.202091 0.016700 0.027875
1 0.787909 0.225319 0.018036 0.032520
1 0.797762 0.245354 0.023046 0.043554
1 0.801436 0.271196 0.023714 0.030197
0 0.810287 0.283391 0.035404 0.040650
1 0.814629 0.346400 0.022044 0.038908
0 0.866733 0.586818 0.028056 0.028455
0 0.905144 0.754065 0.042752 0.033101
1 0.910822 0.731707 0.018704 0.025552
1 0.930862 0.809814 0.029392 0.059814
1 0.971610 0.909408 0.055444 0.052265
1 0.938878 0.861498 0.035404 0.036585
0 0.979459 0.950348 0.040414 0.023810
1 0.872912 0.624855 0.029058 0.037166
