1 0.384115 0.987731 0.046875 0.023611
1 0.372266 0.875231 0.063281 0.058796
1 0.368490 0.836343 0.062500 0.065278
1 0.367188 0.778935 0.068750 0.072685
1 0.373437 0.677778 0.066667 0.062037
1 0.369661 0.627083 0.061719 0.070833
1 0.368359 0.584028 0.058594 0.071759
1 0.361458 0.549769 0.059896 0.048611
1 0.363542 0.519907 0.047917 0.056481
1 0.359766 0.497917 0.058073 0.056019
1 0.364063 0.464815 0.056250 0.052778
1 0.355859 0.423843 0.055469 0.056019
1 0.354557 0.385880 0.048177 0.054167
1 0.345964 0.353704 0.041927 0.055556
1 0.349740 0.325231 0.053646 0.056019
1 0.351432 0.306019 0.053906 0.059259
1 0.347786 0.268519 0.047656 0.062963
1 0.342708 0.235417 0.043229 0.062500
1 0.345964 0.191204 0.038802 0.050926
1 0.345833 0.145602 0.049479 0.058796
1 0.335807 0.124769 0.048177 0.051389
0 0.340234 0.086806 0.045573 0.055093
1 0.337760 0.068981 0.047917 0.060185
1 0.327604 0.024769 0.044792 0.049537
1 0.337630 0.007639 0.039844 0.014352
1 0.562109 0.981019 0.064844 0.037963
1 0.537760 0.949306 0.031250 0.056019
1 0.530859 0.882407 0.023698 0.038889
1 0.527734 0.833796 0.014323 0.040741
1 0.607943 0.666204 0.076823 0.058333
1 0.522917 0.686343 0.060937 0.066204
1 0.530859 0.638194 0.064844 0.041204
1 0.605859 0.626620 0.071094 0.053241
1 0.510286 0.611343 0.038802 0.033796
1 0.506510 0.575231 0.041146 0.044907
1 0.501432 0.435648 0.051302 0.075926
0 0.461589 0.332407 0.027344 0.025926
1 0.469010 0.302315 0.015625 0.029630
1 0.469531 0.265972 0.016146 0.039352
1 0.553516 0.308333 0.027344 0.038889
1 0.544010 0.144444 0.042708 0.049074
1 0.464193 0.236343 0.012240 0.025463
1 0.462760 0.215972 0.012500 0.029167
1 0.470443 0.184259 0.030469 0.045370
0 0.473958 0.154398 0.044271 0.052315
1 0.468490 0.133333 0.046354 0.046296
1 0.446354 0.012269 0.045312 0.023611
1 0.682813 0.081481 0.027083 0.085185
1 0.718490 0.093519 0.015625 0.052778
0 0.711458 0.130093 0.050000 0.043519
0 0.712240 0.162269 0.039583 0.033796
1 0.716536 0.201852 0.016406 0.027778
1 0.722786 0.226157 0.017969 0.032870
1 0.732292 0.246991 0.022917 0.043981
1 0.735807 0.273843 0.023698 0.031019
0 0.744661 0.286806 0.035677 0.041204
1 0.748437 0.351852 0.021875 0.039815
0 0.798438 0.601852 0.028125 0.028704
0 0.835286 0.776157 0.042969 0.033796
1 0.841406 0.753241 0.018750 0.025926
1 0.860807 0.834491 0.029427 0.061574
1 0.900911 0.938657 0.055469 0.053241
1 0.868359 0.887963 0.035677 0.037037
0 0.908333 0.981019 0.040625 0.024074
1 0.804167 0.641667 0.029167 0.037963
