1 0.544792 0.012269 0.046875 0.023611
1 0.556641 0.124769 0.063281 0.058796
1 0.560417 0.163657 0.062500 0.065278
1 0.561719 0.221065 0.068750 0.072685
1 0.555469 0.322222 0.066667 0.062037
1 0.559245 0.372917 0.061719 0.070833
1 0.560547 0.415972 0.058594 0.071759
1 0.567448 0.450231 0.059896 0.048611
1 0.565365 0.480093 0.047917 0.056481
1 0.569141 0.502083 0.058073 0.056019
1 0.564844 0.535185 0.056250 0.052778
1 0.573047 0.576157 0.055469 0.056019
1 0.574349 0.614120 0.048177 0.054167
1 0.582943 0.646296 0.041927 0.055556
1 0.579167 0.674769 0.053646 0.056019
1 0.577474 0.693981 0.053906 0.059259
1 0.581120 0.731481 0.047656 0.062963
1 0.586198 0.764583 0.043229 0.062500
1 0.582943 0.808796 0.038802 0.050926
1 0.583073 0.854398 0.049479 0.058796
1 0.593099 0.875231 0.048177 0.051389
0 0.588672 0.913194 0.045573 0.055093
1 0.591146 0.931019 0.047917 0.060185
1 0.601302 0.975231 0.044792 0.049537
1 0.591276 0.992361 0.039844 0.014352
1 0.366797 0.018981 0.064844 0.037963
1 0.391146 0.050694 0.031250 0.056019
1 0.398047 0.117593 0.023698 0.038889
1 0.401172 0.166204 0.014323 0.040741
1 0.320964 0.333796 0.076823 0.058333
1 0.405990 0.313657 0.060937 0.066204
1 0.398047 0.361806 0.064844 0.041204
1 0.323047 0.373380 0.071094 0.053241
1 0.418620 0.388657 0.038802 0.033796
1 0.422396 0.424769 0.041146 0.044907
1 0.427474 0.564352 0.051302 0.075926
0 0.467318 0.667593 0.027344 0.025926
1 0.459896 0.697685 0.015625 0.029630
1 0.459375 0.734028 0.016146 0.039352
1 0.375391 0.691667 0.027344 0.038889
1 0.384896 0.855556 0.042708 0.049074
1 0.464714 0.763657 0.012240 0.025463
1 0.466146 0.784028 0.012500 0.029167
1 0.458464 0.815741 0.030469 0.045370
0 0.454948 0.845602 0.044271 0.052315
1 0.460417 0.866667 0.046354 0.046296
1 0.482552 0.987731 0.045312 0.023611
1 0.246094 0.918519 0.027083 0.085185
1 0.210417 0.906481 0.015625 0.052778
0 0.217448 0.869907 0.050000 0.043519
0 0.216667 0.837731 0.039583 0.033796
1 0.212370 0.798148 0.016406 0.027778
1 0.206120 0.773843 0.017969 0.032870
1 0.196615 0.753009 0.022917 0.043981
1 0.193099 0.726157 0.023698 0.031019
0 0.184245 0.713194 0.035677 0.041204
1 0.180469 0.648148 0.021875 0.039815
0 0.130469 0.398148 0.028125 0.028704
0 0.093620 0.223843 0.042969 0.033796
1 0.087500 0.246759 0.018750 0.025926
1 0.068099 0.165509 0.029427 0.061574
1 0.027995 0.061343 0.055469 0.053241
1 0.060547 0.112037 0.035677 0.037037
0 0.020573 0.018981 0.040625 0.024074
1 0.124740 0.358333 0.029167 0.037963
