1 0.610183 0.924582 0.045294 0.021399
1 0.626405 0.827766 0.061034 0.052192
1 0.631706 0.794363 0.060071 0.057411
1 0.635400 0.744259 0.066174 0.063674
1 0.633954 0.655010 0.063925 0.054280
1 0.639737 0.611169 0.059428 0.062630
1 0.642788 0.573852 0.056537 0.063152
1 0.650980 0.544624 0.057501 0.043319
1 0.650177 0.518267 0.046258 0.050104
1 0.654835 0.499739 0.055573 0.049582
1 0.652104 0.469990 0.053967 0.046451
1 0.661741 0.435282 0.053325 0.049061
1 0.664632 0.402401 0.046258 0.048017
1 0.674269 0.375261 0.040475 0.049061
1 0.671860 0.349948 0.051719 0.049582
1 0.671217 0.332985 0.051719 0.052192
1 0.676357 0.300626 0.045936 0.055324
1 0.682621 0.272443 0.041760 0.055324
1 0.681336 0.233299 0.037263 0.044885
1 0.683585 0.193372 0.047543 0.051670
1 0.694025 0.176670 0.046579 0.045407
0 0.691455 0.142745 0.044009 0.048539
1 0.694507 0.127349 0.046258 0.053236
1 0.706232 0.090292 0.043367 0.043841
1 0.697398 0.073852 0.038548 0.013048
1 0.440251 0.896399 0.062641 0.033925
1 0.464825 0.871608 0.030196 0.049061
1 0.474462 0.814196 0.023129 0.034447
1 0.479602 0.771921 0.014134 0.036534
1 0.410215 0.615344 0.073884 0.051148
1 0.490524 0.643528 0.058465 0.058455
1 0.485063 0.600731 0.062319 0.036534
1 0.413909 0.580898 0.068423 0.046973
1 0.505943 0.579854 0.037263 0.030271
1 0.511083 0.548539 0.039833 0.039666
1 0.522004 0.427453 0.049470 0.066806
0 0.564729 0.342119 0.026341 0.023486
1 0.558946 0.314979 0.015419 0.026618
1 0.560071 0.283142 0.015740 0.034969
1 0.477835 0.309499 0.026662 0.034447
1 0.494057 0.167276 0.041118 0.043319
1 0.566335 0.257829 0.012207 0.022965
1 0.568583 0.240084 0.012207 0.026096
1 0.562641 0.211639 0.029232 0.040188
0 0.560713 0.185021 0.042724 0.046451
1 0.566817 0.167276 0.044651 0.041232
1 0.593318 0.064196 0.043688 0.020877
1 0.364118 0.094990 0.026020 0.075157
1 0.329425 0.100992 0.015098 0.046451
0 0.334565 0.133612 0.047864 0.038622
0 0.332316 0.161795 0.038227 0.030271
1 0.326695 0.195981 0.016062 0.024530
1 0.319467 0.216075 0.017668 0.029228
1 0.309509 0.233299 0.022165 0.038622
1 0.305011 0.256524 0.022808 0.027662
0 0.296017 0.266701 0.034372 0.036534
1 0.289431 0.323069 0.021201 0.035491
0 0.230806 0.535230 0.027305 0.025574
0 0.188082 0.682933 0.041439 0.029749
1 0.183103 0.662056 0.017989 0.023486
1 0.161099 0.730689 0.028590 0.054280
1 0.118214 0.816545 0.053325 0.047495
1 0.151462 0.776357 0.034372 0.032881
0 0.109219 0.852557 0.039190 0.021399
1 0.223579 0.569154 0.028269 0.033925
