1 0.470339 0.049142 0.045904 0.022499
1 0.455508 0.151569 0.062147 0.054470
1 0.450742 0.186501 0.061088 0.060391
1 0.447917 0.239195 0.067444 0.067496
1 0.451095 0.332445 0.065325 0.057430
1 0.446151 0.378626 0.060381 0.065719
1 0.443503 0.417999 0.057203 0.066311
1 0.435911 0.448786 0.058263 0.044997
1 0.436970 0.476317 0.046963 0.052694
1 0.432733 0.496152 0.056850 0.052102
1 0.436088 0.526939 0.055085 0.048549
1 0.426907 0.563647 0.054379 0.052102
1 0.424612 0.598283 0.046963 0.050326
1 0.415431 0.627294 0.041314 0.051510
1 0.418256 0.653641 0.052613 0.052102
1 0.419315 0.671403 0.052613 0.054470
1 0.414901 0.705447 0.046610 0.058615
1 0.408898 0.735346 0.042373 0.058022
1 0.410840 0.776199 0.037782 0.047365
1 0.409428 0.818236 0.048376 0.054470
1 0.399011 0.836294 0.047316 0.047957
0 0.402366 0.871522 0.044845 0.050918
1 0.399541 0.887507 0.046963 0.055654
1 0.388418 0.927176 0.043785 0.046181
1 0.397599 0.943754 0.038842 0.014210
1 0.643008 0.070160 0.063559 0.034932
1 0.618468 0.097099 0.030720 0.052102
1 0.609816 0.157786 0.023305 0.036116
1 0.605403 0.202487 0.014477 0.037892
1 0.678672 0.362641 0.074859 0.053878
1 0.596575 0.337182 0.059675 0.060983
1 0.603107 0.381883 0.063559 0.037892
1 0.675671 0.398757 0.069562 0.049142
1 0.582274 0.404677 0.038136 0.031380
1 0.577684 0.437537 0.040254 0.041445
1 0.568856 0.565127 0.050141 0.070456
0 0.527189 0.656306 0.026836 0.024275
1 0.533545 0.684725 0.015537 0.027827
1 0.533016 0.718176 0.015890 0.036708
1 0.615819 0.685909 0.026836 0.036116
1 0.602048 0.835702 0.041667 0.045589
1 0.527013 0.744523 0.012359 0.024275
1 0.525071 0.763173 0.012712 0.027235
1 0.531603 0.793073 0.030014 0.042037
0 0.534075 0.820604 0.043432 0.048549
1 0.528249 0.839254 0.045198 0.043221
1 0.503531 0.948490 0.044492 0.022499
1 0.735169 0.904973 0.026836 0.078745
1 0.770127 0.896684 0.015537 0.049142
0 0.764301 0.862641 0.049082 0.040261
0 0.765890 0.833333 0.038842 0.031380
1 0.771186 0.797513 0.016243 0.026051
1 0.778072 0.775607 0.018008 0.030787
1 0.787782 0.756957 0.022599 0.040853
1 0.792020 0.732682 0.023305 0.029011
0 0.801024 0.721729 0.034958 0.037892
1 0.806497 0.662522 0.021893 0.036708
0 0.862112 0.437537 0.027895 0.027235
0 0.902719 0.280935 0.042020 0.031380
1 0.908016 0.302250 0.018715 0.024275
1 0.929025 0.229426 0.028955 0.057430
1 0.971045 0.137359 0.054379 0.049734
1 0.938030 0.181172 0.034958 0.034340
0 0.979343 0.098875 0.039901 0.022499
1 0.868821 0.401421 0.028602 0.035524
