1 0.477157 0.934974 0.045051 0.021244
1 0.461294 0.837047 0.060914 0.052332
1 0.455901 0.803368 0.060279 0.057513
1 0.452253 0.752850 0.066307 0.064249
1 0.454156 0.663212 0.064404 0.054922
1 0.448445 0.618912 0.059327 0.062694
1 0.445431 0.581088 0.056472 0.063731
1 0.437500 0.551813 0.057741 0.043523
1 0.438135 0.525130 0.046320 0.050259
1 0.433693 0.506218 0.055838 0.049741
1 0.436390 0.476684 0.054251 0.046632
1 0.426872 0.441451 0.053617 0.049741
1 0.424175 0.408031 0.046320 0.048187
1 0.414657 0.381088 0.040609 0.049223
1 0.417037 0.355440 0.051713 0.049741
1 0.417830 0.338342 0.052030 0.052850
1 0.412912 0.305699 0.046003 0.055959
1 0.406567 0.277202 0.041561 0.055959
1 0.407995 0.237824 0.037437 0.045596
1 0.405933 0.197668 0.047906 0.052332
1 0.395463 0.180570 0.046637 0.046114
0 0.398160 0.146632 0.043782 0.048705
1 0.394987 0.131088 0.046320 0.053886
1 0.383566 0.093523 0.043147 0.044041
1 0.392449 0.077202 0.038706 0.013472
1 0.647684 0.907772 0.062500 0.034197
1 0.622938 0.882902 0.030140 0.049741
1 0.613579 0.824611 0.022843 0.034715
1 0.608503 0.782124 0.013959 0.036788
1 0.678458 0.624870 0.073921 0.051813
1 0.597874 0.652850 0.058693 0.059067
1 0.603585 0.609585 0.062500 0.036788
1 0.674968 0.590415 0.068211 0.047150
1 0.582805 0.588342 0.037437 0.030570
1 0.577570 0.556995 0.039657 0.040415
1 0.566942 0.434715 0.049492 0.067358
0 0.524588 0.348446 0.026332 0.023316
1 0.530457 0.320984 0.015228 0.026425
1 0.529505 0.289119 0.015863 0.035233
1 0.611675 0.316321 0.026650 0.034715
1 0.595812 0.173057 0.041244 0.043523
1 0.523160 0.263472 0.012056 0.023316
1 0.520939 0.245855 0.012056 0.026425
1 0.527126 0.217098 0.029505 0.040415
0 0.529029 0.190155 0.042830 0.046632
1 0.523001 0.172280 0.044734 0.040933
1 0.496827 0.068135 0.043782 0.021244
1 0.726364 0.101036 0.026332 0.075648
1 0.761104 0.107513 0.015228 0.047150
0 0.755711 0.140674 0.048223 0.038860
0 0.757931 0.168653 0.038071 0.030570
1 0.763642 0.203109 0.015863 0.024870
1 0.770622 0.223575 0.017766 0.029534
1 0.780615 0.240933 0.022525 0.039378
1 0.785057 0.264249 0.023160 0.027979
0 0.794099 0.274352 0.034264 0.036788
1 0.800286 0.331347 0.021256 0.035751
0 0.858503 0.545596 0.027284 0.025907
0 0.901174 0.694819 0.041561 0.030052
1 0.906091 0.673834 0.018401 0.023316
1 0.927982 0.743005 0.028553 0.054922
1 0.970654 0.830052 0.053617 0.047668
1 0.937341 0.789119 0.034581 0.033161
0 0.979378 0.866321 0.039340 0.021762
1 0.865641 0.580052 0.028236 0.033679
