1 0.455208 0.012269 0.046875 0.023611
1 0.443359 0.124769 0.063281 0.058796
1 0.439583 0.163657 0.062500 0.065278
1 0.438281 0.221065 0.068750 0.072685
1 0.444531 0.322222 0.066667 0.062037
1 0.440755 0.372917 0.061719 0.070833
1 0.439453 0.415972 0.058594 0.071759
1 0.432552 0.450231 0.059896 0.048611
1 0.434635 0.480093 0.047917 0.056481
1 0.430859 0.502083 0.058073 0.056019
1 0.435156 0.535185 0.056250 0.052778
1 0.426953 0.576157 0.055469 0.056019
1 0.425651 0.614120 0.048177 0.054167
1 0.417057 0.646296 0.041927 0.055556
1 0.420833 0.674769 0.053646 0.056019
1 0.422526 0.693981 0.053906 0.059259
1 0.418880 0.731481 0.047656 0.062963
1 0.413802 0.764583 0.043229 0.062500
1 0.417057 0.808796 0.038802 0.050926
1 0.416927 0.854398 0.049479 0.058796
1 0.406901 0.875231 0.048177 0.051389
0 0.411328 0.913194 0.045573 0.055093
1 0.408854 0.931019 0.047917 0.060185
1 0.398698 0.975231 0.044792 0.049537
1 0.408724 0.992361 0.039844 0.014352
1 0.633203 0.018981 0.064844 0.037963
1 0.608854 0.050694 0.031250 0.056019
1 0.601953 0.117593 0.023698 0.038889
1 0.598828 0.166204 0.014323 0.040741
1 0.679036 0.333796 0.076823 0.058333
1 0.594010 0.313657 0.060937 0.066204
1 0.601953 0.361806 0.064844 0.041204
1 0.676953 0.373380 0.071094 0.053241
1 0.581380 0.388657 0.038802 0.033796
1 0.577604 0.424769 0.041146 0.044907
1 0.572526 0.564352 0.051302 0.075926
0 0.532682 0.667593 0.027344 0.025926
1 0.540104 0.697685 0.015625 0.029630
1 0.540625 0.734028 0.016146 0.039352
1 0.624609 0.691667 0.027344 0.038889
1 0.615104 0.855556 0.042708 0.049074
1 0.535286 0.763657 0.012240 0.025463
1 0.533854 0.784028 0.012500 0.029167
1 0.541536 0.815741 0.030469 0.045370
0 0.545052 0.845602 0.044271 0.052315
1 0.539583 0.866667 0.046354 0.046296
1 0.517448 0.987731 0.045312 0.023611
1 0.753906 0.918519 0.027083 0.085185
1 0.789583 0.906481 0.015625 0.052778
0 0.782552 0.869907 0.050000 0.043519
0 0.783333 0.837731 0.039583 0.033796
1 0.787630 0.798148 0.016406 0.027778
1 0.793880 0.773843 0.017969 0.032870
1 0.803385 0.753009 0.022917 0.043981
1 0.806901 0.726157 0.023698 0.031019
0 0.815755 0.713194 0.035677 0.041204
1 0.819531 0.648148 0.021875 0.039815
0 0.869531 0.398148 0.028125 0.028704
0 0.906380 0.223843 0.042969 0.033796
1 0.912500 0.246759 0.018750 0.025926
1 0.931901 0.165509 0.029427 0.061574
1 0.972005 0.061343 0.055469 0.053241
1 0.939453 0.112037 0.035677 0.037037
0 0.979427 0.018981 0.040625 0.024074
1 0.875260 0.358333 0.029167 0.037963
