1 0.603827 0.913292 0.070882 0.067313
1 0.599002 0.878209 0.071215 0.061038
1 0.602163 0.823446 0.063561 0.070165
1 0.604659 0.774957 0.059900 0.070165
1 0.600000 0.698232 0.050582 0.052481
1 0.599168 0.621221 0.064226 0.073018
1 0.609651 0.590987 0.059900 0.054763
0 0.603661 0.536509 0.055241 0.056475
1 0.604659 0.511124 0.059900 0.061609
1 0.616306 0.435254 0.053245 0.061609
1 0.603494 0.384199 0.045591 0.061038
1 0.599501 0.368226 0.043594 0.055334
1 0.603494 0.345693 0.050915 0.058186
1 0.617138 0.322875 0.052912 0.055904
1 0.631780 0.310325 0.038935 0.053622
1 0.625957 0.269253 0.042596 0.054763
1 0.631281 0.231603 0.047920 0.054763
1 0.634775 0.210211 0.046256 0.054193
1 0.632612 0.186823 0.046589 0.055334
1 0.631281 0.163719 0.047255 0.050200
1 0.633444 0.147461 0.049584 0.053052
1 0.633278 0.121506 0.045258 0.049059
1 0.628453 0.100685 0.036273 0.056475
1 0.642429 0.092983 0.042928 0.051341
1 0.643927 0.067313 0.044592 0.045636
1 0.647754 0.047347 0.043594 0.052481
1 0.653078 0.031090 0.040932 0.026811
1 0.328286 0.906161 0.064892 0.080434
0 0.455907 0.931831 0.040599 0.035938
1 0.446589 0.891614 0.021298 0.033086
1 0.446755 0.826868 0.021631 0.040502
1 0.438103 0.798916 0.041597 0.053052
1 0.425957 0.758129 0.066556 0.053622
1 0.434110 0.708785 0.060899 0.075870
0 0.451581 0.647176 0.035275 0.034797
1 0.457737 0.611523 0.034942 0.035368
1 0.346090 0.763263 0.073877 0.061609
1 0.343927 0.714489 0.066223 0.069025
1 0.502995 0.368226 0.033611 0.074729
1 0.474210 0.406446 0.057903 0.055334
1 0.451082 0.247290 0.025624 0.053052
1 0.444592 0.299487 0.020632 0.046777
1 0.491181 0.256703 0.043927 0.063890
1 0.497171 0.229036 0.045258 0.062179
0 0.516140 0.207074 0.047255 0.054763
1 0.507155 0.191101 0.031281 0.054763
1 0.518136 0.180262 0.025957 0.046777
1 0.516473 0.159156 0.020632 0.042213
1 0.523128 0.123788 0.036606 0.037650
1 0.522629 0.065887 0.037604 0.058756
1 0.106489 0.842556 0.026622 0.031945
1 0.102496 0.803195 0.043261 0.049059
1 0.102329 0.748146 0.059567 0.073588
1 0.113145 0.711067 0.057903 0.056475
0 0.148087 0.674273 0.035940 0.031945
0 0.159235 0.632059 0.025624 0.022818
1 0.198003 0.395608 0.029285 0.038220
1 0.177371 0.369082 0.020632 0.028523
1 0.123461 0.261552 0.034609 0.077011
1 0.175374 0.262122 0.029950 0.074729
1 0.199168 0.268397 0.026290 0.074729
1 0.238103 0.273246 0.026955 0.084427
1 0.283694 0.209355 0.038935 0.061609
1 0.269218 0.186252 0.045258 0.050770
1 0.283361 0.155163 0.046256 0.039932
0 0.280699 0.143183 0.022296 0.022818
1 0.298669 0.120936 0.027621 0.025100
1 0.318636 0.092983 0.023627 0.030804
1 0.319468 0.073588 0.025957 0.037650
1 0.077038 0.238448 0.031614 0.077581
1 0.054409 0.238448 0.024958 0.066172
1 0.081198 0.979179 0.028619 0.034797
