1 0.296105 0.124573 0.069631 0.063709
1 0.301620 0.157850 0.069631 0.057452
1 0.299552 0.209898 0.062048 0.065984
1 0.298173 0.255688 0.058600 0.066553
1 0.304205 0.328214 0.049293 0.050057
1 0.306274 0.400739 0.063082 0.068828
1 0.296794 0.430034 0.058600 0.051195
0 0.303861 0.481229 0.054119 0.053470
1 0.303344 0.505119 0.058600 0.058020
1 0.293347 0.577645 0.052396 0.058589
1 0.306791 0.625142 0.044812 0.058020
1 0.311272 0.640216 0.042744 0.052901
1 0.307653 0.661832 0.049983 0.055176
1 0.294554 0.684016 0.052051 0.052901
1 0.280765 0.696530 0.038263 0.050626
1 0.287142 0.735210 0.042054 0.051763
1 0.282489 0.771047 0.047225 0.051763
1 0.279559 0.791524 0.045502 0.050626
1 0.282316 0.813424 0.045502 0.052332
1 0.283868 0.835040 0.046536 0.047782
1 0.282144 0.850683 0.048604 0.049488
1 0.282834 0.875142 0.044467 0.046075
1 0.288004 0.894482 0.035505 0.052901
1 0.274388 0.903015 0.042054 0.048350
1 0.273526 0.927190 0.043778 0.043231
1 0.270079 0.946246 0.043089 0.049488
1 0.265081 0.961604 0.039986 0.025597
1 0.566873 0.116325 0.063771 0.075654
0 0.441055 0.099261 0.039642 0.033561
1 0.451051 0.136519 0.021027 0.031854
1 0.452085 0.197668 0.021717 0.038111
1 0.461048 0.223549 0.041020 0.050057
1 0.473802 0.261661 0.065150 0.051195
1 0.466736 0.308589 0.059979 0.072241
0 0.451051 0.367747 0.034816 0.033561
1 0.445708 0.401877 0.034471 0.033561
1 0.552223 0.252275 0.072389 0.058589
1 0.555153 0.298066 0.065150 0.064846
1 0.405895 0.634528 0.032747 0.071104
1 0.433471 0.597270 0.056877 0.052332
1 0.459324 0.746018 0.025164 0.050626
1 0.464667 0.696530 0.020683 0.043800
1 0.419683 0.739477 0.043089 0.060296
1 0.414340 0.765927 0.044123 0.058589
0 0.396243 0.787543 0.046536 0.051763
1 0.405205 0.802332 0.030679 0.051763
1 0.395036 0.813424 0.025508 0.044369
1 0.396760 0.833049 0.019993 0.039249
1 0.390900 0.866894 0.035850 0.035267
1 0.392451 0.921786 0.036884 0.055176
1 0.785936 0.163823 0.026198 0.029579
1 0.790589 0.200796 0.042399 0.046644
1 0.792141 0.253129 0.058600 0.069397
1 0.781972 0.288680 0.056877 0.052901
0 0.748363 0.325085 0.035160 0.030148
0 0.738366 0.365757 0.025508 0.021615
1 0.705102 0.591866 0.028611 0.035836
1 0.725784 0.615472 0.020338 0.027304
1 0.780938 0.714164 0.034126 0.073379
1 0.729921 0.716439 0.029300 0.071104
1 0.706308 0.711889 0.025508 0.071104
1 0.667873 0.709613 0.026543 0.080205
1 0.624440 0.772753 0.038263 0.058589
1 0.639090 0.793515 0.044123 0.047782
1 0.625819 0.823663 0.045846 0.037543
0 0.628749 0.835040 0.022061 0.021615
1 0.611513 0.856655 0.026887 0.023891
1 0.592554 0.884243 0.023440 0.029010
1 0.592037 0.903015 0.025853 0.035836
1 0.826956 0.733220 0.031024 0.072810
1 0.849190 0.732082 0.024474 0.062571
1 0.807997 0.033276 0.028266 0.033561
