1 0.655469 0.058333 0.071875 0.070370
1 0.651172 0.095833 0.072135 0.063889
1 0.655469 0.153241 0.064062 0.073148
1 0.658854 0.204398 0.060417 0.073611
1 0.655469 0.285417 0.051042 0.055093
1 0.656250 0.366435 0.065104 0.076389
1 0.667318 0.397917 0.060677 0.056944
0 0.662240 0.455556 0.055729 0.059259
1 0.663672 0.482407 0.060677 0.063889
1 0.676953 0.561806 0.053906 0.064352
1 0.664974 0.616204 0.046094 0.063889
1 0.661068 0.633333 0.044010 0.058333
1 0.665625 0.656944 0.051562 0.061111
1 0.679948 0.680093 0.053646 0.058333
1 0.694922 0.692593 0.039323 0.055556
1 0.689844 0.736343 0.043229 0.056944
1 0.696094 0.775694 0.048438 0.056944
1 0.700000 0.797917 0.046875 0.056019
1 0.698177 0.822917 0.046875 0.057870
1 0.697266 0.846991 0.047656 0.052315
1 0.699740 0.864120 0.050000 0.055093
1 0.700000 0.891667 0.045833 0.050926
1 0.695443 0.913657 0.036719 0.058796
1 0.709896 0.921296 0.043229 0.053704
1 0.711849 0.947917 0.045052 0.047685
1 0.716146 0.968981 0.044271 0.054630
1 0.721875 0.985648 0.041146 0.027778
1 0.375521 0.081481 0.065625 0.084259
0 0.504818 0.047222 0.040885 0.037037
1 0.496094 0.090046 0.021354 0.034722
1 0.497396 0.158333 0.021875 0.041667
1 0.489193 0.188194 0.041927 0.055093
1 0.477604 0.231944 0.067187 0.056481
1 0.486849 0.283333 0.061719 0.079630
0 0.505599 0.347454 0.035677 0.036574
1 0.512500 0.384722 0.035417 0.037037
1 0.396224 0.231019 0.074740 0.064815
1 0.395052 0.282407 0.067187 0.072222
1 0.563021 0.638657 0.033854 0.078241
1 0.533073 0.600231 0.058333 0.057870
1 0.512500 0.768981 0.025521 0.055556
1 0.504948 0.714583 0.020833 0.048611
1 0.553125 0.756944 0.044271 0.066667
1 0.559766 0.785648 0.045573 0.064815
0 0.579297 0.807870 0.047656 0.057407
1 0.570703 0.825231 0.031510 0.056944
1 0.581771 0.836111 0.026042 0.049074
1 0.580599 0.858333 0.020573 0.043519
1 0.588021 0.895370 0.036979 0.038889
1 0.588672 0.956481 0.037760 0.061111
1 0.151172 0.160880 0.026823 0.032870
1 0.147917 0.202546 0.043750 0.051389
1 0.148698 0.260648 0.060417 0.076852
1 0.160547 0.299306 0.058594 0.058796
0 0.196745 0.335880 0.036198 0.032870
0 0.208724 0.379861 0.025781 0.023611
1 0.252474 0.627083 0.029427 0.039352
1 0.231901 0.656019 0.020573 0.029630
1 0.179167 0.772454 0.034896 0.081019
1 0.231901 0.768981 0.029948 0.078704
1 0.256120 0.760880 0.026302 0.078241
1 0.295573 0.753704 0.027083 0.088889
1 0.343099 0.818519 0.039323 0.064815
1 0.328776 0.843519 0.045573 0.052778
1 0.343750 0.875694 0.046875 0.041204
0 0.341146 0.888657 0.022396 0.023611
1 0.359896 0.910648 0.027604 0.025926
1 0.380599 0.939120 0.023698 0.031944
1 0.381901 0.959722 0.026302 0.038889
1 0.132422 0.799306 0.032031 0.081019
1 0.109375 0.800694 0.025000 0.068981
1 0.123047 0.018287 0.028906 0.036574
