1 0.699448 0.879761 0.069703 0.063104
1 0.693927 0.846788 0.069703 0.057419
1 0.695997 0.794770 0.062112 0.065947
1 0.697378 0.749005 0.058661 0.066515
1 0.690994 0.676805 0.049344 0.049460
1 0.688923 0.604605 0.063147 0.068789
1 0.698413 0.575327 0.058661 0.051165
0 0.691339 0.524161 0.054175 0.053439
1 0.691856 0.500000 0.058661 0.057419
1 0.701691 0.428084 0.052105 0.057987
1 0.688233 0.380614 0.044513 0.057419
1 0.683920 0.365833 0.042788 0.052871
1 0.687198 0.344230 0.050035 0.055145
1 0.700311 0.322058 0.052105 0.052871
1 0.714286 0.309267 0.037957 0.050028
1 0.707729 0.270608 0.042098 0.051165
1 0.712388 0.234792 0.047274 0.051165
1 0.715321 0.214611 0.045549 0.050597
1 0.712560 0.192439 0.045549 0.051734
1 0.710835 0.170836 0.046239 0.047186
1 0.712733 0.155486 0.048654 0.049460
1 0.712043 0.131040 0.044513 0.046049
1 0.706694 0.111711 0.035887 0.052871
1 0.720324 0.103468 0.041753 0.048891
1 0.721360 0.079591 0.043823 0.043206
1 0.724638 0.059977 0.042788 0.049460
1 0.729469 0.044628 0.040028 0.025583
1 0.428916 0.888857 0.063492 0.075611
0 0.554693 0.905628 0.039683 0.034110
1 0.544686 0.868391 0.021049 0.031268
1 0.543478 0.807277 0.021394 0.037521
1 0.534507 0.781410 0.040718 0.049460
1 0.521739 0.743604 0.064872 0.051165
1 0.528813 0.696987 0.059696 0.071632
0 0.544341 0.637578 0.034852 0.033542
1 0.549689 0.603468 0.034507 0.033542
1 0.443409 0.752985 0.072464 0.058556
1 0.440304 0.707220 0.064872 0.064810
1 0.589199 0.371234 0.032781 0.070495
1 0.561767 0.408755 0.056591 0.052302
1 0.535714 0.260375 0.025190 0.050028
1 0.530538 0.309835 0.020359 0.044343
1 0.575397 0.266913 0.043133 0.059693
1 0.580745 0.240478 0.044168 0.057987
0 0.598689 0.218590 0.046239 0.051734
1 0.589890 0.204093 0.030711 0.051165
1 0.600069 0.193292 0.025535 0.044343
1 0.597999 0.173394 0.020014 0.039795
1 0.603865 0.139284 0.035887 0.035247
1 0.602312 0.084991 0.036922 0.055145
1 0.209800 0.841956 0.026225 0.029562
1 0.205141 0.805003 0.042443 0.046617
1 0.203761 0.752985 0.058316 0.068789
1 0.213768 0.717169 0.056936 0.052871
0 0.247412 0.680785 0.035197 0.030131
0 0.257246 0.640136 0.025190 0.021603
1 0.290373 0.414724 0.028640 0.035816
1 0.269496 0.391131 0.020014 0.027288
1 0.214458 0.292780 0.034161 0.072769
1 0.265355 0.290222 0.028986 0.071063
1 0.288992 0.295054 0.025880 0.070495
1 0.327295 0.297044 0.026570 0.080159
1 0.370773 0.234224 0.038302 0.057987
1 0.356108 0.213474 0.044168 0.047186
1 0.369220 0.183059 0.045549 0.037521
0 0.366287 0.171688 0.021739 0.021603
1 0.383713 0.150085 0.026915 0.023877
1 0.402519 0.122513 0.023119 0.028994
1 0.403037 0.104036 0.025535 0.035247
1 0.168392 0.274019 0.031056 0.072769
1 0.146135 0.275156 0.024500 0.062536
1 0.187888 0.972143 0.027950 0.032973
