1 0.689583 0.058333 0.071875 0.070370
1 0.685286 0.095833 0.072135 0.063889
1 0.689583 0.153241 0.064062 0.073148
1 0.692969 0.204398 0.060417 0.073611
1 0.689583 0.285417 0.051042 0.055093
1 0.690365 0.366435 0.065104 0.076389
1 0.701432 0.397917 0.060677 0.056944
0 0.696354 0.455556 0.055729 0.059259
1 0.697786 0.482407 0.060677 0.063889
1 0.711068 0.561806 0.053906 0.064352
1 0.699089 0.616204 0.046094 0.063889
1 0.695182 0.633333 0.044010 0.058333
1 0.699740 0.656944 0.051562 0.061111
1 0.714063 0.680093 0.053646 0.058333
1 0.729036 0.692593 0.039323 0.055556
1 0.723958 0.736343 0.043229 0.056944
1 0.730208 0.775694 0.048438 0.056944
1 0.734115 0.797917 0.046875 0.056019
1 0.732292 0.822917 0.046875 0.057870
1 0.731380 0.846991 0.047656 0.052315
1 0.733854 0.864120 0.050000 0.055093
1 0.734115 0.891667 0.045833 0.050926
1 0.729557 0.913657 0.036719 0.058796
1 0.744010 0.921296 0.043229 0.053704
1 0.745964 0.947917 0.045052 0.047685
1 0.750260 0.968981 0.044271 0.054630
1 0.755990 0.985648 0.041146 0.027778
1 0.409635 0.081481 0.065625 0.084259
0 0.538932 0.047222 0.040885 0.037037
1 0.530208 0.090046 0.021354 0.034722
1 0.531510 0.158333 0.021875 0.041667
1 0.523307 0.188194 0.041927 0.055093
1 0.511719 0.231944 0.067187 0.056481
1 0.520964 0.283333 0.061719 0.079630
0 0.539714 0.347454 0.035677 0.036574
1 0.546615 0.384722 0.035417 0.037037
1 0.430339 0.231019 0.074740 0.064815
1 0.429167 0.282407 0.067187 0.072222
1 0.597135 0.638657 0.033854 0.078241
1 0.567187 0.600231 0.058333 0.057870
1 0.546615 0.768981 0.025521 0.055556
1 0.539062 0.714583 0.020833 0.048611
1 0.587240 0.756944 0.044271 0.066667
1 0.593880 0.785648 0.045573 0.064815
0 0.613411 0.807870 0.047656 0.057407
1 0.604818 0.825231 0.031510 0.056944
1 0.615885 0.836111 0.026042 0.049074
1 0.614714 0.858333 0.020573 0.043519
1 0.622135 0.895370 0.036979 0.038889
1 0.622786 0.956481 0.037760 0.061111
1 0.185286 0.160880 0.026823 0.032870
1 0.182031 0.202546 0.043750 0.051389
1 0.182812 0.260648 0.060417 0.076852
1 0.194661 0.299306 0.058594 0.058796
0 0.230859 0.335880 0.036198 0.032870
0 0.242839 0.379861 0.025781 0.023611
1 0.286589 0.627083 0.029427 0.039352
1 0.266016 0.656019 0.020573 0.029630
1 0.213281 0.772454 0.034896 0.081019
1 0.266016 0.768981 0.029948 0.078704
1 0.290234 0.760880 0.026302 0.078241
1 0.329688 0.753704 0.027083 0.088889
1 0.377214 0.818519 0.039323 0.064815
1 0.362891 0.843519 0.045573 0.052778
1 0.377865 0.875694 0.046875 0.041204
0 0.375260 0.888657 0.022396 0.023611
1 0.394010 0.910648 0.027604 0.025926
1 0.414714 0.939120 0.023698 0.031944
1 0.416016 0.959722 0.026302 0.038889
1 0.166536 0.799306 0.032031 0.081019
1 0.143490 0.800694 0.025000 0.068981
1 0.157161 0.018287 0.028906 0.036574
