1 0.597656 0.941204 0.071875 0.070370
1 0.593359 0.903704 0.072135 0.063889
1 0.597656 0.846296 0.064062 0.073148
1 0.601042 0.795139 0.060417 0.073611
1 0.597656 0.714120 0.051042 0.055093
1 0.598437 0.633102 0.065104 0.076389
1 0.609505 0.601620 0.060677 0.056944
0 0.604427 0.543981 0.055729 0.059259
1 0.605859 0.517130 0.060677 0.063889
1 0.619141 0.437731 0.053906 0.064352
1 0.607161 0.383333 0.046094 0.063889
1 0.603255 0.366204 0.044010 0.058333
1 0.607812 0.342593 0.051562 0.061111
1 0.622135 0.319444 0.053646 0.058333
1 0.637109 0.306944 0.039323 0.055556
1 0.632031 0.263194 0.043229 0.056944
1 0.638281 0.223843 0.048438 0.056944
1 0.642188 0.201620 0.046875 0.056019
1 0.640365 0.176620 0.046875 0.057870
1 0.639453 0.152546 0.047656 0.052315
1 0.641927 0.135417 0.050000 0.055093
1 0.642188 0.107870 0.045833 0.050926
1 0.637630 0.085880 0.036719 0.058796
1 0.652083 0.078241 0.043229 0.053704
1 0.654036 0.051620 0.045052 0.047685
1 0.658333 0.030556 0.044271 0.054630
1 0.664062 0.013889 0.041146 0.027778
1 0.317708 0.918056 0.065625 0.084259
0 0.447005 0.952315 0.040885 0.037037
1 0.438281 0.909491 0.021354 0.034722
1 0.439583 0.841204 0.021875 0.041667
1 0.431380 0.811343 0.041927 0.055093
1 0.419792 0.767593 0.067187 0.056481
1 0.429036 0.716204 0.061719 0.079630
0 0.447786 0.652083 0.035677 0.036574
1 0.454688 0.614815 0.035417 0.037037
1 0.338411 0.768519 0.074740 0.064815
1 0.337240 0.717130 0.067187 0.072222
1 0.505208 0.360880 0.033854 0.078241
1 0.475260 0.399306 0.058333 0.057870
1 0.454688 0.230556 0.025521 0.055556
1 0.447135 0.284954 0.020833 0.048611
1 0.495312 0.242593 0.044271 0.066667
1 0.501953 0.213889 0.045573 0.064815
0 0.521484 0.191667 0.047656 0.057407
1 0.512891 0.174306 0.031510 0.056944
1 0.523958 0.163426 0.026042 0.049074
1 0.522786 0.141204 0.020573 0.043519
1 0.530208 0.104167 0.036979 0.038889
1 0.530859 0.043056 0.037760 0.061111
1 0.093359 0.838657 0.026823 0.032870
1 0.090104 0.796991 0.043750 0.051389
1 0.090885 0.738889 0.060417 0.076852
1 0.102734 0.700231 0.058594 0.058796
0 0.138932 0.663657 0.036198 0.032870
0 0.150911 0.619676 0.025781 0.023611
1 0.194661 0.372454 0.029427 0.039352
1 0.174089 0.343519 0.020573 0.029630
1 0.121354 0.227083 0.034896 0.081019
1 0.174089 0.230556 0.029948 0.078704
1 0.198307 0.238657 0.026302 0.078241
1 0.237760 0.245833 0.027083 0.088889
1 0.285286 0.181019 0.039323 0.064815
1 0.270964 0.156019 0.045573 0.052778
1 0.285938 0.123843 0.046875 0.041204
0 0.283333 0.110880 0.022396 0.023611
1 0.302083 0.088889 0.027604 0.025926
1 0.322786 0.060417 0.023698 0.031944
1 0.324089 0.039815 0.026302 0.038889
1 0.074609 0.200231 0.032031 0.081019
1 0.051562 0.198843 0.025000 0.068981
1 0.065234 0.981250 0.028906 0.036574
