1 0.577535 0.096405 0.069583 0.063181
1 0.574884 0.130174 0.069583 0.057734
1 0.581014 0.180828 0.061962 0.065359
1 0.586315 0.225763 0.058648 0.065904
1 0.586150 0.298203 0.049702 0.049564
1 0.589795 0.370370 0.062956 0.068627
1 0.601889 0.397059 0.058648 0.051198
0 0.599072 0.448802 0.053678 0.053377
1 0.601557 0.472495 0.058648 0.057190
1 0.617296 0.541939 0.052353 0.057734
1 0.607853 0.591503 0.044732 0.057734
1 0.604539 0.607298 0.042744 0.052288
1 0.609841 0.627723 0.050033 0.055011
1 0.624586 0.646786 0.051690 0.052832
1 0.639331 0.656318 0.038105 0.050109
1 0.636183 0.695534 0.041750 0.051198
1 0.643804 0.729847 0.047051 0.051198
1 0.648277 0.749455 0.045394 0.050109
1 0.647614 0.771786 0.045394 0.052288
1 0.647614 0.793301 0.046057 0.047386
1 0.650431 0.808551 0.048376 0.049564
1 0.651756 0.832789 0.044400 0.045752
1 0.648277 0.852669 0.035454 0.052832
1 0.662525 0.858115 0.042081 0.048475
1 0.665341 0.881536 0.043738 0.043028
1 0.670311 0.899782 0.043075 0.049020
1 0.676441 0.913943 0.040093 0.025054
1 0.308979 0.147876 0.063287 0.075708
0 0.432074 0.102941 0.039761 0.033769
1 0.425282 0.142157 0.020875 0.031590
1 0.429258 0.202887 0.021537 0.037582
1 0.422465 0.230120 0.040424 0.049564
1 0.412856 0.270425 0.064944 0.050654
1 0.423791 0.315087 0.059642 0.071351
0 0.444168 0.370098 0.034791 0.033224
1 0.452286 0.402505 0.034460 0.033769
1 0.334659 0.278595 0.072233 0.058279
1 0.335321 0.324346 0.064944 0.064815
1 0.510437 0.622821 0.032803 0.070261
1 0.480285 0.591776 0.056660 0.051743
1 0.466700 0.744281 0.024851 0.049564
1 0.457422 0.696623 0.020212 0.043573
1 0.505467 0.729303 0.042744 0.059913
1 0.512922 0.754085 0.044400 0.058279
0 0.532472 0.771514 0.046388 0.051743
1 0.524851 0.788126 0.030484 0.051198
1 0.535951 0.796569 0.025514 0.044118
1 0.535620 0.816449 0.020212 0.039216
1 0.544235 0.848312 0.036117 0.035403
1 0.547217 0.902778 0.036779 0.055011
1 0.096256 0.243192 0.026176 0.029956
1 0.094599 0.280501 0.042744 0.045752
1 0.097581 0.331972 0.058648 0.069172
1 0.110504 0.365196 0.056660 0.052832
0 0.146620 0.393791 0.035454 0.029412
0 0.159708 0.431645 0.025182 0.021242
1 0.211233 0.646786 0.028827 0.035403
1 0.192512 0.674564 0.019881 0.026688
1 0.146123 0.784041 0.033797 0.072440
1 0.196819 0.775327 0.029158 0.070261
1 0.219848 0.765523 0.025514 0.070261
1 0.257455 0.754630 0.026508 0.080065
1 0.305666 0.806917 0.038105 0.058279
1 0.292744 0.830882 0.044069 0.047386
1 0.308317 0.857843 0.045394 0.037037
0 0.306494 0.869826 0.021869 0.021786
1 0.325215 0.887255 0.026839 0.023965
1 0.346256 0.910403 0.023194 0.028867
1 0.348410 0.928377 0.025514 0.035403
1 0.102054 0.813181 0.031146 0.072985
1 0.080020 0.816993 0.024188 0.062092
1 0.063784 0.119281 0.028164 0.032680
