1 0.597917 0.941667 0.071875 0.070370
1 0.593620 0.904167 0.072135 0.063889
1 0.597917 0.846759 0.064062 0.073148
1 0.601302 0.795602 0.060417 0.073611
1 0.597917 0.714583 0.051042 0.055093
1 0.598698 0.633565 0.065104 0.076389
1 0.609766 0.602083 0.060677 0.056944
0 0.604688 0.544444 0.055729 0.059259
1 0.606120 0.517593 0.060677 0.063889
1 0.619401 0.438194 0.053906 0.064352
1 0.607422 0.383796 0.046094 0.063889
1 0.603516 0.366667 0.044010 0.058333
1 0.608073 0.343056 0.051562 0.061111
1 0.622396 0.319907 0.053646 0.058333
1 0.637370 0.307407 0.039323 0.055556
1 0.632292 0.263657 0.043229 0.056944
1 0.638542 0.224306 0.048438 0.056944
1 0.642448 0.202083 0.046875 0.056019
1 0.640625 0.177083 0.046875 0.057870
1 0.639714 0.153009 0.047656 0.052315
1 0.642188 0.135880 0.050000 0.055093
1 0.642448 0.108333 0.045833 0.050926
1 0.637891 0.086343 0.036719 0.058796
1 0.652344 0.078704 0.043229 0.053704
1 0.654297 0.052083 0.045052 0.047685
1 0.658594 0.031019 0.044271 0.054630
1 0.664323 0.014352 0.041146 0.027778
1 0.317969 0.918519 0.065625 0.084259
0 0.447266 0.952778 0.040885 0.037037
1 0.438542 0.909954 0.021354 0.034722
1 0.439844 0.841667 0.021875 0.041667
1 0.431641 0.811806 0.041927 0.055093
1 0.420052 0.768056 0.067187 0.056481
1 0.429297 0.716667 0.061719 0.079630
0 0.448047 0.652546 0.035677 0.036574
1 0.454948 0.615278 0.035417 0.037037
1 0.338672 0.768981 0.074740 0.064815
1 0.337500 0.717593 0.067187 0.072222
1 0.505469 0.361343 0.033854 0.078241
1 0.475521 0.399769 0.058333 0.057870
1 0.454948 0.231019 0.025521 0.055556
1 0.447396 0.285417 0.020833 0.048611
1 0.495573 0.243056 0.044271 0.066667
1 0.502214 0.214352 0.045573 0.064815
0 0.521745 0.192130 0.047656 0.057407
1 0.513151 0.174769 0.031510 0.056944
1 0.524219 0.163889 0.026042 0.049074
1 0.523047 0.141667 0.020573 0.043519
1 0.530469 0.104630 0.036979 0.038889
1 0.531120 0.043519 0.037760 0.061111
1 0.093620 0.839120 0.026823 0.032870
1 0.090365 0.797454 0.043750 0.051389
1 0.091146 0.739352 0.060417 0.076852
1 0.102995 0.700694 0.058594 0.058796
0 0.139193 0.664120 0.036198 0.032870
0 0.151172 0.620139 0.025781 0.023611
1 0.194922 0.372917 0.029427 0.039352
1 0.174349 0.343981 0.020573 0.029630
1 0.121615 0.227546 0.034896 0.081019
1 0.174349 0.231019 0.029948 0.078704
1 0.198568 0.239120 0.026302 0.078241
1 0.238021 0.246296 0.027083 0.088889
1 0.285547 0.181481 0.039323 0.064815
1 0.271224 0.156481 0.045573 0.052778
1 0.286198 0.124306 0.046875 0.041204
0 0.283594 0.111343 0.022396 0.023611
1 0.302344 0.089352 0.027604 0.025926
1 0.323047 0.060880 0.023698 0.031944
1 0.324349 0.040278 0.026302 0.038889
1 0.074870 0.200694 0.032031 0.081019
1 0.051823 0.199306 0.025000 0.068981
1 0.065495 0.981713 0.028906 0.036574
