1 0.597917 0.058333 0.071875 0.070370
1 0.593620 0.095833 0.072135 0.063889
1 0.597917 0.153241 0.064062 0.073148
1 0.601302 0.204398 0.060417 0.073611
1 0.597917 0.285417 0.051042 0.055093
1 0.598698 0.366435 0.065104 0.076389
1 0.609766 0.397917 0.060677 0.056944
0 0.604688 0.455556 0.055729 0.059259
1 0.606120 0.482407 0.060677 0.063889
1 0.619401 0.561806 0.053906 0.064352
1 0.607422 0.616204 0.046094 0.063889
1 0.603516 0.633333 0.044010 0.058333
1 0.608073 0.656944 0.051562 0.061111
1 0.622396 0.680093 0.053646 0.058333
1 0.637370 0.692593 0.039323 0.055556
1 0.632292 0.736343 0.043229 0.056944
1 0.638542 0.775694 0.048438 0.056944
1 0.642448 0.797917 0.046875 0.056019
1 0.640625 0.822917 0.046875 0.057870
1 0.639714 0.846991 0.047656 0.052315
1 0.642188 0.864120 0.050000 0.055093
1 0.642448 0.891667 0.045833 0.050926
1 0.637891 0.913657 0.036719 0.058796
1 0.652344 0.921296 0.043229 0.053704
1 0.654297 0.947917 0.045052 0.047685
1 0.658594 0.968981 0.044271 0.054630
1 0.664323 0.985648 0.041146 0.027778
1 0.317969 0.081481 0.065625 0.084259
0 0.447266 0.047222 0.040885 0.037037
1 0.438542 0.090046 0.021354 0.034722
1 0.439844 0.158333 0.021875 0.041667
1 0.431641 0.188194 0.041927 0.055093
1 0.420052 0.231944 0.067187 0.056481
1 0.429297 0.283333 0.061719 0.079630
0 0.448047 0.347454 0.035677 0.036574
1 0.454948 0.384722 0.035417 0.037037
1 0.338672 0.231019 0.074740 0.064815
1 0.337500 0.282407 0.067187 0.072222
1 0.505469 0.638657 0.033854 0.078241
1 0.475521 0.600231 0.058333 0.057870
1 0.454948 0.768981 0.025521 0.055556
1 0.447396 0.714583 0.020833 0.048611
1 0.495573 0.756944 0.044271 0.066667
1 0.502214 0.785648 0.045573 0.064815
0 0.521745 0.807870 0.047656 0.057407
1 0.513151 0.825231 0.031510 0.056944
1 0.524219 0.836111 0.026042 0.049074
1 0.523047 0.858333 0.020573 0.043519
1 0.530469 0.895370 0.036979 0.038889
1 0.531120 0.956481 0.037760 0.061111
1 0.093620 0.160880 0.026823 0.032870
1 0.090365 0.202546 0.043750 0.051389
1 0.091146 0.260648 0.060417 0.076852
1 0.102995 0.299306 0.058594 0.058796
0 0.139193 0.335880 0.036198 0.032870
0 0.151172 0.379861 0.025781 0.023611
1 0.194922 0.627083 0.029427 0.039352
1 0.174349 0.656019 0.020573 0.029630
1 0.121615 0.772454 0.034896 0.081019
1 0.174349 0.768981 0.029948 0.078704
1 0.198568 0.760880 0.026302 0.078241
1 0.238021 0.753704 0.027083 0.088889
1 0.285547 0.818519 0.039323 0.064815
1 0.271224 0.843519 0.045573 0.052778
1 0.286198 0.875694 0.046875 0.041204
0 0.283594 0.888657 0.022396 0.023611
1 0.302344 0.910648 0.027604 0.025926
1 0.323047 0.939120 0.023698 0.031944
1 0.324349 0.959722 0.026302 0.038889
1 0.074870 0.799306 0.032031 0.081019
1 0.051823 0.800694 0.025000 0.068981
1 0.065495 0.018287 0.028906 0.036574
