1 0.575487 0.900270 0.069376 0.062534
1 0.572844 0.866577 0.069376 0.056604
1 0.579452 0.816712 0.061447 0.064690
1 0.584737 0.771968 0.058143 0.065768
1 0.584903 0.700539 0.049224 0.049057
1 0.589032 0.629111 0.062768 0.067925
1 0.600760 0.602695 0.058474 0.050674
0 0.598447 0.551482 0.053849 0.052830
1 0.600760 0.528032 0.058474 0.056604
1 0.616947 0.459838 0.051867 0.057143
1 0.607697 0.410512 0.044599 0.056604
1 0.604724 0.394879 0.042616 0.052291
1 0.610010 0.374663 0.049884 0.053908
1 0.624546 0.355795 0.051867 0.051752
1 0.639412 0.346631 0.037991 0.049596
1 0.636439 0.307817 0.041956 0.050674
1 0.644037 0.273854 0.046581 0.050674
1 0.648662 0.254717 0.045259 0.050135
1 0.648001 0.232615 0.045259 0.051213
1 0.648167 0.211321 0.046250 0.046361
1 0.651140 0.196496 0.048233 0.049057
1 0.652461 0.172237 0.044268 0.045822
1 0.649158 0.152291 0.035679 0.052291
1 0.663363 0.147439 0.041625 0.047978
1 0.666336 0.124259 0.043608 0.042588
1 0.671292 0.106199 0.042947 0.048518
1 0.677403 0.092183 0.039974 0.024798
1 0.308061 0.846092 0.063099 0.074933
0 0.430624 0.891914 0.039313 0.032884
1 0.424017 0.853100 0.020813 0.030728
1 0.428147 0.793261 0.021143 0.037197
1 0.421539 0.765768 0.040304 0.049057
1 0.412289 0.725876 0.064751 0.050135
1 0.423191 0.681941 0.059465 0.070081
0 0.443839 0.627763 0.034688 0.032884
1 0.451933 0.595957 0.034357 0.032884
1 0.334159 0.717251 0.071688 0.057682
1 0.335150 0.671968 0.064420 0.064151
1 0.510902 0.378437 0.032706 0.069003
1 0.480674 0.408625 0.056161 0.051752
1 0.467955 0.257682 0.024777 0.049596
1 0.458375 0.304582 0.020152 0.043127
1 0.506277 0.273315 0.042616 0.059299
1 0.513875 0.248787 0.043938 0.057682
0 0.533366 0.231536 0.045920 0.051213
1 0.525933 0.215094 0.030393 0.050674
1 0.537000 0.206739 0.025438 0.043666
1 0.536835 0.187062 0.019822 0.038814
1 0.545425 0.155526 0.035679 0.035040
1 0.548563 0.101887 0.036670 0.053908
1 0.096300 0.749596 0.026098 0.029650
1 0.094979 0.712399 0.041956 0.045822
1 0.098117 0.661456 0.058143 0.067925
1 0.111166 0.628841 0.056492 0.052291
0 0.147341 0.600809 0.035018 0.029650
0 0.160555 0.563612 0.025107 0.021024
1 0.212752 0.351482 0.028411 0.035580
1 0.194252 0.323450 0.019822 0.026954
1 0.148497 0.214825 0.034027 0.071698
1 0.198877 0.223989 0.029072 0.069542
1 0.221837 0.234232 0.025438 0.069542
1 0.259333 0.245283 0.026429 0.078706
1 0.307400 0.193801 0.037991 0.057682
1 0.294846 0.170081 0.043938 0.046900
1 0.310373 0.143666 0.045259 0.037197
0 0.308556 0.131806 0.021804 0.021024
1 0.327387 0.114825 0.027090 0.023720
1 0.348530 0.092453 0.023125 0.028571
1 0.350512 0.074394 0.025768 0.034501
1 0.104724 0.185714 0.031054 0.071698
1 0.082755 0.181671 0.024116 0.061456
1 0.063594 0.871429 0.028081 0.032884
