1 0.548361 0.899349 0.054754 0.054802
1 0.560164 0.835323 0.063279 0.049376
1 0.567049 0.797613 0.061967 0.058600
1 0.566721 0.761530 0.062623 0.051546
1 0.568197 0.720293 0.063607 0.048291
1 0.573770 0.687737 0.063607 0.060228
1 0.576885 0.648128 0.060656 0.042865
1 0.573934 0.620456 0.046885 0.050461
1 0.591148 0.600380 0.058361 0.055887
1 0.596885 0.560499 0.056721 0.055345
1 0.603934 0.532284 0.054426 0.058600
1 0.610656 0.488063 0.057377 0.059143
1 0.613934 0.456593 0.047541 0.045035
1 0.616721 0.421324 0.055082 0.063483
1 0.621803 0.400434 0.048852 0.043407
1 0.629344 0.372491 0.052787 0.063483
1 0.635738 0.317146 0.043934 0.052632
1 0.641311 0.279978 0.047869 0.059685
1 0.648033 0.249593 0.048197 0.062941
1 0.657541 0.234943 0.041639 0.056430
0 0.662131 0.196690 0.042951 0.045035
1 0.660164 0.167119 0.046230 0.061856
1 0.664098 0.148942 0.045574 0.051546
1 0.671803 0.132664 0.040000 0.042865
1 0.671639 0.106348 0.042295 0.053174
1 0.674426 0.095225 0.045246 0.045035
1 0.679508 0.080304 0.042951 0.026044
0 0.248689 0.904504 0.063934 0.040152
1 0.278361 0.886598 0.077377 0.062941
1 0.369508 0.847531 0.064262 0.065111
1 0.392459 0.817146 0.034754 0.053174
0 0.417377 0.766413 0.053770 0.052632
1 0.402295 0.718394 0.045246 0.081389
1 0.415738 0.704015 0.043279 0.069995
1 0.414098 0.663863 0.043279 0.062398
1 0.425574 0.613673 0.059672 0.049919
1 0.441639 0.533641 0.053115 0.053717
1 0.472459 0.435431 0.053115 0.052632
1 0.470000 0.411557 0.037049 0.049376
1 0.493115 0.391210 0.053770 0.059685
1 0.488197 0.362995 0.049180 0.048833
1 0.497541 0.350515 0.051475 0.049919
0 0.510656 0.325827 0.044262 0.047206
0 0.513607 0.312805 0.040328 0.049376
1 0.523607 0.243082 0.039344 0.037982
1 0.525574 0.205372 0.042623 0.046120
1 0.530656 0.178513 0.046230 0.053174
1 0.543607 0.128323 0.037377 0.045035
1 0.552951 0.121541 0.036393 0.030385
1 0.561148 0.094411 0.028525 0.037982
1 0.563607 0.079761 0.033443 0.033641
1 0.574262 0.068095 0.038361 0.024417
1 0.365902 0.626967 0.023607 0.038524
1 0.349672 0.589528 0.050164 0.051546
1 0.366066 0.569723 0.061311 0.060770
0 0.330656 0.497016 0.029180 0.039067
1 0.377377 0.516278 0.049836 0.054802
0 0.400492 0.496744 0.035738 0.050461
0 0.427869 0.384970 0.034754 0.051546
0 0.401148 0.352143 0.043607 0.047748
0 0.432459 0.355128 0.043934 0.050461
1 0.435738 0.322572 0.039344 0.040695
1 0.495738 0.144601 0.028197 0.045035
0 0.506230 0.091698 0.040000 0.037982
1 0.510164 0.069995 0.034754 0.040152
1 0.030984 0.812534 0.052787 0.113402
1 0.106885 0.711612 0.052459 0.064569
1 0.106066 0.673630 0.037705 0.039609
1 0.133607 0.618285 0.031148 0.040695
1 0.147377 0.558871 0.043607 0.037982
1 0.172459 0.504341 0.047213 0.062398
1 0.182623 0.476668 0.043279 0.063483
1 0.226721 0.350787 0.021967 0.033098
1 0.229180 0.333424 0.024918 0.034183
1 0.244918 0.302767 0.045246 0.057515
1 0.240656 0.275095 0.039344 0.051004
1 0.258689 0.260445 0.028852 0.039067
1 0.368852 0.056972 0.032787 0.043407
1 0.337049 0.061313 0.027541 0.049919
0 0.328852 0.092241 0.043279 0.044493
0 0.303934 0.139989 0.026230 0.031470
1 0.302951 0.116386 0.030820 0.039609
