1 0.565625 0.937269 0.056250 0.060648
1 0.575391 0.864815 0.065365 0.054630
1 0.580990 0.822222 0.063542 0.064815
1 0.579167 0.782407 0.064583 0.056481
1 0.579167 0.736343 0.065625 0.053241
1 0.583594 0.699769 0.065625 0.066204
1 0.585417 0.655556 0.062500 0.047222
1 0.581120 0.625231 0.048177 0.055093
1 0.598177 0.600926 0.059896 0.061111
1 0.602344 0.556019 0.058333 0.061111
1 0.608594 0.523843 0.056250 0.064352
1 0.613802 0.474306 0.059375 0.065278
1 0.616016 0.438889 0.048698 0.050000
1 0.617448 0.399769 0.056771 0.069907
1 0.621875 0.375694 0.050000 0.047685
1 0.628516 0.343981 0.054427 0.070370
1 0.632943 0.281944 0.045052 0.058333
1 0.637240 0.240046 0.048958 0.065278
1 0.642969 0.205556 0.049479 0.069444
1 0.652214 0.188426 0.042969 0.062037
0 0.655469 0.145370 0.044271 0.050000
1 0.652344 0.112731 0.047396 0.068056
1 0.655469 0.092130 0.046875 0.056481
1 0.663021 0.073148 0.041146 0.047222
1 0.661589 0.043981 0.043490 0.058333
1 0.664193 0.031713 0.046615 0.049537
1 0.668750 0.014120 0.044271 0.028241
0 0.256901 0.977546 0.065885 0.043981
1 0.286589 0.954167 0.079948 0.069444
1 0.379167 0.900231 0.066146 0.071759
1 0.401693 0.864120 0.035677 0.058796
0 0.425391 0.805093 0.055469 0.058333
1 0.407943 0.753704 0.046615 0.089815
1 0.421224 0.735880 0.044531 0.077315
1 0.418099 0.691667 0.044531 0.068519
1 0.427865 0.634954 0.061458 0.055093
1 0.441276 0.544444 0.054948 0.059259
1 0.469141 0.431944 0.054427 0.058333
1 0.465625 0.405556 0.038021 0.054630
1 0.488672 0.380556 0.055469 0.065741
1 0.482552 0.349769 0.050521 0.054167
1 0.491797 0.334954 0.052865 0.055093
0 0.504297 0.306019 0.045573 0.051852
0 0.506771 0.291204 0.041667 0.054630
1 0.514323 0.212731 0.040625 0.042130
1 0.514844 0.170602 0.043750 0.050463
1 0.519141 0.140278 0.047656 0.058333
1 0.530469 0.083565 0.038542 0.049537
1 0.539844 0.074769 0.037500 0.032870
1 0.547266 0.043519 0.029427 0.041667
1 0.549219 0.027315 0.034375 0.037037
1 0.559766 0.013194 0.039323 0.026389
1 0.366797 0.656481 0.024219 0.042593
1 0.348698 0.616667 0.051562 0.056481
1 0.364714 0.593056 0.063281 0.066667
0 0.325391 0.516667 0.029948 0.042593
1 0.374349 0.532407 0.051302 0.060185
0 0.397396 0.508333 0.036458 0.055556
0 0.421224 0.381019 0.035677 0.056481
0 0.392448 0.347917 0.044792 0.052315
0 0.424870 0.347454 0.045052 0.055093
1 0.426823 0.310880 0.040625 0.044907
1 0.481641 0.106944 0.028906 0.049074
0 0.490495 0.046759 0.041406 0.041667
1 0.493620 0.022454 0.035677 0.043981
1 0.028516 0.900694 0.054427 0.125463
1 0.102865 0.780093 0.054167 0.071296
1 0.100521 0.738194 0.038542 0.043056
1 0.126823 0.673843 0.031771 0.044907
1 0.138672 0.606019 0.044531 0.041667
1 0.162370 0.543056 0.048698 0.068519
1 0.171745 0.510880 0.044531 0.069907
1 0.212500 0.366667 0.022396 0.036111
1 0.214323 0.346991 0.025521 0.037500
1 0.229167 0.311343 0.046354 0.063426
1 0.223698 0.281019 0.040625 0.056481
1 0.241797 0.262731 0.029427 0.043056
1 0.347396 0.024306 0.033854 0.047685
1 0.314844 0.032870 0.028125 0.054630
0 0.307422 0.068056 0.044531 0.049074
0 0.283724 0.123843 0.026823 0.034722
1 0.281901 0.097917 0.031510 0.043056
