1 0.580779 0.876616 0.054426 0.053401
1 0.587151 0.811692 0.063038 0.048342
1 0.590768 0.773468 0.061316 0.057336
1 0.587496 0.738898 0.062349 0.050028
1 0.585601 0.698145 0.063383 0.047218
1 0.588357 0.665542 0.063383 0.058460
1 0.588185 0.626476 0.060282 0.042159
1 0.582673 0.600056 0.046504 0.048904
1 0.598174 0.576728 0.057527 0.053963
1 0.600241 0.536818 0.056149 0.053963
1 0.604891 0.507589 0.054426 0.057336
1 0.607992 0.463463 0.057182 0.057898
1 0.608508 0.431984 0.047193 0.044407
1 0.608508 0.397414 0.054771 0.061832
1 0.611609 0.375773 0.048570 0.042159
1 0.616604 0.347105 0.052360 0.062395
1 0.618326 0.292018 0.043403 0.052277
1 0.620737 0.254637 0.047537 0.058460
1 0.624699 0.223721 0.047882 0.061832
1 0.632966 0.207420 0.041681 0.055087
0 0.634172 0.168915 0.042714 0.044407
1 0.629866 0.140809 0.045815 0.060146
1 0.632105 0.122260 0.045470 0.050028
1 0.638477 0.104834 0.039614 0.042159
1 0.635894 0.079258 0.042025 0.051714
1 0.637961 0.068016 0.044781 0.043845
1 0.641750 0.051996 0.042714 0.025295
0 0.286600 0.948848 0.063383 0.039348
1 0.313986 0.924677 0.076817 0.061832
1 0.400448 0.866498 0.063727 0.063519
1 0.420599 0.831647 0.034447 0.052277
0 0.440923 0.777122 0.053738 0.052277
1 0.422150 0.734120 0.045126 0.079820
1 0.434206 0.716695 0.043059 0.068578
1 0.429383 0.678190 0.043059 0.061270
1 0.436445 0.627038 0.059249 0.048904
1 0.445401 0.545812 0.053049 0.052839
1 0.467447 0.443508 0.052360 0.051714
1 0.463142 0.420742 0.036858 0.048904
1 0.484154 0.396009 0.053393 0.057898
1 0.476920 0.369590 0.048570 0.047780
1 0.485360 0.355537 0.050982 0.048904
0 0.496039 0.328555 0.044092 0.046655
0 0.497933 0.315346 0.040303 0.048342
1 0.501895 0.245363 0.039270 0.037662
1 0.500517 0.207982 0.042025 0.044969
1 0.503445 0.181001 0.045815 0.051714
1 0.511884 0.129567 0.037203 0.044407
1 0.520496 0.120854 0.036514 0.029230
1 0.526524 0.092468 0.028591 0.037662
1 0.527558 0.077853 0.033414 0.033165
1 0.537031 0.064081 0.037892 0.023609
1 0.378574 0.653176 0.023424 0.038224
1 0.359628 0.620573 0.049604 0.050590
1 0.373924 0.597808 0.060971 0.059022
0 0.333104 0.535132 0.028936 0.038224
1 0.380813 0.543283 0.049259 0.053401
0 0.401826 0.519393 0.035481 0.049466
0 0.419566 0.404441 0.034447 0.050028
0 0.390630 0.378583 0.043403 0.046655
0 0.421633 0.374649 0.043403 0.048904
1 0.421977 0.342046 0.039270 0.039910
1 0.466070 0.156268 0.028247 0.043845
0 0.472098 0.102024 0.040303 0.037662
1 0.473992 0.080382 0.034447 0.039348
1 0.064416 0.908657 0.052360 0.110736
1 0.130727 0.793704 0.052015 0.062957
1 0.126765 0.757167 0.037203 0.038224
1 0.149328 0.697302 0.030658 0.039910
1 0.157940 0.636313 0.043059 0.037099
1 0.178092 0.577853 0.046848 0.060708
1 0.185842 0.548623 0.043059 0.061832
1 0.218911 0.416807 0.021702 0.032040
1 0.219773 0.399101 0.024802 0.033727
1 0.232518 0.365936 0.044781 0.056211
1 0.225973 0.340079 0.039270 0.050590
1 0.242680 0.321810 0.028591 0.038786
1 0.333965 0.099494 0.032725 0.042721
1 0.303135 0.110736 0.027558 0.048342
0 0.297451 0.142777 0.043059 0.043845
0 0.277127 0.194772 0.025835 0.030916
1 0.274371 0.172007 0.030658 0.038224
