1 0.560960 0.916109 0.055772 0.058528
1 0.571660 0.847826 0.064851 0.052397
1 0.577821 0.807414 0.062905 0.061873
1 0.576686 0.769509 0.063878 0.054069
1 0.577335 0.725753 0.065175 0.051282
1 0.582361 0.691193 0.064851 0.063545
1 0.584792 0.649108 0.061933 0.045151
1 0.580901 0.620123 0.047665 0.052954
1 0.598087 0.597826 0.059339 0.058528
1 0.603113 0.555184 0.057717 0.059086
1 0.609598 0.524805 0.055772 0.061873
1 0.615597 0.477982 0.058690 0.062988
1 0.618191 0.444259 0.048314 0.047938
1 0.620298 0.407191 0.056420 0.067447
1 0.625000 0.384615 0.049611 0.045708
1 0.631971 0.354794 0.053826 0.067447
1 0.637484 0.295708 0.044747 0.056299
1 0.642348 0.256132 0.048638 0.062988
1 0.648346 0.223523 0.048962 0.066890
1 0.657750 0.207637 0.042477 0.059643
0 0.661641 0.166945 0.043774 0.048495
1 0.659047 0.135730 0.047017 0.065217
1 0.662613 0.116221 0.046368 0.054069
1 0.670233 0.098662 0.040856 0.045708
1 0.669423 0.070792 0.043126 0.055741
1 0.672017 0.059086 0.046368 0.047938
1 0.676881 0.042642 0.043774 0.027313
0 0.256323 0.939799 0.065175 0.042363
1 0.285992 0.918896 0.079118 0.066332
1 0.377918 0.872074 0.065175 0.068562
1 0.400616 0.838629 0.035344 0.056299
0 0.424935 0.783724 0.054799 0.055741
1 0.408560 0.734114 0.046044 0.085842
1 0.421855 0.717670 0.044099 0.074136
1 0.419585 0.675585 0.044099 0.065775
1 0.429961 0.621795 0.060960 0.052954
1 0.444553 0.536232 0.054475 0.056856
1 0.473735 0.430602 0.053826 0.056299
1 0.470817 0.405240 0.037613 0.052397
1 0.493839 0.382664 0.055123 0.062988
1 0.488327 0.353122 0.049935 0.051839
1 0.497568 0.339744 0.052205 0.052954
0 0.510376 0.312430 0.045396 0.049610
0 0.513132 0.298495 0.041180 0.052954
1 0.521725 0.224359 0.040208 0.040691
1 0.522860 0.184225 0.043126 0.048495
1 0.527562 0.155518 0.047341 0.055741
1 0.539559 0.102007 0.038262 0.047938
1 0.549125 0.094203 0.037289 0.032330
1 0.556744 0.064660 0.029183 0.040134
1 0.559014 0.049610 0.034371 0.035674
1 0.569553 0.036789 0.039235 0.025641
1 0.369650 0.639353 0.023995 0.041249
1 0.352464 0.600613 0.051232 0.054069
1 0.368515 0.578874 0.062581 0.064103
0 0.331064 0.504459 0.029831 0.041249
1 0.378891 0.521739 0.050908 0.057971
0 0.402075 0.500000 0.036316 0.053512
0 0.427529 0.379877 0.035344 0.054069
0 0.399643 0.346990 0.044423 0.050725
0 0.431582 0.348105 0.044747 0.052954
1 0.434176 0.313545 0.040208 0.042921
1 0.491245 0.122074 0.028534 0.046823
0 0.500811 0.065217 0.041180 0.040134
1 0.504377 0.042363 0.035344 0.042363
1 0.032750 0.855909 0.053826 0.119844
1 0.107977 0.744426 0.053826 0.068562
1 0.106355 0.704571 0.038262 0.041249
1 0.133106 0.644370 0.031453 0.043478
1 0.145914 0.580546 0.044099 0.040691
1 0.170071 0.521739 0.048314 0.065775
1 0.179961 0.491639 0.044099 0.066890
1 0.222276 0.356466 0.022374 0.035117
1 0.224384 0.337514 0.025292 0.036232
1 0.239624 0.304627 0.046044 0.060758
1 0.234598 0.275362 0.040532 0.054627
1 0.252756 0.258919 0.029507 0.041806
1 0.360409 0.037068 0.033398 0.046265
1 0.328145 0.043478 0.027886 0.052397
0 0.320363 0.076644 0.044099 0.047380
0 0.296206 0.128763 0.026913 0.033445
1 0.294747 0.103958 0.031128 0.041806
