1 0.582270 0.899060 0.054956 0.056969
1 0.590121 0.831029 0.064115 0.051438
1 0.594537 0.790929 0.062480 0.060841
1 0.591757 0.754425 0.063461 0.053097
1 0.590612 0.711560 0.064442 0.050332
1 0.594210 0.676991 0.064442 0.061947
1 0.594864 0.636062 0.061171 0.044248
1 0.589957 0.608131 0.047432 0.051438
1 0.606150 0.584347 0.058881 0.056969
1 0.608930 0.542312 0.057246 0.056969
1 0.614491 0.511892 0.055283 0.060288
1 0.618253 0.465708 0.058227 0.060841
1 0.619562 0.432799 0.047759 0.047013
1 0.620052 0.396294 0.055937 0.065819
1 0.623814 0.373617 0.049068 0.044801
1 0.629539 0.343750 0.053320 0.065819
1 0.632483 0.285675 0.044161 0.054757
1 0.635754 0.246681 0.048086 0.060841
1 0.640334 0.214049 0.048741 0.065265
1 0.649002 0.197732 0.042525 0.058075
0 0.651129 0.157356 0.043507 0.047013
1 0.647367 0.127489 0.046451 0.063606
1 0.649820 0.107854 0.046124 0.053097
1 0.656853 0.089602 0.040563 0.044248
1 0.654727 0.062777 0.042852 0.054757
1 0.656853 0.051438 0.045797 0.046460
1 0.660942 0.034569 0.043507 0.027102
0 0.281812 0.958241 0.064442 0.041482
1 0.310272 0.934735 0.078181 0.065265
1 0.399411 0.878042 0.064769 0.066925
1 0.420510 0.842920 0.035002 0.055310
0 0.442264 0.786228 0.054302 0.054757
1 0.423945 0.740044 0.045797 0.084071
1 0.436539 0.722345 0.043507 0.071903
1 0.432450 0.681416 0.043834 0.064159
1 0.440628 0.628042 0.060190 0.051438
1 0.451587 0.543142 0.053974 0.055310
1 0.476120 0.436670 0.053320 0.054757
1 0.472031 0.412334 0.037291 0.051438
1 0.493948 0.387721 0.054302 0.061947
1 0.487242 0.359513 0.049395 0.050885
1 0.495911 0.345133 0.051685 0.051991
0 0.507524 0.317478 0.044815 0.048673
0 0.509486 0.303374 0.040890 0.051438
1 0.514884 0.230088 0.039908 0.039823
1 0.514557 0.190819 0.043180 0.047566
1 0.517991 0.162334 0.046778 0.054757
1 0.527641 0.108960 0.037946 0.046460
1 0.536637 0.100111 0.036964 0.030973
1 0.543180 0.070520 0.029114 0.039270
1 0.544652 0.055310 0.034020 0.035398
1 0.554629 0.041482 0.038927 0.025442
1 0.381583 0.652655 0.023880 0.039823
1 0.362938 0.616704 0.050703 0.053097
1 0.377985 0.593750 0.061825 0.062500
0 0.337749 0.525719 0.029768 0.040376
1 0.385999 0.536781 0.050376 0.056969
0 0.407916 0.512721 0.035983 0.051991
0 0.428034 0.392699 0.035002 0.053097
0 0.399248 0.364215 0.044161 0.049226
0 0.430815 0.361449 0.044488 0.051438
1 0.431796 0.327434 0.039908 0.042035
1 0.480536 0.134126 0.028786 0.045907
0 0.487733 0.077710 0.040563 0.039270
1 0.490186 0.055033 0.035002 0.041482
1 0.057082 0.903485 0.053320 0.116704
1 0.126758 0.786228 0.053320 0.066925
1 0.123651 0.747511 0.037946 0.040376
1 0.147694 0.685841 0.031076 0.042035
1 0.157671 0.621958 0.043834 0.039270
1 0.179261 0.561947 0.047759 0.064159
1 0.187766 0.531250 0.043834 0.065819
1 0.224076 0.394358 0.022244 0.034292
1 0.225221 0.376106 0.025188 0.035398
1 0.238960 0.341814 0.045469 0.059735
1 0.232908 0.314159 0.039908 0.053097
1 0.250082 0.295907 0.029114 0.040929
1 0.347399 0.067201 0.033366 0.044801
1 0.315833 0.077157 0.027805 0.051438
0 0.309454 0.110343 0.043834 0.045907
0 0.287700 0.163993 0.026497 0.032633
1 0.285411 0.139934 0.031076 0.040929
