1 0.434375 0.062731 0.056250 0.060648
1 0.424609 0.135185 0.065365 0.054630
1 0.419010 0.177778 0.063542 0.064815
1 0.420833 0.217593 0.064583 0.056481
1 0.420833 0.263657 0.065625 0.053241
1 0.416406 0.300231 0.065625 0.066204
1 0.414583 0.344444 0.062500 0.047222
1 0.418880 0.374769 0.048177 0.055093
1 0.401823 0.399074 0.059896 0.061111
1 0.397656 0.443981 0.058333 0.061111
1 0.391406 0.476157 0.056250 0.064352
1 0.386198 0.525694 0.059375 0.065278
1 0.383984 0.561111 0.048698 0.050000
1 0.382552 0.600231 0.056771 0.069907
1 0.378125 0.624306 0.050000 0.047685
1 0.371484 0.656019 0.054427 0.070370
1 0.367057 0.718056 0.045052 0.058333
1 0.362760 0.759954 0.048958 0.065278
1 0.357031 0.794444 0.049479 0.069444
1 0.347786 0.811574 0.042969 0.062037
0 0.344531 0.854630 0.044271 0.050000
1 0.347656 0.887269 0.047396 0.068056
1 0.344531 0.907870 0.046875 0.056481
1 0.336979 0.926852 0.041146 0.047222
1 0.338411 0.956019 0.043490 0.058333
1 0.335807 0.968287 0.046615 0.049537
1 0.331250 0.985880 0.044271 0.028241
0 0.743099 0.022454 0.065885 0.043981
1 0.713411 0.045833 0.079948 0.069444
1 0.620833 0.099769 0.066146 0.071759
1 0.598307 0.135880 0.035677 0.058796
0 0.574609 0.194907 0.055469 0.058333
1 0.592057 0.246296 0.046615 0.089815
1 0.578776 0.264120 0.044531 0.077315
1 0.581901 0.308333 0.044531 0.068519
1 0.572135 0.365046 0.061458 0.055093
1 0.558724 0.455556 0.054948 0.059259
1 0.530859 0.568056 0.054427 0.058333
1 0.534375 0.594444 0.038021 0.054630
1 0.511328 0.619444 0.055469 0.065741
1 0.517448 0.650231 0.050521 0.054167
1 0.508203 0.665046 0.052865 0.055093
0 0.495703 0.693981 0.045573 0.051852
0 0.493229 0.708796 0.041667 0.054630
1 0.485677 0.787269 0.040625 0.042130
1 0.485156 0.829398 0.043750 0.050463
1 0.480859 0.859722 0.047656 0.058333
1 0.469531 0.916435 0.038542 0.049537
1 0.460156 0.925231 0.037500 0.032870
1 0.452734 0.956481 0.029427 0.041667
1 0.450781 0.972685 0.034375 0.037037
1 0.440234 0.986806 0.039323 0.026389
1 0.633203 0.343519 0.024219 0.042593
1 0.651302 0.383333 0.051562 0.056481
1 0.635286 0.406944 0.063281 0.066667
0 0.674609 0.483333 0.029948 0.042593
1 0.625651 0.467593 0.051302 0.060185
0 0.602604 0.491667 0.036458 0.055556
0 0.578776 0.618981 0.035677 0.056481
0 0.607552 0.652083 0.044792 0.052315
0 0.575130 0.652546 0.045052 0.055093
1 0.573177 0.689120 0.040625 0.044907
1 0.518359 0.893056 0.028906 0.049074
0 0.509505 0.953241 0.041406 0.041667
1 0.506380 0.977546 0.035677 0.043981
1 0.971484 0.099306 0.054427 0.125463
1 0.897135 0.219907 0.054167 0.071296
1 0.899479 0.261806 0.038542 0.043056
1 0.873177 0.326157 0.031771 0.044907
1 0.861328 0.393981 0.044531 0.041667
1 0.837630 0.456944 0.048698 0.068519
1 0.828255 0.489120 0.044531 0.069907
1 0.787500 0.633333 0.022396 0.036111
1 0.785677 0.653009 0.025521 0.037500
1 0.770833 0.688657 0.046354 0.063426
1 0.776302 0.718981 0.040625 0.056481
1 0.758203 0.737269 0.029427 0.043056
1 0.652604 0.975694 0.033854 0.047685
1 0.685156 0.967130 0.028125 0.054630
0 0.692578 0.931944 0.044531 0.049074
0 0.716276 0.876157 0.026823 0.034722
1 0.718099 0.902083 0.031510 0.043056
