1 0.582082 0.872222 0.053851 0.053439
1 0.588120 0.807672 0.062663 0.048148
1 0.591547 0.770106 0.061031 0.056614
1 0.588120 0.735450 0.062010 0.049735
1 0.585999 0.695503 0.062990 0.047090
1 0.588610 0.662963 0.062990 0.058201
1 0.588446 0.624339 0.060052 0.041270
1 0.582898 0.598413 0.046345 0.048677
1 0.598074 0.575132 0.057768 0.053968
1 0.600033 0.535450 0.055809 0.053968
1 0.604602 0.506614 0.053851 0.056614
1 0.607376 0.462963 0.056789 0.057143
1 0.607866 0.431746 0.046671 0.044444
1 0.607539 0.397354 0.054504 0.061376
1 0.610640 0.375926 0.048303 0.041799
1 0.615535 0.347354 0.052219 0.061905
1 0.617004 0.292857 0.043407 0.051323
1 0.619289 0.255820 0.047324 0.057672
1 0.623205 0.225132 0.047324 0.060847
1 0.631364 0.208730 0.041449 0.054497
0 0.632507 0.171164 0.042428 0.043915
1 0.627937 0.143122 0.045692 0.059788
1 0.630059 0.124868 0.045366 0.049735
1 0.636423 0.107143 0.039817 0.041799
1 0.633812 0.081746 0.041775 0.051323
1 0.635607 0.070899 0.044713 0.043386
1 0.639197 0.055026 0.042755 0.025397
0 0.289164 0.947090 0.063316 0.039153
1 0.316416 0.923016 0.076697 0.060847
1 0.402415 0.864021 0.063316 0.063492
1 0.422161 0.829630 0.034269 0.051852
0 0.442232 0.775397 0.053525 0.051323
1 0.423303 0.732540 0.045039 0.078836
1 0.435215 0.715344 0.042755 0.067725
1 0.430320 0.677249 0.042755 0.060317
1 0.437010 0.626720 0.058747 0.048148
1 0.445822 0.546296 0.052872 0.052381
1 0.467363 0.444709 0.052219 0.051323
1 0.462794 0.421958 0.036554 0.048148
1 0.483681 0.397354 0.053525 0.058201
1 0.476338 0.371429 0.048629 0.047619
1 0.484661 0.357143 0.050914 0.048677
0 0.495268 0.330423 0.044060 0.046032
0 0.496899 0.317196 0.040144 0.048148
1 0.500653 0.247884 0.039164 0.037566
1 0.499184 0.211111 0.042102 0.044444
1 0.501958 0.184392 0.045692 0.051323
1 0.510281 0.133333 0.036880 0.043386
1 0.518766 0.124603 0.036227 0.029101
1 0.524641 0.096296 0.028394 0.037037
1 0.525783 0.082011 0.033290 0.032804
1 0.535248 0.068254 0.037859 0.023280
1 0.379569 0.653175 0.023499 0.037566
1 0.360640 0.621164 0.049608 0.049735
1 0.374837 0.598413 0.061031 0.058201
0 0.333877 0.536772 0.028721 0.037566
1 0.381364 0.544444 0.049282 0.052910
0 0.402252 0.520370 0.034922 0.049206
0 0.419223 0.406349 0.034269 0.049735
0 0.390339 0.381217 0.043081 0.046032
0 0.421181 0.376720 0.043407 0.048677
1 0.421508 0.344709 0.038838 0.039683
1 0.464752 0.159788 0.028068 0.043386
0 0.470463 0.106349 0.040144 0.037037
1 0.472422 0.084921 0.034269 0.038624
1 0.067559 0.909524 0.052219 0.110053
1 0.133159 0.794974 0.052219 0.062963
1 0.128916 0.758730 0.037206 0.038095
1 0.151110 0.699206 0.030679 0.039683
1 0.159432 0.638889 0.042755 0.036508
1 0.179341 0.580952 0.046671 0.060317
1 0.186847 0.551852 0.042755 0.061376
1 0.219321 0.420899 0.021540 0.032275
1 0.220300 0.403439 0.024804 0.033333
1 0.232866 0.370635 0.044713 0.055556
1 0.226175 0.344974 0.039164 0.049735
1 0.242657 0.326455 0.028394 0.038095
1 0.332898 0.105291 0.032637 0.042328
1 0.302056 0.117196 0.027089 0.048148
0 0.296508 0.148677 0.042755 0.043386
0 0.276436 0.200000 0.026110 0.030688
1 0.273662 0.177778 0.030352 0.038095
