1 0.569791 0.066803 0.056165 0.060093
1 0.580093 0.137690 0.065470 0.053676
1 0.585743 0.179113 0.063476 0.064177
1 0.584247 0.218203 0.064473 0.056009
1 0.584580 0.263711 0.065803 0.052509
1 0.589066 0.299592 0.065470 0.065928
1 0.591226 0.342765 0.062479 0.047258
1 0.587072 0.372812 0.048189 0.054842
1 0.604187 0.396149 0.059821 0.060677
1 0.608674 0.440490 0.058159 0.060677
1 0.614988 0.471704 0.056165 0.063594
1 0.620472 0.520128 0.059156 0.064761
1 0.622964 0.555134 0.048853 0.049592
1 0.624626 0.593349 0.056830 0.068845
1 0.629113 0.616978 0.049850 0.047258
1 0.635926 0.647900 0.054171 0.069428
1 0.640744 0.708576 0.045198 0.057760
1 0.645231 0.750000 0.048853 0.064761
1 0.651213 0.783547 0.049518 0.068845
1 0.660352 0.800175 0.043204 0.061260
0 0.663842 0.842182 0.044201 0.049592
1 0.660851 0.874562 0.047524 0.067678
1 0.664174 0.894399 0.046859 0.056009
1 0.671652 0.913069 0.041210 0.046674
1 0.670489 0.941949 0.043536 0.057760
1 0.673147 0.953909 0.046859 0.049008
1 0.677800 0.970828 0.044201 0.028005
0 0.262878 0.032964 0.065803 0.043757
1 0.292456 0.055426 0.079761 0.068845
1 0.384679 0.106476 0.066135 0.070595
1 0.407444 0.141774 0.035892 0.058343
0 0.431206 0.199242 0.055500 0.057760
1 0.414257 0.249708 0.046859 0.088681
1 0.427551 0.266919 0.044865 0.076429
1 0.424726 0.310385 0.044533 0.067678
1 0.434862 0.365811 0.061482 0.054842
1 0.448654 0.454784 0.055168 0.058926
1 0.476903 0.564469 0.054503 0.057760
1 0.473745 0.590723 0.038219 0.054259
1 0.496677 0.614644 0.055500 0.064761
1 0.490861 0.644691 0.050515 0.053676
1 0.500000 0.659277 0.052841 0.054842
0 0.512629 0.687281 0.045530 0.051342
0 0.515121 0.702159 0.041874 0.054259
1 0.523097 0.778880 0.040545 0.042007
1 0.523928 0.820303 0.043536 0.050175
1 0.528415 0.849767 0.047856 0.057760
1 0.540047 0.905484 0.038551 0.049008
1 0.549352 0.913652 0.037886 0.032672
1 0.556830 0.944282 0.029578 0.041424
1 0.558990 0.960035 0.034563 0.036756
1 0.569458 0.974037 0.039548 0.026254
1 0.373878 0.345974 0.024593 0.042007
1 0.356098 0.385648 0.051512 0.056009
1 0.372217 0.408110 0.063144 0.065928
0 0.333500 0.483956 0.030243 0.042590
1 0.382187 0.467620 0.051180 0.060093
0 0.405118 0.490957 0.036557 0.055426
0 0.429711 0.615519 0.035892 0.056009
0 0.401296 0.648483 0.044865 0.051925
0 0.433367 0.648191 0.045198 0.054842
1 0.435693 0.684072 0.040545 0.044924
1 0.491359 0.883314 0.028913 0.049008
0 0.500332 0.941949 0.041542 0.041424
1 0.503822 0.965869 0.035892 0.043757
1 0.036225 0.112602 0.054503 0.123687
1 0.110834 0.229580 0.054171 0.070595
1 0.108674 0.270712 0.038551 0.043174
1 0.135261 0.333431 0.031904 0.044924
1 0.147557 0.399942 0.044533 0.041424
1 0.171319 0.460910 0.048853 0.067678
1 0.180791 0.492415 0.044533 0.068845
1 0.222333 0.633314 0.022599 0.035589
1 0.224161 0.652567 0.025590 0.037923
1 0.239116 0.687281 0.046195 0.063011
1 0.233965 0.717036 0.040545 0.056009
1 0.252077 0.734831 0.029578 0.042590
1 0.358259 0.967036 0.033898 0.047258
1 0.325856 0.958868 0.028249 0.054259
0 0.318378 0.924737 0.044533 0.049008
0 0.294450 0.870187 0.027252 0.034422
1 0.292788 0.895858 0.031904 0.042590
