1 0.566934 0.931095 0.056225 0.060071
1 0.576807 0.859835 0.065261 0.054181
1 0.582664 0.817727 0.063588 0.064193
1 0.581158 0.778563 0.064592 0.056537
1 0.581325 0.733216 0.065596 0.053004
1 0.585843 0.697291 0.065930 0.065960
1 0.587851 0.653710 0.062584 0.047114
1 0.583668 0.623969 0.048193 0.054770
1 0.600904 0.600118 0.059906 0.061249
1 0.605087 0.555948 0.058233 0.061249
1 0.611446 0.524441 0.056225 0.064193
1 0.616968 0.475854 0.059237 0.064782
1 0.619311 0.440813 0.048527 0.050059
1 0.620817 0.402238 0.056894 0.069494
1 0.625502 0.378681 0.050201 0.047114
1 0.632195 0.347468 0.054217 0.069494
1 0.637048 0.286514 0.045181 0.058304
1 0.641399 0.245289 0.049197 0.065371
1 0.647256 0.211425 0.049531 0.069494
1 0.656459 0.194641 0.043173 0.061837
0 0.659973 0.152238 0.044177 0.050059
1 0.656961 0.120141 0.047523 0.067138
1 0.660308 0.099823 0.046854 0.055948
1 0.667838 0.081272 0.041165 0.047114
1 0.666499 0.052415 0.043842 0.057715
1 0.669177 0.040636 0.046519 0.049470
1 0.673862 0.023263 0.044511 0.028857
0 0.259538 0.966137 0.065930 0.044170
1 0.288989 0.943463 0.079987 0.069494
1 0.381526 0.891932 0.066265 0.071260
1 0.404116 0.856596 0.035810 0.058304
0 0.428046 0.798587 0.055556 0.057715
1 0.410810 0.747644 0.046519 0.088928
1 0.424029 0.730565 0.044846 0.077150
1 0.421185 0.686985 0.044511 0.067727
1 0.431058 0.631037 0.061580 0.054770
1 0.444946 0.542403 0.055221 0.058893
1 0.473226 0.431979 0.054217 0.058304
1 0.469880 0.405771 0.038153 0.054181
1 0.492972 0.381331 0.055556 0.065371
1 0.486948 0.351001 0.050870 0.054181
1 0.496319 0.336572 0.052878 0.054770
0 0.508869 0.308304 0.045850 0.051237
0 0.511212 0.293875 0.041834 0.054181
1 0.519076 0.216431 0.040830 0.041814
1 0.519913 0.175206 0.043842 0.050059
1 0.524264 0.145171 0.047858 0.058304
1 0.535810 0.089517 0.038822 0.049470
1 0.545181 0.081272 0.037483 0.032980
1 0.552711 0.050353 0.029786 0.041814
1 0.554719 0.034452 0.034471 0.037102
1 0.565261 0.020907 0.039491 0.026502
1 0.370315 0.651355 0.024431 0.042403
1 0.352410 0.611896 0.051539 0.056537
1 0.368641 0.588928 0.063253 0.065960
0 0.329652 0.512956 0.030120 0.042403
1 0.378347 0.529446 0.051205 0.060071
0 0.401439 0.505889 0.036479 0.055359
0 0.425870 0.381037 0.035810 0.056537
0 0.397256 0.348057 0.044846 0.051826
0 0.429552 0.347762 0.045181 0.054770
1 0.431727 0.312132 0.040830 0.044759
1 0.487115 0.111896 0.029116 0.049470
0 0.496319 0.052709 0.041499 0.041814
1 0.499498 0.028857 0.035810 0.043581
1 0.032631 0.887220 0.054552 0.124264
1 0.107095 0.769140 0.054217 0.070671
1 0.104920 0.728210 0.038487 0.042992
1 0.131359 0.664900 0.031794 0.044759
1 0.143574 0.598351 0.044846 0.041225
1 0.167336 0.536808 0.048862 0.067727
1 0.176874 0.505300 0.044511 0.069494
1 0.218206 0.363663 0.022758 0.035925
1 0.220047 0.344523 0.025770 0.037691
1 0.235107 0.309482 0.046519 0.063015
1 0.229585 0.279446 0.040830 0.055948
1 0.247825 0.261779 0.029786 0.042992
1 0.354083 0.028563 0.034137 0.047703
1 0.321620 0.036514 0.028112 0.054181
0 0.314090 0.070966 0.044511 0.048881
0 0.290161 0.125736 0.026774 0.034747
1 0.288487 0.099823 0.031459 0.042992
